ds,yhat,yhat_lower,yhat_upper,actual
2001-01-07 00:00:00,0.03548073167595569,-0.140781967236444,0.2155292864042967,0.0
2001-01-14 00:00:00,0.04533883241624482,-0.14154510204735665,0.22297915180365857,0.0
2001-01-21 00:00:00,0.05880647684938728,-0.10916266194303162,0.24231303279455713,0.0
2001-01-28 00:00:00,0.06613434894315404,-0.10999872856390605,0.24730025317894294,0.0
2001-02-04 00:00:00,0.062417470036048986,-0.11827291569875845,0.24862181662483365,0.0
2001-02-11 00:00:00,0.05133260228981659,-0.12810260596759143,0.23997655138487253,0.0
2001-02-18 00:00:00,0.043199390429900744,-0.14105982626563252,0.22629245190186628,0.0
2001-02-25 00:00:00,0.048241366008372095,-0.1298242770411738,0.2219215856990973,0.0
2001-03-04 00:00:00,0.06844007627413005,-0.11021613979665673,0.24837165577092724,0.0
2001-03-11 00:00:00,0.09373260856860681,-0.089540118612318,0.26577252330785406,0.0
2001-03-18 00:00:00,0.10763381778853881,-0.07594336289621104,0.2833848798407479,0.0
2001-03-25 00:00:00,0.10052974458384277,-0.08837325184947939,0.2722031797012947,0.0
2001-04-01 00:00:00,0.0798757539147059,-0.1001044143586454,0.2773759804420967,0.0
2001-04-08 00:00:00,0.0658410032146235,-0.13124559268052025,0.24693424205547534,0.0
2001-04-15 00:00:00,0.07338828252256793,-0.10662191622376974,0.25037557396592713,0.0
2001-04-22 00:00:00,0.09690622091573553,-0.08546742481470182,0.28034553254235356,0.0
2001-04-29 00:00:00,0.11395124109565297,-0.06532492397864886,0.2937424876526817,0.0
2001-05-06 00:00:00,0.10649914111201689,-0.08083946115000815,0.285584394164224,0.0
2001-05-13 00:00:00,0.07899814902204315,-0.1051510359299482,0.2572763615860993,0.0
2001-05-20 00:00:00,0.054197610042696256,-0.1324622835352921,0.2383398297699348,0.0
2001-05-27 00:00:00,0.05052894824636004,-0.1312387479723071,0.24389202345465993,0.4667803536739583
2001-06-03 00:00:00,0.06469024945850882,-0.11480603470180034,0.25769183079702296,0.5029555585358999
2001-06-10 00:00:00,0.07757426816256759,-0.10575600209181871,0.25126126685380423,0.537150665916789
2001-06-17 00:00:00,0.07618254622640992,-0.10822682476498613,0.2599121438924256,0.4931134218733525
2001-06-24 00:00:00,0.0670184172207234,-0.10500282237599687,0.24446741314326093,0.0
2001-07-01 00:00:00,0.06686527898178271,-0.10492160666976613,0.2569073161416816,0.0
2001-07-08 00:00:00,0.08263023465298325,-0.09825483574843563,0.26548158126947774,0.0
2001-07-15 00:00:00,0.103484224352769,-0.07295571144933155,0.28165895853787726,0.0
2001-07-22 00:00:00,0.11324929565000345,-0.06906378021743939,0.29792321838801405,0.2283872114743762
2001-07-29 00:00:00,0.10752183456017318,-0.07605561427368651,0.2916295063687866,0.2337971363538111
2001-08-05 00:00:00,0.09579181708436324,-0.07566029735149046,0.27346747856902537,0.2827870208592948
2001-08-12 00:00:00,0.08773222031595758,-0.10225948764390355,0.2747177479770727,0.2550286313125177
2001-08-19 00:00:00,0.0815432455290594,-0.09405279475226319,0.27622110095755326,0.0
2001-08-26 00:00:00,0.0686502053007713,-0.1247653245417456,0.25449151632886,0.0
2001-09-02 00:00:00,0.048402956838273066,-0.13696713630849253,0.23710848250456096,0.0
2001-09-09 00:00:00,0.03402345521819062,-0.1561904180693195,0.2137728700738348,0.0
2001-09-16 00:00:00,0.0414868648474219,-0.1312456643560055,0.2212528933387783,0.0
2001-09-23 00:00:00,0.07328006001512302,-0.11450936374386697,0.26432828131863184,0.0
2001-09-30 00:00:00,0.11495651247073421,-0.07308822734425213,0.302347697359001,0.0
2001-10-07 00:00:00,0.14777088309314448,-0.036281008376026366,0.33633760334056556,0.0
2001-10-14 00:00:00,0.1633049671922084,-0.027038494295955978,0.3366081468245077,0.2277558473343712
2001-10-21 00:00:00,0.1656348006946457,-0.017991064533789236,0.3508198078636803,0.2429191071264403
2001-10-28 00:00:00,0.1618858239595028,-0.020176539297980495,0.3346889897662879,0.2842882645649764
2001-11-04 00:00:00,0.15398166527647855,-0.031497152290342556,0.35183037447501786,0.245036780974212
2001-11-11 00:00:00,0.14008353098075296,-0.05445332267047162,0.3114079793663017,0.2609317462556869
2001-11-18 00:00:00,0.12108453423908797,-0.06980961894309279,0.2964595954112964,0.2831135694541474
2001-11-25 00:00:00,0.10227148600969113,-0.09836231237683407,0.2908289250424875,0.2551438352173698
2001-12-02 00:00:00,0.08802128299463319,-0.08810986537716303,0.2814370309656999,0.2008108490727957
2001-12-09 00:00:00,0.07697083502108656,-0.1062196697915582,0.24980886394117036,0.0
2001-12-16 00:00:00,0.06435316908304253,-0.11147467943120873,0.24626705714402167,0.0
2001-12-23 00:00:00,0.0488913386050078,-0.14255992467408612,0.2369820984520526,0.0
2001-12-30 00:00:00,0.035877505691148844,-0.14969380690820275,0.2115345136532476,0.0
2002-01-06 00:00:00,0.0325799617831107,-0.14580771639742268,0.21409572594345128,0.2325111572087929
2002-01-13 00:00:00,0.04083497498649181,-0.1407883584239658,0.22260805358544053,0.2270238261222358
2002-01-20 00:00:00,0.05440591696060981,-0.12498328878568693,0.23667714480843038,0.2969967249403357
2002-01-27 00:00:00,0.06340880677583247,-0.12220175825991267,0.2394457912323761,0.2434682917286355
2002-02-03 00:00:00,0.0616495500589344,-0.12619091970537447,0.25388676947026845,0.2380849289498033
2002-02-10 00:00:00,0.05124800762995251,-0.13325586494659541,0.23844003579927475,0.251528892868275
2002-02-17 00:00:00,0.041723235637967204,-0.13746780406116402,0.23501926629238268,0.2561115362290523
2002-02-24 00:00:00,0.04393722446029827,-0.13807692106932098,0.2378685730733844,0.2542746419528693
2002-03-03 00:00:00,0.061832962900680355,-0.1238189389242165,0.24391418987843305,0.2515673027298156
2002-03-10 00:00:00,0.08739016805286938,-0.09443636725383917,0.27098246232263073,0.2402881931365188
2002-03-17 00:00:00,0.10441825278134961,-0.0795324112881399,0.2893674637336745,0.2599669964483612
2002-03-24 00:00:00,0.10105518604283867,-0.07299496871099523,0.2939463117776336,0.2481775076853042
2002-03-31 00:00:00,0.08152112313919416,-0.08724935324033878,0.2725999283118046,0.0
2002-04-07 00:00:00,0.06478389033798952,-0.12332816213595307,0.2466176059742151,0.0
2002-04-14 00:00:00,0.06821033069579784,-0.11705761761750996,0.2613246513677903,0.0
2002-04-21 00:00:00,0.09025625938159647,-0.09721188668632294,0.2826838741933242,0.0
2002-04-28 00:00:00,0.11023104422341126,-0.06386722987334206,0.2859364176888182,0.0
2002-05-05 00:00:00,0.10757147356191496,-0.08149050079792539,0.2762196658282432,0.0
2002-05-12 00:00:00,0.08226745787787516,-0.09986208388030188,0.26464143844245386,0.0
2002-05-19 00:00:00,0.05517715295218041,-0.13252283448840219,0.2443558452979969,0.0
2002-05-26 00:00:00,0.04727997718041608,-0.14103060117715588,0.24271729052684532,0.0
2002-06-02 00:00:00,0.05945895954970498,-0.12780284820997911,0.23709342832300093,0.0
2002-06-09 00:00:00,0.07399197700941151,-0.10167802837355802,0.25830697599854846,0.0
2002-06-16 00:00:00,0.07524236303835205,-0.1094586595903699,0.26221982860337734,0.0
2002-06-23 00:00:00,0.06626452112793861,-0.11043285714705509,0.2428252279729664,0.0
2002-06-30 00:00:00,0.06348441372006595,-0.12666116662703872,0.24037421843939366,0.0
2002-07-07 00:00:00,0.07675518861511363,-0.1040572611951606,0.2584105225869837,0.0
2002-07-14 00:00:00,0.0979953380388805,-0.09995966990873834,0.27781535646723843,0.0
2002-07-21 00:00:00,0.11055004503617083,-0.07218287613602734,0.28563325090253444,0.0
2002-07-28 00:00:00,0.10716901629510484,-0.07316368567294698,0.28615640653863933,0.0
2002-08-04 00:00:00,0.09558363542435772,-0.10028909865710983,0.2694907878858618,0.0
2002-08-11 00:00:00,0.08662737311994127,-0.09970382373721579,0.2681986458311296,0.0
2002-08-18 00:00:00,0.08072193995560582,-0.09436658233532755,0.259275036361701,0.0
2002-08-25 00:00:00,0.0694778566359924,-0.0981413909889075,0.25649252625272645,0.0
2002-09-01 00:00:00,0.049915523867861425,-0.1346402360587177,0.2366014908897166,0.0
2002-09-08 00:00:00,0.03315706427729927,-0.14562521855758057,0.21551542831891185,0.0
2002-09-15 00:00:00,0.035995263268968576,-0.15548493448381975,0.2214487832411588,0.0
2002-09-22 00:00:00,0.06411249851664713,-0.12541892191795573,0.2483706300046718,0.0
2002-09-29 00:00:00,0.1055069290386303,-0.08385082376816963,0.2832858707466551,0.0
2002-10-06 00:00:00,0.14093886218976995,-0.037628500849983426,0.3189659209790507,0.0
2002-10-13 00:00:00,0.15953387570274005,-0.027438355786350233,0.3562762893689177,0.0
2002-10-20 00:00:00,0.16363393859359793,-0.0105345529030869,0.3598419350887622,0.0
2002-10-27 00:00:00,0.16063990820158308,-0.015464086773874827,0.3491515420193134,0.0
2002-11-03 00:00:00,0.15358948534469608,-0.030198067589551528,0.3304749244407398,0.0
2002-11-10 00:00:00,0.14084507293249918,-0.0392754350771798,0.32133972442150127,0.0
2002-11-17 00:00:00,0.12245364572712489,-0.05465260836210903,0.3058824826246261,0.0
2002-11-24 00:00:00,0.10316751755158951,-0.0748611132156986,0.27935370006818805,0.0
2002-12-01 00:00:00,0.0880209328084819,-0.09116854995284965,0.28245638119522826,0.0
2002-12-08 00:00:00,0.07673642786919388,-0.1049271593150462,0.25998398356707464,0.0
2002-12-15 00:00:00,0.06467647802157495,-0.1255102679145772,0.2458388355781665,0.0
2002-12-22 00:00:00,0.049503594116888754,-0.13425374626342962,0.21681566932387092,0.0
2002-12-29 00:00:00,0.03547262405694369,-0.15333886370925737,0.2145435680310083,0.0
2003-01-05 00:00:00,0.030071170500313035,-0.16147189938447518,0.21131672784767208,0.0
2003-01-12 00:00:00,0.036511061932118394,-0.1537337208144693,0.21758253587144066,0.0
2003-01-19 00:00:00,0.04984906670881125,-0.13865162669790285,0.23920215121966154,0.0
2003-01-26 00:00:00,0.060316623701956715,-0.12415806205246066,0.23901478493047065,0.0
2003-02-02 00:00:00,0.06058513958995845,-0.12470791728357647,0.24167512667888655,0.0
2003-02-09 00:00:00,0.05118700198190136,-0.1321421497073159,0.23463985825568398,0.0
2003-02-16 00:00:00,0.04064022826359741,-0.13842751334433817,0.22748474876065866,0.0
2003-02-23 00:00:00,0.040167247968339356,-0.1399006853654894,0.22377268952676224,0.0
2003-03-02 00:00:00,0.05549476322389082,-0.12976737163178548,0.2306714486704548,0.0
2003-03-09 00:00:00,0.0807646139040385,-0.1132293654766515,0.25275195210575585,0.0
2003-03-16 00:00:00,0.10050597832306324,-0.07038015042546841,0.2928459339433235,0.0
2003-03-23 00:00:00,0.10102083117305875,-0.07730494778431021,0.2905316149430104,0.0
2003-03-30 00:00:00,0.08325914367054157,-0.11316153762294603,0.26465489912124507,0.0
2003-04-06 00:00:00,0.06442522743280087,-0.12499933450232345,0.23801717428573166,0.0
2003-04-13 00:00:00,0.06368342274233796,-0.11501200300401304,0.24441455384834462,0.0
2003-04-20 00:00:00,0.08354054649354432,-0.10285408974411583,0.2743542544921458,0.0
2003-04-27 00:00:00,0.10572800642495718,-0.061578561343621996,0.2986298675686836,0.2715224917023697
2003-05-04 00:00:00,0.10785932847391833,-0.07975647122828777,0.30366938894478057,0.266411061967852
2003-05-11 00:00:00,0.08547968523476514,-0.09693399734344219,0.2761050112890868,0.2378803775447061
2003-05-18 00:00:00,0.056829418841795765,-0.1152538238216006,0.24649733355853148,0.2241860687850722
2003-05-25 00:00:00,0.04472700495076618,-0.13182729926935877,0.22405276262770035,0.0
2003-06-01 00:00:00,0.05429559936616728,-0.13587229138833276,0.23547823909259705,0.0
2003-06-08 00:00:00,0.06992885478400332,-0.11477286733794947,0.24510530624536084,0.0
2003-06-15 00:00:00,0.07393555880480766,-0.10612571318762065,0.25619783414301217,0.0
2003-06-22 00:00:00,0.06572886040605262,-0.11125932652253812,0.26147179559985,0.0
2003-06-29 00:00:00,0.06067024008118132,-0.12636222489258342,0.24030093815973874,0.0
2003-07-06 00:00:00,0.07115985540716857,-0.1009542432048971,0.2632017628272726,0.0
2003-07-13 00:00:00,0.09219995414252259,-0.08432795115015729,0.27210992756452396,0.0
2003-07-20 00:00:00,0.10729670621216927,-0.07548184946878977,0.29412712486479786,0.0
2003-07-27 00:00:00,0.10654599042563162,-0.07519888919040735,0.28336873089467135,0.0
2003-08-03 00:00:00,0.09549256491061547,-0.08700082476542001,0.2881241911027585,0.0
2003-08-10 00:00:00,0.08564785516159393,-0.08890673466918356,0.2725648854402569,0.0
2003-08-17 00:00:00,0.07971412993144564,-0.11153105161667673,0.25598433888657113,0.0
2003-08-24 00:00:00,0.06999673446958696,-0.12091200592611631,0.24602791811104924,0.0
2003-08-31 00:00:00,0.05149940114855203,-0.12457434153319799,0.23144450206777148,0.0
2003-09-07 00:00:00,0.03294844722973973,-0.15355774702386407,0.2177970960667517,0.0
2003-09-14 00:00:00,0.03136232448710927,-0.1457731437609358,0.22691327312509715,0.0
2003-09-21 00:00:00,0.055388943325508505,-0.10781840774044829,0.2397268414756688,0.0
2003-09-28 00:00:00,0.09584106856192705,-0.09054081520148966,0.2916122339368223,0.0
2003-10-05 00:00:00,0.13353056342370234,-0.04906396433138627,0.3192189951278113,0.0
2003-10-12 00:00:00,0.15528725694441603,-0.02340226901047711,0.33384030926225094,0.2290528037692482
2003-10-19 00:00:00,0.1614220956160719,-0.023646320973306198,0.3467612494137753,0.2595595440043399
2003-10-26 00:00:00,0.15927945189414788,-0.036268164433485725,0.33535064619971167,0.2466152942597967
2003-11-02 00:00:00,0.153009823757489,-0.040112993475315745,0.33611055267174517,0.264772357966615
2003-11-09 00:00:00,0.14141116849098787,-0.03377054121508746,0.3189265051285325,0.2432032418357635
2003-11-16 00:00:00,0.12379301410961079,-0.07285115127824704,0.2940184610731773,0.2490668857289178
2003-11-23 00:00:00,0.1042120522910613,-0.07525551604734568,0.28847731685787675,0.2488282627677456
2003-11-30 00:00:00,0.08815739554896532,-0.09996445533359796,0.2694554739333189,0.258901609667573
2003-12-07 00:00:00,0.07647036095454356,-0.1073665143996711,0.2599217142625251,0.2561587740820887
2003-12-14 00:00:00,0.06488034495397216,-0.11126866250256279,0.24038728184267585,0.2319815405127644
2003-12-21 00:00:00,0.050142254288924853,-0.12805655639821567,0.24808994541458848,0.2752565802386357
2003-12-28 00:00:00,0.035355458078086814,-0.15380152540859,0.2059214102235226,0.2366031051665109
2004-01-04 00:00:00,0.027963862952871947,-0.1563773498384683,0.21182190944383333,0.0
2004-01-11 00:00:00,0.032420998581055044,-0.16790502387137746,0.20377458712150143,0.0
2004-01-18 00:00:00,0.045193596574700345,-0.1338045194170665,0.2232507708176168,0.0
2004-01-25 00:00:00,0.05687698900302081,-0.13039946699597113,0.23601813722288742,0.0
2004-02-01 00:00:00,0.05918997459754173,-0.12778725632483512,0.2439932882094097,0.0
2004-02-08 00:00:00,0.05108126363332182,-0.1406795720178844,0.23303886343783742,0.0
2004-02-15 00:00:00,0.0398931991884358,-0.14365696515041773,0.20928193768829137,0.0
2004-02-22 00:00:00,0.03693390439539914,-0.14478430393181402,0.23486527377211808,0.0
2004-02-29 00:00:00,0.04950214545121194,-0.13530109674389953,0.2333211938120703,0.0
2004-03-07 00:00:00,0.07395909034872467,-0.10066356576109342,0.24990081273617445,0.0
2004-03-14 00:00:00,0.09593860276204946,-0.09126846755025333,0.27795809159436324,0.0
2004-03-21 00:00:00,0.10035535800205404,-0.08069487232345537,0.27214320107895384,0.0
2004-03-28 00:00:00,0.08495591885957571,-0.10790916333220552,0.2713231303153206,0.2261973191841634
2004-04-04 00:00:00,0.06469207052267506,-0.1248300636244416,0.2504041270886961,0.2542123797785276
2004-04-11 00:00:00,0.05987535074833428,-0.11007359674245046,0.25041683722222546,0.2436776374501973
2004-04-18 00:00:00,0.0769120967943141,-0.11233744983369368,0.2505667708707291,0.2759126635871116
2004-04-25 00:00:00,0.10053227119351404,-0.0843603034675493,0.2799175049914263,0.2351526298816549
2004-05-02 00:00:00,0.10729775176303284,-0.06138946542712101,0.29747214715509795,0.2233678990632347
2004-05-09 00:00:00,0.08847842894482869,-0.09040954813709873,0.2705687974885578,0.2599483631557727
2004-05-16 00:00:00,0.05906284980132365,-0.11463219645253894,0.23612195328183383,0.2815311078993376
2004-05-23 00:00:00,0.04292738784509706,-0.1458018003302207,0.24000551745238388,0.0
2004-05-30 00:00:00,0.04933115386004239,-0.14497485312071487,0.23271281541777794,0.0
2004-06-06 00:00:00,0.06544244338773848,-0.11603722637013589,0.23052089093127887,0.0
2004-06-13 00:00:00,0.07219087912309632,-0.10484358975102814,0.2601724117168895,0.0
2004-06-20 00:00:00,0.06530317481003994,-0.11587975296992825,0.23849586336770823,0.0
2004-06-27 00:00:00,0.0584052049417203,-0.12591760661450505,0.255544024130491,0.0
2004-07-04 00:00:00,0.06593557672072632,-0.12660614949169507,0.24719962425059347,0.0
2004-07-11 00:00:00,0.08619408636385391,-0.0926226845495958,0.25864277810375824,0.0
2004-07-18 00:00:00,0.10349049870500959,-0.0878754945853096,0.28551774578815414,0.0
2004-07-25 00:00:00,0.10557691581371946,-0.07858484051131237,0.282065824899566,0.0
2004-08-01 00:00:00,0.09546837848602134,-0.08725592851836766,0.27447204905760014,0.0
2004-08-08 00:00:00,0.08482605871855894,-0.09782128040737431,0.2644759128366386,0.0
2004-08-15 00:00:00,0.07857784328993955,-0.10469741293388365,0.2578634899113853,0.0
2004-08-22 00:00:00,0.07019336928032953,-0.11086202660858582,0.24541468364094746,0.0
2004-08-29 00:00:00,0.053055504747417576,-0.14333557793518795,0.22868626005866854,0.0
2004-09-05 00:00:00,0.033305372799970596,-0.14611419800124212,0.21485503739517978,0.0
2004-09-12 00:00:00,0.027599213960350387,-0.1518451771960972,0.20328445638657966,0.0
2004-09-19 00:00:00,0.0472181750755742,-0.13059067144812656,0.2387013031969807,0.0
2004-09-26 00:00:00,0.08606790614524125,-0.09906378657439874,0.2770547890450719,0.0
2004-10-03 00:00:00,0.12557371903448605,-0.06117154293037744,0.31368872302656636,0.0
2004-10-10 00:00:00,0.15052302435359707,-0.026994068875955707,0.33693746647020284,0.4200204094604693
2004-10-17 00:00:00,0.15895811407398436,-0.016603486799995015,0.344822107668943,0.5709533358145578
2004-10-24 00:00:00,0.1578045521735277,-0.026843529531511784,0.3586797882819144,0.5029126647580584
2004-10-31 00:00:00,0.1522580689533213,-0.03514409515582306,0.33147702861689254,0.5061135899669142
2004-11-07 00:00:00,0.14176976779817999,-0.042631092156550254,0.3280206161086958,0.2460671573836829
2004-11-14 00:00:00,0.12506492262402458,-0.05642491520117965,0.3049587043278596,0.2352947661497853
2004-11-21 00:00:00,0.1053834312075579,-0.0716448542300098,0.29655557508148567,0.2680564230652301
2004-11-28 00:00:00,0.08844911391965415,-0.10693134545033145,0.28241294133549866,0.2505816534013015
2004-12-05 00:00:00,0.07620439101330131,-0.10981632859975937,0.2583780589727296,0.0
2004-12-12 00:00:00,0.06496441658650431,-0.10138402054477422,0.255094367031071,0.0
2004-12-19 00:00:00,0.05076598722568831,-0.13166805741493812,0.23976361500464874,0.0
2004-12-26 00:00:00,0.03548281438726995,-0.15314515632612075,0.2206071790779673,0.0
2005-01-02 00:00:00,0.02625782502612329,-0.14483899017544558,0.21068046901848497,0.0
2005-01-09 00:00:00,0.028613065554467527,-0.17759282078658606,0.19566255672939606,0.0
2005-01-16 00:00:00,0.04050005321942006,-0.12584795506304694,0.221943814907938,0.0
2005-01-23 00:00:00,0.05311805563946133,-0.1449924040055454,0.22252283790158175,0.0
2005-01-30 00:00:00,0.05743885788354071,-0.11850995894199551,0.2376371122355699,0.0
2005-02-06 00:00:00,0.050865776930606885,-0.12604470091032102,0.2294200167346799,0.0
2005-02-13 00:00:00,0.03941909957670441,-0.15299632386292553,0.22413918347926545,0.0
2005-02-20 00:00:00,0.0342264293697899,-0.1532890778700158,0.22967206167154636,0.0
2005-02-27 00:00:00,0.043920136216875565,-0.1315218747140472,0.22562285720575273,0.0
2005-03-06 00:00:00,0.0670780992637221,-0.12069854830429952,0.25376069883310326,0.0
2005-03-13 00:00:00,0.09077473270220245,-0.08857253974600596,0.2758389333892819,0.0
2005-03-20 00:00:00,0.09900715276974857,-0.08415052582938565,0.2774154191115753,0.0
2005-03-27 00:00:00,0.08648053692703639,-0.09692296640120868,0.26336790409123173,0.0
2005-04-03 00:00:00,0.06549173677434764,-0.10990607745065384,0.2528542836704294,0.0
2005-04-10 00:00:00,0.05682860173189187,-0.12472376643463362,0.2433910983767355,0.0
2005-04-17 00:00:00,0.07051857425066774,-0.10737321436610361,0.25201963648047976,0.0
2005-04-24 00:00:00,0.09475564639123951,-0.08672982217509687,0.2792491622987417,0.5013838481907149
2005-05-01 00:00:00,0.10584948948053119,-0.07400669609025137,0.2852494369815331,0.4145265066044066
2005-05-08 00:00:00,0.09111279800112938,-0.0963557396633195,0.2731513915145734,0.5521778498170271
2005-05-15 00:00:00,0.061763990066421526,-0.10722946400453037,0.24487487031740968,0.5319117953878514
2005-05-22 00:00:00,0.04191299974289527,-0.133543859076387,0.2201093153788743,0.0
2005-05-29 00:00:00,0.04469440810077114,-0.13529730765917303,0.2299004551544002,0.0
2005-06-05 00:00:00,0.060611862182812455,-0.13464435294409793,0.24865345999131794,0.0
2005-06-12 00:00:00,0.06995690387935329,-0.11213599748946862,0.25100542065396897,0.0
2005-06-19 00:00:00,0.0648752202480492,-0.11857244416554291,0.25532433414121103,0.0
2005-06-26 00:00:00,0.056649852635946726,-0.13120923866364131,0.23963827999394471,0.0
2005-07-03 00:00:00,0.061159529552969286,-0.10965520290289316,0.25157050612774734,0.0
2005-07-10 00:00:00,0.08008241825797668,-0.10919369571399815,0.26671935349812437,0.0
2005-07-17 00:00:00,0.09915216819442166,-0.07841663290681783,0.29606934059879497,0.0
2005-07-24 00:00:00,0.10419307705753098,-0.07728312834962639,0.2712091590276441,0.0
2005-07-31 00:00:00,0.09544909994217314,-0.07217722774689223,0.2834639612636279,0.0
2005-08-07 00:00:00,0.0841807282068275,-0.08909638569141937,0.2650125655670392,0.0
2005-08-14 00:00:00,0.07737428236459032,-0.09754636504664546,0.2542904617333179,0.2477214203272793
2005-08-21 00:00:00,0.07007166111982156,-0.117096821650986,0.25169494377731105,0.249816330460902
2005-08-28 00:00:00,0.05449550015884495,-0.12058341208665477,0.22983156769666377,0.2270392634609109
2005-09-04 00:00:00,0.034125605429687775,-0.15676638613960492,0.2148022671056352,0.2754229857509076
2005-09-11 00:00:00,0.024695424925781355,-0.16841719966090357,0.21946009210013662,0.0
2005-09-18 00:00:00,0.0396971976872775,-0.14340398136492355,0.2277904627518234,0.0
2005-09-25 00:00:00,0.07630436629938095,-0.1027865348206563,0.2600318380450646,0.0
2005-10-02 00:00:00,0.11711261123343805,-0.06131015335266882,0.3023256152825191,0.0
2005-10-09 00:00:00,0.14520690710186618,-0.03801324764145614,0.31989904245144996,0.246078698051189
2005-10-16 00:00:00,0.15619581684453876,-0.02035542013982948,0.3404650042873474,0.2798883019684833
2005-10-23 00:00:00,0.15620820130136348,-0.02913347312037387,0.34842032206911144,0.2407450627516929
2005-10-30 00:00:00,0.15135054980548002,-0.03143631936073284,0.3254642379762298,0.2332879372286346
2005-11-06 00:00:00,0.14191528860691904,-0.043376812685030325,0.3359427446949524,0.4672542948049801
2005-11-13 00:00:00,0.12623369203781068,-0.06655126166291733,0.29402302287934234,0.5392319168941999
2005-11-20 00:00:00,0.10665406834842657,-0.07043992899939666,0.2971394095569816,0.4710531975973632
2005-11-27 00:00:00,0.08890794203539897,-0.10804161754523767,0.27831687178156483,0.5224605907034564
2005-12-04 00:00:00,0.0759714938579982,-0.10853627551191075,0.2444048825225066,0.2561108226470706
2005-12-11 00:00:00,0.06493630568406296,-0.1229527900735505,0.24836182928386571,0.2405266454472995
2005-12-18 00:00:00,0.051338954046950616,-0.14104252051754035,0.2529642328339933,0.2381841460323781
2005-12-25 00:00:00,0.03580796060451126,-0.13272216803639555,0.21432679905715377,0.2651783858732517
2006-01-01 00:00:00,0.024943306015823598,-0.16484714835339892,0.19645109864279492,0.0
2006-01-08 00:00:00,0.025128666370730912,-0.16296673467823586,0.21807473162259708,0.0
2006-01-15 00:00:00,0.03583034980705905,-0.14176856292243056,0.22231165388220092,0.0
2006-01-22 00:00:00,0.04907625187180597,-0.13856065447637933,0.23625973574468762,0.0
2006-01-29 00:00:00,0.05531611200904553,-0.12975730821793113,0.24167049702765522,0.0
2006-02-05 00:00:00,0.05048021611478523,-0.12529847933713126,0.22104237348103986,0.0
2006-02-12 00:00:00,0.03915070505202484,-0.15698427657813024,0.23176018116427358,0.0
2006-02-19 00:00:00,0.032021681322503444,-0.14154980219436777,0.2180352235387721,0.0
2006-02-26 00:00:00,0.03880094646705176,-0.15019646329044967,0.21811296700862617,0.0
2006-03-05 00:00:00,0.060224579025919954,-0.11723512044886816,0.25426341129237884,0.0
2006-03-12 00:00:00,0.08508769648254669,-0.08978299882755567,0.26718036381824717,0.0
2006-03-19 00:00:00,0.09694531146189948,-0.08629917318091693,0.26904621136296736,0.0
2006-03-26 00:00:00,0.08770913657228568,-0.10792226015898168,0.2706789770875934,0.0
2006-04-02 00:00:00,0.06671522304293381,-0.11355554803978313,0.2616152997433667,0.0
2006-04-09 00:00:00,0.05455936511273654,-0.12077756153331742,0.2375882568119943,0.0
2006-04-16 00:00:00,0.06449738278232098,-0.12533136613290205,0.2535952247823269,0.0
2006-04-23 00:00:00,0.08852762954165055,-0.08276198360060313,0.27489720993304223,0.27970125420326
2006-04-30 00:00:00,0.10350621631722481,-0.07690128888489967,0.28332481106817126,0.266517231903613
2006-05-07 00:00:00,0.09324271342902503,-0.08136818426591164,0.2770438020261693,0.2353421909045081
2006-05-14 00:00:00,0.06480127423316093,-0.1230714432525189,0.24762450662630917,0.2184393229886188
2006-05-21 00:00:00,0.04168851539596598,-0.1484557469726921,0.2255681692074077,0.0
2006-05-28 00:00:00,0.040506778567588234,-0.1403558714056236,0.23421544028951166,0.0
2006-06-04 00:00:00,0.05553497642271199,-0.12533808697229532,0.23693301990930474,0.0
2006-06-11 00:00:00,0.06720454223346689,-0.11557730923710419,0.2476993297826599,0.0
2006-06-18 00:00:00,0.06433350428067822,-0.11285303957232082,0.25135460780335805,0.0
2006-06-25 00:00:00,0.05534435714092898,-0.1333122490019268,0.2310984512422101,0.0
2006-07-02 00:00:00,0.0568915467898383,-0.12193857315639967,0.2392280611084603,0.0
2006-07-09 00:00:00,0.07397436168500858,-0.10784227859178783,0.24640778346105277,0.0
2006-07-16 00:00:00,0.09432183260841212,-0.08474008606924588,0.28545171930411617,0.0
2006-07-23 00:00:00,0.1023363419885607,-0.08468593074813174,0.2736970219500775,0.0
2006-07-30 00:00:00,0.0953636454019654,-0.08424047191599313,0.2785800597340903,0.0
2006-08-06 00:00:00,0.08371558730201877,-0.11034759699416272,0.26129520761050584,0.0
2006-08-13 00:00:00,0.07616425879209526,-0.11949799798348607,0.2673385483627335,0.0
2006-08-20 00:00:00,0.06965162378706079,-0.1218585132226965,0.24904077518830595,0.0
2006-08-27 00:00:00,0.055744571842551646,-0.1288230244713042,0.24669913979905755,0.0
2006-09-03 00:00:00,0.035300638238581844,-0.13831467737277603,0.2188707739078935,0.0
2006-09-10 00:00:00,0.022619325720416972,-0.15994246523702185,0.2125243075523912,0.0
2006-09-17 00:00:00,0.032908147483546424,-0.15545046481391928,0.215006680633792,0.0
2006-09-24 00:00:00,0.06667209976650489,-0.12049397487648034,0.25435132444097264,0.0
2006-10-01 00:00:00,0.10820793955200647,-0.07056675724973988,0.28932628814967076,0.0
2006-10-08 00:00:00,0.13931485394214244,-0.03802161302645159,0.31844639934047886,0.8634215468982923
2006-10-15 00:00:00,0.15308579342066914,-0.028559763657523468,0.347725522853483,0.7565206456322592
2006-10-22 00:00:00,0.1544756623696702,-0.03379449398090034,0.3230228509169428,0.6443424168553473
2006-10-29 00:00:00,0.1503028880762461,-0.0360523092330961,0.3325537758057782,0.7357153906141011
2006-11-05 00:00:00,0.14184833248512554,-0.04128544164751165,0.3275024869234192,0.2371885801181815
2006-11-12 00:00:00,0.12726706932349652,-0.04322076962642221,0.31244865646000697,0.258754006744515
2006-11-19 00:00:00,0.10799158505740351,-0.08093221650600008,0.2929976018733502,0.258027247069267
2006-11-26 00:00:00,0.08953849408504415,-0.1055659641352964,0.25965302852065314,0.2460301660680362
2006-12-03 00:00:00,0.07580420767497834,-0.1062036193358665,0.26900271745973975,0.0
2006-12-10 00:00:00,0.06481094813547048,-0.10523546327115518,0.2522124844096542,0.0
2006-12-17 00:00:00,0.051831957413173674,-0.1233428250786116,0.24547318086805228,0.0
2006-12-24 00:00:00,0.036282299512292705,-0.1354272660852245,0.21854260863430774,0.0
2006-12-31 00:00:00,0.024001498833951723,-0.15991489264328587,0.2105115740341521,0.0
2007-01-07 00:00:00,0.022001258545433708,-0.15841409877072082,0.2012564968303659,0.0
2007-01-14 00:00:00,0.03124619989256921,-0.15710568519712484,0.20836566687748861,0.0
2007-01-21 00:00:00,0.04479539636689202,-0.14421125474445926,0.22134993189403201,0.0
2007-01-28 00:00:00,0.05281582869609397,-0.13160887974430482,0.22643207684819666,0.0
2007-02-04 00:00:00,0.04987018914968534,-0.1268523709231383,0.23688323222473426,0.0
2007-02-11 00:00:00,0.03901832796337703,-0.14461543591957235,0.23308143111685356,0.0
2007-02-18 00:00:00,0.030285246563905445,-0.15851860855391411,0.20420207055335599,0.0
2007-02-25 00:00:00,0.0341831966744917,-0.14561788761847783,0.22459656458602625,0.0
2007-03-04 00:00:00,0.053497167481423746,-0.1296055951281869,0.2436294440031222,0.0
2007-03-11 00:00:00,0.07896291969810719,-0.10845593645829865,0.25677638611710407,0.0
2007-03-18 00:00:00,0.09415995328203694,-0.08626785027733963,0.2860780671531509,0.0
2007-03-25 00:00:00,0.08852861686126463,-0.10304247875677311,0.27150064139170127,0.0
2007-04-01 00:00:00,0.06824107606817545,-0.10808912773921456,0.2530119589357418,0.0
2007-04-08 00:00:00,0.05305744460363538,-0.12784136703541946,0.23163701092904102,0.0
2007-04-15 00:00:00,0.05897117562102706,-0.11993373704037485,0.23560498857780135,0.0
2007-04-22 00:00:00,0.08199084616185151,-0.10554650037038524,0.2676646515992439,0.2626823937828339
2007-04-29 00:00:00,0.10028872600380834,-0.0829424428930775,0.2816890606087846,0.2644498901253427
2007-05-06 00:00:00,0.09474381932209261,-0.09591628041744532,0.2787300805859867,0.2449747521379247
2007-05-13 00:00:00,0.06802950450113297,-0.13330349625028,0.25550619042956646,0.2278929639538985
2007-05-20 00:00:00,0.04223070340031015,-0.1503013172457385,0.23300734408235693,0.0
2007-05-27 00:00:00,0.03687735393183949,-0.1418080141510655,0.22328887755005836,0.0
2007-06-03 00:00:00,0.050324756849265226,-0.14209133435869337,0.24244293955844676,0.0
2007-06-10 00:00:00,0.06392862828655912,-0.11993218475164164,0.2401150233357052,0.0
2007-06-17 00:00:00,0.06357203128499742,-0.1225571302528233,0.24719104171663261,0.0
2007-06-24 00:00:00,0.05441090113230568,-0.12594585803064773,0.24588198140956222,0.0
2007-07-01 00:00:00,0.05317159820530587,-0.11452401105909249,0.24722000776437564,0.0
2007-07-08 00:00:00,0.06797983292291816,-0.12592194164744597,0.25367026089855316,0.0
2007-07-15 00:00:00,0.08905797994358047,-0.096789965835648,0.2734986475079346,0.0
2007-07-22 00:00:00,0.09996222110933557,-0.08685380110032456,0.2961499325446515,0.0
2007-07-29 00:00:00,0.09513494599660619,-0.08727895624565349,0.2828948225137916,0.0
2007-08-05 00:00:00,0.08341868523801778,-0.09110896972559857,0.26215916601885014,0.0
2007-08-12 00:00:00,0.07500468004342695,-0.11844067983310891,0.2535120281485421,0.0
2007-08-19 00:00:00,0.0689674340869079,-0.11958904922889324,0.24317862444378363,0.0
2007-08-26 00:00:00,0.05674356687074866,-0.13290695047803153,0.22602315192138575,0.0
2007-09-02 00:00:00,0.036719586274748056,-0.14211540820571372,0.22879166441521456,0.0
2007-09-09 00:00:00,0.021319437480378463,-0.16997317960143943,0.1969342838723743,0.0
2007-09-16 00:00:00,0.026915652551373452,-0.14888588258072993,0.21116841296602973,0.0
2007-09-23 00:00:00,0.057293958140161,-0.12077267865396887,0.2543683438275979,0.0
2007-09-30 00:00:00,0.09893604066842103,-0.09639653827780068,0.30162244803642013,0.0
2007-10-07 00:00:00,0.1328351769534139,-0.05774861471366263,0.30917382761432094,0.0
2007-10-14 00:00:00,0.14957750285374496,-0.037045659162938796,0.34989137566631257,0.0
2007-10-21 00:00:00,0.1525842448729117,-0.03721096749776319,0.3282572132719542,0.0
2007-10-28 00:00:00,0.14912832874038257,-0.03211875155355956,0.32758246032874994,0.0
2007-11-04 00:00:00,0.14157504086460254,-0.031954520925195934,0.32247284441340696,0.4604641157474962
2007-11-11 00:00:00,0.12813741220863653,-0.05622506724400797,0.3007155759986983,0.5385371929820261
2007-11-18 00:00:00,0.10936014534135742,-0.06677302589454781,0.3010296475662601,0.5331893404911591
2007-11-25 00:00:00,0.09033781772296805,-0.08999884773297426,0.25193017532848155,0.4678093507793186
2007-12-02 00:00:00,0.07573300392374319,-0.10463710037916304,0.25493539563050915,0.2680020526914711
2007-12-09 00:00:00,0.0646096545889603,-0.10711115305060093,0.2544549430200842,0.2544854983769414
2007-12-16 00:00:00,0.05222331030579577,-0.13809912917957384,0.23083779927352224,0.2324974967477068
2007-12-23 00:00:00,0.036857088629986205,-0.15850509827940415,0.2059159016303907,0.2450149521838806
2007-12-30 00:00:00,0.023405307899029573,-0.1635349324324895,0.21808729432641846,0.0
2008-01-06 00:00:00,0.019255507495738296,-0.14880250312432214,0.19341305988296698,0.0
2008-01-13 00:00:00,0.02680753691492898,-0.16597082664047105,0.21339638773109137,0.0
2008-01-20 00:00:00,0.04032563288086921,-0.1431368313751744,0.22460045142584428,0.0
2008-01-27 00:00:00,0.049941912313712304,-0.13488281909234598,0.23790314919162203,0.0
2008-02-03 00:00:00,0.04898832881582491,-0.13256209450083287,0.23769244864046998,0.0
2008-02-10 00:00:00,0.03895150641058409,-0.14601012254431978,0.22992698872630848,0.0
2008-02-17 00:00:00,0.028972753602819153,-0.14572129939227754,0.20220261201628448,0.0
2008-02-24 00:00:00,0.03009153969772571,-0.1346130198329244,0.20585496545082888,0.0
2008-03-02 00:00:00,0.04698772370273657,-0.14218023327914378,0.2284804755956708,0.0
2008-03-09 00:00:00,0.07249505716356099,-0.1185367205499071,0.24574647044422937,0.0
2008-03-16 00:00:00,0.09066187011181073,-0.08937436019925876,0.27367869272912926,0.0
2008-03-23 00:00:00,0.08883988609782766,-0.09963159507634609,0.2644611958645925,0.239264615142826
2008-03-30 00:00:00,0.06993957626606381,-0.11906241599909109,0.2473618334622426,0.2609622260399649
2008-04-06 00:00:00,0.05228706496555186,-0.1425035962465231,0.23380818550446278,0.2661503564955678
2008-04-13 00:00:00,0.05404394385431132,-0.1399270187331375,0.23862699859847322,0.2336228023216412
2008-04-20 00:00:00,0.07529608184580337,-0.10705003178790654,0.2668042916468736,0.0
2008-04-27 00:00:00,0.09624609533447331,-0.08937564717301846,0.2797781945281481,0.0
2008-05-04 00:00:00,0.09551183573922015,-0.09082621320881698,0.2836283801720936,0.0
2008-05-11 00:00:00,0.07129486325741041,-0.11966921198670427,0.2610875436023096,0.0
2008-05-18 00:00:00,0.04348877676327994,-0.13804939468499053,0.22050491567616065,0.0
2008-05-25 00:00:00,0.03389835838901154,-0.15738415008023263,0.22432201285091316,0.0
2008-06-01 00:00:00,0.04510498599794886,-0.13826592751683758,0.23176449851062367,0.0
2008-06-08 00:00:00,0.060148561266910594,-0.10984500066363276,0.24525645141992364,0.0
2008-06-15 00:00:00,0.06249488099459711,-0.10707774615987578,0.24316388977104256,0.0
2008-06-22 00:00:00,0.05375683305507456,-0.13953897767607681,0.23801458978729634,0.0
2008-06-29 00:00:00,0.05001806715658932,-0.1442118158366918,0.23432431926133152,0.0
2008-07-06 00:00:00,0.06220494341394801,-0.10219628122602087,0.24431887900691346,0.0
2008-07-13 00:00:00,0.08343566965985612,-0.08898130890651607,0.25653905694728274,0.2691499508614424
2008-07-20 00:00:00,0.09704240974043532,-0.08959324598489052,0.2861322020788,0.2625478259777034
2008-07-27 00:00:00,0.09468343979373903,-0.10305001089945323,0.28208613615707223,0.2049679783845062
2008-08-03 00:00:00,0.08326252097430491,-0.09982285276082539,0.27097026933043644,0.263334244776348
2008-08-10 00:00:00,0.07394527176223074,-0.09686844496106278,0.25398617778050503,0.0
2008-08-17 00:00:00,0.0680649032833095,-0.12827886516951895,0.24293411107420632,0.0
2008-08-24 00:00:00,0.05745045736259805,-0.13953602158584688,0.24112686784780168,0.0
2008-08-31 00:00:00,0.038273114673996175,-0.1465412027737016,0.20938127530424183,0.0
2008-09-07 00:00:00,0.020726427425847467,-0.16569446904595914,0.19815194497511318,0.0
2008-09-14 00:00:00,0.021764779836024317,-0.16088696880177022,0.21926777903405667,0.0
2008-09-21 00:00:00,0.04829032208121528,-0.13137989252783816,0.23281413337123888,0.0
2008-09-28 00:00:00,0.08938749157843826,-0.10251749260003815,0.26771835862049653,0.0
2008-10-05 00:00:00,0.12577035377965334,-0.061209879379339166,0.3096334042890977,0.2817820429041004
2008-10-12 00:00:00,0.14562163685996815,-0.05223465496308602,0.31507879497379765,0.2313742157458612
2008-10-19 00:00:00,0.15050353581729103,-0.034176204582997305,0.3251460504226116,0.2116430544859102
2008-10-26 00:00:00,0.147836158215859,-0.03556619313110734,0.32772937312916756,0.275200686864128
2008-11-02 00:00:00,0.14110613867979319,-0.041105281638232946,0.3265251994959307,0.0
2008-11-09 00:00:00,0.12882262714743972,-0.06034499909608068,0.31290094636150356,0.0
2008-11-16 00:00:00,0.11072194459915237,-0.08561028525580214,0.29484944545307934,0.0
2008-11-23 00:00:00,0.091295421342357,-0.1034757101501364,0.26679992711304923,0.0
2008-11-30 00:00:00,0.07578477121557485,-0.10952174175596138,0.2491494666397634,0.2831041598645926
2008-12-07 00:00:00,0.06435890967190912,-0.11447664589905768,0.2578186333814037,0.2409126504876845
2008-12-14 00:00:00,0.0524994023963849,-0.13240803405699855,0.2426054474512174,0.2763925252024944
2008-12-21 00:00:00,0.03748515308562544,-0.16116641723553113,0.21413783477394358,0.1995906644452285
2008-12-28 00:00:00,0.023120393249235142,-0.15353099391120126,0.20829360393636862,0.0
2009-01-04 00:00:00,0.016906704936126338,-0.1755793457442576,0.19001695402478389,0.0
2009-01-11 00:00:00,0.02257097119635968,-0.1626273000621349,0.20650958073222786,0.0
2009-01-18 00:00:00,0.035722211321115235,-0.14348201743738737,0.22010320909480602,0.0
2009-01-25 00:00:00,0.04670792196676765,-0.15054332892265285,0.22271688807765724,0.0
2009-02-01 00:00:00,0.04779522411069176,-0.11870684739550422,0.2258851502377728,0.0
2009-02-08 00:00:00,0.0388806448639782,-0.14402808434348133,0.22716122654954143,0.0
2009-02-15 00:00:00,0.02803135622930049,-0.1625866221970181,0.21216255610287743,0.0
2009-02-22 00:00:00,0.02653666857150385,-0.16314180319850366,0.219914452711723,0.0
2009-03-01 00:00:00,0.04077916908757141,-0.1601803278003164,0.23036079687853733,0.0
2009-03-08 00:00:00,0.06578498647220071,-0.11104278640762744,0.24923926779437158,0.0
2009-03-15 00:00:00,0.08648155572593491,-0.09862831904493005,0.2697459151269985,0.0
2009-03-22 00:00:00,0.088560561142125,-0.08885683773734868,0.27107255978342315,0.0
2009-03-29 00:00:00,0.07167708532551702,-0.12067605010029797,0.25105674002425926,0.0
2009-04-05 00:00:00,0.05218852541505374,-0.13844469632811376,0.22173935982502835,0.0
2009-04-12 00:00:00,0.04979781162049966,-0.1215572545044235,0.22947974960863982,0.0
2009-04-19 00:00:00,0.0685970905501114,-0.09699680252470172,0.24717701086751806,0.0
2009-04-26 00:00:00,0.09145385927171061,-0.09651152949659059,0.270210166875239,0.0
2009-05-03 00:00:00,0.09546619302398074,-0.09067028990845905,0.2723149770844201,0.0
2009-05-10 00:00:00,0.07444027111931585,-0.10743246833563871,0.24927030005702672,0.0
2009-05-17 00:00:00,0.045385790165664956,-0.14669063832034743,0.2208901681978425,0.0
2009-05-24 00:00:00,0.03164121522825645,-0.1442344819845533,0.22505948416898297,0.0
2009-05-31 00:00:00,0.04000547252452452,-0.14559453640804618,0.2264113197722405,0.0
2009-06-07 00:00:00,0.05590794953630337,-0.12041874168609432,0.2416753655269541,0.0
2009-06-14 00:00:00,0.06102042485649877,-0.12258553154386814,0.24289992826773693,0.0
2009-06-21 00:00:00,0.05327847417638445,-0.14047882838410325,0.24189319071761506,0.0
2009-06-28 00:00:00,0.047426898782002784,-0.13470227212483715,0.23381709372136014,0.0
2009-07-05 00:00:00,0.0567477792736879,-0.11085496191589495,0.2538669739296358,0.0
2009-07-12 00:00:00,0.07754399431693224,-0.10129592283704703,0.2565650995204375,0.0
2009-07-19 00:00:00,0.09356668327105967,-0.09161969486028723,0.271647062247642,0.0
2009-07-26 00:00:00,0.09393077056730317,-0.10051743666315202,0.2853427484017229,0.0
2009-08-02 00:00:00,0.08320493531412836,-0.09174305344412584,0.2682309150408487,0.0
2009-08-09 00:00:00,0.07302567425363936,-0.11541172219527801,0.252483849964162,0.0
2009-08-16 00:00:00,0.06699847561633986,-0.1167250195998919,0.24391936117637514,0.0
2009-08-23 00:00:00,0.05784105562294345,-0.12418961940563009,0.2439641041485595,0.0
2009-08-30 00:00:00,0.0398572328053583,-0.13953134001858544,0.2320521481260284,0.0
2009-09-06 00:00:00,0.020755729785711566,-0.1643903481864098,0.20381353088072046,0.0
2009-09-13 00:00:00,0.017479643462091354,-0.1618367127621379,0.19317261263628066,0.0
2009-09-20 00:00:00,0.03977540773069116,-0.1534095758371997,0.2294707277592727,0.0
2009-09-27 00:00:00,0.0796651143264863,-0.10376548434773786,0.27129433667495106,0.0
2009-10-04 00:00:00,0.11813838074780278,-0.07138610420278474,0.29703668760092194,0.0
2009-10-11 00:00:00,0.141172635684571,-0.038329741608877865,0.32403498920326,0.0
2009-10-18 00:00:00,0.14819608771617715,-0.021478097370983343,0.33681041622630237,0.0
2009-10-25 00:00:00,0.1464302870397265,-0.03109043461512169,0.3297233052378816,0.0
2009-11-01 00:00:00,0.14045569924170442,-0.05661656569582518,0.32445289212255046,0.0
2009-11-08 00:00:00,0.12930680713558007,-0.046742241644260274,0.31818296829571435,0.0
2009-11-15 00:00:00,0.11203878157161004,-0.060536302355036986,0.3019560150659415,0.0
2009-11-22 00:00:00,0.0923936614440657,-0.08896779337938365,0.28363708099853957,0.0
2009-11-29 00:00:00,0.07598149431650655,-0.1187733046240764,0.267992046116207,0.0
2009-12-06 00:00:00,0.06408899245792621,-0.11925428105813032,0.2468312394757874,0.0
2009-12-13 00:00:00,0.05265497023036146,-0.1339022970365181,0.22034624786780957,0.0
2009-12-20 00:00:00,0.03812256304872387,-0.14473163682239318,0.22750928795323874,0.0
2009-12-27 00:00:00,0.02310650031873665,-0.159614548551567,0.2009215200572092,0.0
2010-01-03 00:00:00,0.01496052491360804,-0.16849466262097468,0.1878028165289644,0.0
2010-01-10 00:00:00,0.018588384192079185,-0.18612528524686728,0.19515295179900288,0.0
2010-01-17 00:00:00,0.03104420063886333,-0.14508604019006882,0.215045235795321,0.0
2010-01-24 00:00:00,0.04313678033425974,-0.1390830066023671,0.22272172533219298,0.0
2010-01-31 00:00:00,0.04626025528654346,-0.13667016357168443,0.24025272943785123,0.0
2010-02-07 00:00:00,0.0387386607279741,-0.14803744847218583,0.2217048473919608,0.0
2010-02-14 00:00:00,0.02740142817662848,-0.15032003098902727,0.21552124059713046,0.0
2010-02-21 00:00:00,0.023515776802017115,-0.18227500815319753,0.20882505672680418,0.0
2010-02-28 00:00:00,0.03494379107396555,-0.14767350858762188,0.21665849856121097,0.0
2010-03-07 00:00:00,0.05893686967192503,-0.12612248132785345,0.2365904963099509,0.0
2010-03-14 00:00:00,0.08166778658891347,-0.08725764912142467,0.2581479189692595,0.0
2010-03-21 00:00:00,0.08762716705191112,-0.10125534749828324,0.2709091896921435,0.0
2010-03-28 00:00:00,0.07332052939689555,-0.12055477335795653,0.26648393739349513,0.0
2010-04-04 00:00:00,0.05268075140583549,-0.1399126492829939,0.23502859924552633,0.0
2010-04-11 00:00:00,0.04629077254901354,-0.1375335737425807,0.21766971670940308,0.0
2010-04-18 00:00:00,0.06204550872629695,-0.10701295490928331,0.2469164121177583,0.0
2010-04-25 00:00:00,0.08601141923669925,-0.09281309501914617,0.27576297220721024,0.0
2010-05-02 00:00:00,0.09455297002901819,-0.09510286506649845,0.275739020227992,0.0
2010-05-09 00:00:00,0.07731104921362482,-0.10399637635388057,0.25873232683124764,0.0
2010-05-16 00:00:00,0.0478212003671071,-0.13345921414605483,0.23047302543093937,0.0
2010-05-23 00:00:00,0.03015354019937616,-0.15281256422172326,0.20623940351363063,0.0
2010-05-30 00:00:00,0.035157137255292466,-0.14606163985364906,0.22285614594138364,0.0
2010-06-06 00:00:00,0.05127344614321562,-0.11885178441214547,0.23104571185691522,0.0
2010-06-13 00:00:00,0.05908519262719012,-0.12500838650522272,0.23596708225336707,0.0
2010-06-20 00:00:00,0.05286562066844421,-0.13357079990871945,0.24010716099926405,0.0
2010-06-27 00:00:00,0.045371867671940506,-0.12970178259951645,0.22586514859108212,0.0
2010-07-04 00:00:00,0.05169465656061703,-0.1382221818840986,0.23931858083440924,0.0
2010-07-11 00:00:00,0.07148311187097507,-0.11082927669574844,0.24572834198605278,0.0
2010-07-18 00:00:00,0.08954427034660473,-0.09805430822979785,0.27662033854490364,0.0
2010-07-25 00:00:00,0.09280375442663324,-0.09783375899102073,0.2695634736512308,0.0
2010-08-01 00:00:00,0.08319096754686542,-0.1111906475890595,0.2564434005063596,0.0
2010-08-08 00:00:00,0.07227491439963883,-0.10943910794638043,0.25275085344634085,0.2103179070839092
2010-08-15 00:00:00,0.06583139668514387,-0.11430162590835008,0.2537045115658849,0.2424045765347553
2010-08-22 00:00:00,0.057914105030509894,-0.1148008880836622,0.22422358307606688,0.2828341049896962
2010-08-29 00:00:00,0.04138358832535747,-0.13497974300725632,0.21182737004587854,0.2644434113916392
2010-09-05 00:00:00,0.02131911828440996,-0.16546595768261305,0.19898938044691686,0.0
2010-09-12 00:00:00,0.014072798422191723,-0.17736969154512378,0.1934998316493723,0.0
2010-09-19 00:00:00,0.03186539408262906,-0.1470768175501973,0.22468363173258296,0.0
2010-09-26 00:00:00,0.06989477865525347,-0.11699568688276177,0.24193609257843718,0.0
2010-10-03 00:00:00,0.10998857546387347,-0.06708861354213039,0.2850765507810308,0.0
2010-10-10 00:00:00,0.13620786684867645,-0.047272130717241706,0.3104823157415998,0.0
2010-10-17 00:00:00,0.14563681007733315,-0.02612108130443097,0.32992844721559467,0.0
2010-10-24 00:00:00,0.14492797309365546,-0.03600087856745908,0.33974750383136293,0.0
2010-10-31 00:00:00,0.13966122189228403,-0.051921169535985634,0.31894661631277904,0.2495968614938642
2010-11-07 00:00:00,0.12960366087984898,-0.05555222910093233,0.30586360406860424,0.2635307763716071
2010-11-14 00:00:00,0.11329835784963233,-0.06735846446448865,0.2963819171460016,0.2705667468357737
2010-11-21 00:00:00,0.09363478671524697,-0.09434446068629729,0.2663987398573789,0.216305615298755
2010-11-28 00:00:00,0.07636709680425315,-0.09627184780395492,0.2512090144734933,0.2409089243164145
2010-12-05 00:00:00,0.06386198233037119,-0.1260953286704797,0.2314184157815892,0.251574593011096
2010-12-12 00:00:00,0.05272415978442573,-0.12563802411286665,0.2416623933688502,0.2358107483723871
2010-12-19 00:00:00,0.03876290553344678,-0.1398348719198413,0.2148479791291842,0.2717057343001022
2010-12-26 00:00:00,0.02335331947528655,-0.15100209930056088,0.20160687226086077,0.0
2011-01-02 00:00:00,0.01344901395055538,-0.170068591856116,0.20030398711736686,0.0
2011-01-09 00:00:00,0.0149431797145098,-0.16682606087484056,0.195700603867321,0.0
2011-01-16 00:00:00,0.026392231540406624,-0.16130665702170993,0.2264145323402661,0.0
2011-01-23 00:00:00,0.03930101577113404,-0.13709795268385924,0.23282379890338,0.0
2011-01-30 00:00:00,0.044404580513339655,-0.1380859554149454,0.23024933280651913,0.0
2011-02-06 00:00:00,0.038506465405210584,-0.13521449124499818,0.2200514653450494,0.0
2011-02-13 00:00:00,0.027063873602710724,-0.1509421523029973,0.2001033715140298,0.0
2011-02-20 00:00:00,0.021060479827153623,-0.16262271834053332,0.20282554257117535,0.278900511414221
2011-02-27 00:00:00,0.029590676119414093,-0.1505884965071063,0.2146396410212465,0.2469345569183418
2011-03-06 00:00:00,0.05210561202482859,-0.13359281163883796,0.22812936184003277,0.2438352201075579
2011-03-13 00:00:00,0.07633765898521679,-0.11157557586687783,0.24756210528579176,0.2303297115598792
2011-03-20 00:00:00,0.08605021790791123,-0.09264883145381628,0.27105944782487845,0.0
2011-03-27 00:00:00,0.07479689103935873,-0.11039895467403521,0.25677910805909043,0.0
2011-04-03 00:00:00,0.05372125751049318,-0.13453464058695883,0.23861852842062,0.0
2011-04-10 00:00:00,0.043613646619804644,-0.13637026463257929,0.22901209644003437,0.0
2011-04-17 00:00:00,0.055845868571832435,-0.12774659578978015,0.2493227305377728,0.0
2011-04-24 00:00:00,0.08010019472853835,-0.09943600223156432,0.2679181462198348,0.0
2011-05-01 00:00:00,0.09281390850373245,-0.09519843887463461,0.27154209096747894,0.0
2011-05-08 00:00:00,0.07983301844361769,-0.09542607335983569,0.26613840686047174,0.0
2011-05-15 00:00:00,0.05075230840541609,-0.1275126895204649,0.2383567525703435,0.0
2011-05-22 00:00:00,0.02954046715307477,-0.1487983607389157,0.21096554328081638,0.0
2011-05-29 00:00:00,0.03077591147589768,-0.14069021123602501,0.21492751448096165,0.0
2011-06-05 00:00:00,0.046427028875947136,-0.13509121030383459,0.23683870360634923,0.0
2011-06-12 00:00:00,0.056746908672303496,-0.11990039880860101,0.23675852911541598,0.0
2011-06-19 00:00:00,0.052511711471503825,-0.13141415326385564,0.23132289950466636,0.0
2011-06-26 00:00:00,0.043916584360114266,-0.12903533272976359,0.23555180845184304,0.0
2011-07-03 00:00:00,0.047233100926900376,-0.12989861023844754,0.2239688933616327,0.0
2011-07-10 00:00:00,0.06548252029157164,-0.12262407036000997,0.2510225208512762,0.0
2011-07-17 00:00:00,0.08513165389090709,-0.08481736795852926,0.2631196605141178,0.0
2011-07-24 00:00:00,0.09137092703280941,-0.10073668319081841,0.2794719588927539,0.0
2011-07-31 00:00:00,0.0832935570875954,-0.09522802692572377,0.268116730424631,0.0
2011-08-07 00:00:00,0.07184535529187448,-0.11306230360075928,0.26360654706441633,0.0
2011-08-14 00:00:00,0.06476523837633119,-0.11989826566722511,0.2410791137253322,0.0
2011-08-21 00:00:00,0.057820835685116936,-0.13763407317129536,0.2345209412063554,0.0
2011-08-28 00:00:00,0.042910244012548476,-0.14120470585085956,0.2449613589899396,0.0
2011-09-04 00:00:00,0.02245327361672298,-0.1570075830640426,0.19492078102530683,0.0
2011-09-11 00:00:00,0.01166766180299117,-0.1750577106100436,0.20725309887753415,0.0
2011-09-18 00:00:00,0.024794763298928872,-0.17638661597760502,0.20268924186260995,0.0
2011-09-25 00:00:00,0.06033937882382176,-0.1180593094952232,0.24544511252534099,0.0
2011-10-02 00:00:00,0.10151610776477447,-0.07940380641898284,0.2818440643905052,0.0
2011-10-09 00:00:00,0.13084173559820092,-0.05679539024794797,0.3048914663349688,0.0
2011-10-16 00:00:00,0.14292345926113698,-0.0451768548030467,0.3326849986570535,0.0
2011-10-23 00:00:00,0.14346522687044316,-0.03760393325175028,0.3272252207743735,0.0
2011-10-30 00:00:00,0.13888560588362217,-0.054870385378841396,0.31482628655894335,0.0
2011-11-06 00:00:00,0.12985740137036245,-0.04565802251428627,0.31185541966642005,0.0
2011-11-13 00:00:00,0.11461408981610179,-0.06634535071094791,0.318563349818221,0.0
2011-11-20 00:00:00,0.09513764198920935,-0.09186500034208542,0.29205014517753347,0.0
2011-11-27 00:00:00,0.07709970862434957,-0.10921890122472352,0.2565439723549343,0.0
2011-12-04 00:00:00,0.06386060503771004,-0.12412405419378034,0.2548042301785478,0.0
2011-12-11 00:00:00,0.05286794895475623,-0.1304049356468893,0.2349258929987807,0.0
2011-12-18 00:00:00,0.039523830895215536,-0.13272476116523382,0.2245293566400629,0.0
2011-12-25 00:00:00,0.02396473806889312,-0.16557335057851766,0.20037437446755652,0.2829265263308566
2012-01-01 00:00:00,0.01251091000720285,-0.16630137382150734,0.18388205240098424,0.2447437204769248
2012-01-08 00:00:00,0.01182649959761492,-0.17036911431072327,0.20670564505063366,0.2391519252644778
2012-01-15 00:00:00,0.021981741970608294,-0.14955374761031906,0.20429903117735204,0.2331778279277407
2012-01-22 00:00:00,0.035410666756835095,-0.13759866402975776,0.2175695149564462,0.0
2012-01-29 00:00:00,0.04240407138888198,-0.15944803479551511,0.22156708280916546,0.0
2012-02-05 00:00:00,0.03833074790761196,-0.13913686513722492,0.22713111495011365,0.0
2012-02-12 00:00:00,0.027172182636748393,-0.15230123825238348,0.2138426746772279,0.0
2012-02-19 00:00:00,0.019382009018537164,-0.16031690462947065,0.2058071575733011,0.0
2012-02-26 00:00:00,0.025022818968584437,-0.16376897101682336,0.21387581865228908,0.0
2012-03-04 00:00:00,0.04566601903077425,-0.13306978029302127,0.23872532708252991,0.0
2012-03-11 00:00:00,0.0708600653547831,-0.10491096915639259,0.24878380913288567,0.0
2012-03-18 00:00:00,0.08411473596948893,-0.08856489842101656,0.2735381295546137,0.0
2012-03-25 00:00:00,0.07631083054537365,-0.09850841594489651,0.27113723167780535,0.0
2012-04-01 00:00:00,0.055537336666241464,-0.1268817707635073,0.23299448954499538,0.0
2012-04-08 00:00:00,0.04213091250018292,-0.15242339044589615,0.21654945513972285,0.0
2012-04-15 00:00:00,0.0505061894943471,-0.13384727060797613,0.23063802893060253,0.2030896020298691
2012-04-22 00:00:00,0.07424863712800497,-0.11717778837355128,0.25675155793803245,0.2795191313340942
2012-04-29 00:00:00,0.09065099984089652,-0.10678856313600554,0.2664721460254994,0.2528558602342566
2012-05-06 00:00:00,0.08227596669158545,-0.08527724873439671,0.2714902330731557,0.2645354064017799
2012-05-13 00:00:00,0.05445116971996719,-0.13702391411619388,0.24970646786220388,0.0
2012-05-20 00:00:00,0.030210684856006254,-0.1725314976003285,0.2066883741243969,0.0
2012-05-27 00:00:00,0.027399512332290238,-0.15117097353233877,0.19527993329174756,0.0
2012-06-03 00:00:00,0.041899243611746045,-0.14968658426531423,0.21356474288470964,0.0
2012-06-10 00:00:00,0.054417579979078215,-0.13736249615572677,0.24332928142337534,0.0
2012-06-17 00:00:00,0.052544061024007015,-0.1418920204493348,0.23717552903833225,0.0
2012-06-24 00:00:00,0.04343637298934711,-0.13591409543894725,0.24081930074679994,0.0
2012-07-01 00:00:00,0.043863443594051026,-0.1413069935849366,0.24483509852256402,0.0
2012-07-08 00:00:00,0.060106038010046506,-0.1309911844845958,0.239101439674328,0.2679295264136253
2012-07-15 00:00:00,0.08083566040468819,-0.10683519047375725,0.27215118648358627,0.2772687607586914
2012-07-22 00:00:00,0.09004397228189658,-0.0953607951849598,0.26491484581355923,0.1786429438495791
2012-07-29 00:00:00,0.08390903306238998,-0.10180419530923546,0.2783555871335285,0.276158768978104
2012-08-05 00:00:00,0.07221509298600871,-0.11274181962385868,0.24760250233189882,0.0
2012-08-12 00:00:00,0.06435067063968784,-0.11574322516857394,0.23867060416048044,0.0
2012-08-19 00:00:00,0.058088604664737316,-0.12647367679525534,0.2310271975149424,0.0
2012-08-26 00:00:00,0.04488023926764907,-0.1509574983192652,0.227056933967707,0.0
2012-09-02 00:00:00,0.02457047681313479,-0.14982346757651643,0.23210015865231987,0.0
2012-09-09 00:00:00,0.010757081364430127,-0.16774896512981838,0.1874549668204486,0.0
2012-09-16 00:00:00,0.019181948988345,-0.1746519414129163,0.19502428799124183,0.0
2012-09-23 00:00:00,0.05167489591932464,-0.12680428272793146,0.24424576821433178,0.0
2012-09-30 00:00:00,0.09335187770544304,-0.10377756890814563,0.2871121958742402,0.2785319072224732
2012-10-07 00:00:00,0.1256291140945768,-0.05062375467271879,0.29920132734106086,0.2467549801217185
2012-10-14 00:00:00,0.14059052353537094,-0.04708444885315591,0.3139680992863765,0.2442427784886695
2012-10-21 00:00:00,0.142639040489769,-0.04937333250380965,0.315189887933633,0.2304703341671385
2012-10-28 00:00:00,0.13878891686906372,-0.05192345023731337,0.31729327101441795,0.0
2012-11-04 00:00:00,0.13074642123749575,-0.05701163429631401,0.3123396369496577,0.0
2012-11-11 00:00:00,0.11666120106034085,-0.0669664487182425,0.30215921849057154,0.0
2012-11-18 00:00:00,0.09760433956629073,-0.09379932360526685,0.27256875783732315,0.0
2012-11-25 00:00:00,0.07894726349757998,-0.10223353576677335,0.2606639783940021,0.0
2012-12-02 00:00:00,0.06491337180272978,-0.11244887124483152,0.2419463582321488,0.0
2012-12-09 00:00:00,0.053930843868507064,-0.1394015728615847,0.24675938462910396,0.0
2012-12-16 00:00:00,0.04123623165499303,-0.13014399022334525,0.23868043579348158,0.0
2012-12-23 00:00:00,0.025779349407110408,-0.16187759731210855,0.22896469791554946,0.0
2012-12-30 00:00:00,0.013041720756771097,-0.15839346136598012,0.19826950289122272,0.0
2013-01-06 00:00:00,0.010216392602471827,-0.173418254632217,0.20137085550770834,0.0
2013-01-13 00:00:00,0.018852225044651352,-0.17315058771835773,0.1931883381964388,0.0
2013-01-20 00:00:00,0.03247128138817506,-0.15727374575825867,0.2148946740537566,0.0
2013-01-27 00:00:00,0.04119657261995618,-0.15856257682659486,0.23107449721330403,0.0
2013-02-03 00:00:00,0.03908038518125012,-0.14604999836528024,0.22369892869343777,0.0
2013-02-10 00:00:00,0.028557498050410336,-0.15810842189849833,0.2211510615892221,0.0
2013-02-17 00:00:00,0.019323899547842423,-0.16704176413589059,0.18988830691010244,0.0
2013-02-24 00:00:00,0.02213613585338564,-0.15950752491144798,0.20201712379858022,0.0
2013-03-03 00:00:00,0.04055791668067234,-0.15190000201763065,0.23253025657042753,0.0
2013-03-10 00:00:00,0.06614885561421957,-0.12258487859124104,0.24588303091202535,0.0
2013-03-17 00:00:00,0.0826243252943221,-0.10375226249012531,0.2660599640883138,0.244297503448446
2013-03-24 00:00:00,0.0785403870594492,-0.09683137167945599,0.26272563148797196,0.2409274106314406
2013-03-31 00:00:00,0.05877037112104459,-0.1131867153228619,0.22908599111974062,0.2873822576558649
2013-04-07 00:00:00,0.04256941278246099,-0.1540476942952793,0.2229882299804505,0.2273928282642483
2013-04-14 00:00:00,0.04687026776159498,-0.1381624429964265,0.24205827190090842,0.0
2013-04-21 00:00:00,0.06931218379928236,-0.1088383565859834,0.23910503564516528,0.0
2013-04-28 00:00:00,0.08879781917328558,-0.09890367387454316,0.28122514592998704,0.0
2013-05-05 00:00:00,0.08521677053394555,-0.08237656875443763,0.255034060626285,0.0
2013-05-12 00:00:00,0.059454577107910356,-0.1116183352577407,0.25183988942990826,0.0
2013-05-19 00:00:00,0.03280827838726274,-0.15181674752900537,0.21640210644135174,0.0
2013-05-26 00:00:00,0.025801613623889837,-0.1533351294172101,0.2227988961293173,0.0
2013-06-02 00:00:00,0.038471125117520356,-0.13534750986415434,0.22316046846301962,0.0
2013-06-09 00:00:00,0.0527574140894909,-0.1456270497564078,0.23237682831059678,0.0
2013-06-16 00:00:00,0.05350811560379553,-0.12512895688839673,0.24068982496894487,0.0
2013-06-23 00:00:00,0.04448738553903853,-0.1487303778782271,0.22857083753009744,0.0
2013-06-30 00:00:00,0.04224987679603492,-0.14900835773197257,0.21887195005972365,0.0
2013-07-07 00:00:00,0.05608764940065865,-0.13066030172960766,0.23594515431476712,0.0
2013-07-14 00:00:00,0.07735853712540247,-0.0988590163969599,0.26085131892277846,0.0
2013-07-21 00:00:00,0.08943327268420774,-0.09221406468805135,0.2749099695243963,0.0
2013-07-28 00:00:00,0.08561936231591782,-0.09695629088980082,0.28226187349222653,0.0
2013-08-04 00:00:00,0.07403653133423481,-0.09401313428369729,0.2513182523187515,0.0
2013-08-11 00:00:00,0.06532290264870909,-0.11843696012131988,0.2276861181258812,0.0
2013-08-18 00:00:00,0.0594475400605272,-0.1199932267818796,0.24648575984419732,0.0
2013-08-25 00:00:00,0.04794226726276048,-0.13249836067670598,0.2259307127965772,0.0
2013-09-01 00:00:00,0.028271292073477117,-0.1546472413487851,0.19994713733107292,0.2747280651621864
2013-09-08 00:00:00,0.012003622695288624,-0.15714840879033282,0.19424065946718497,0.2589339163518731
2013-09-15 00:00:00,0.01581559389721514,-0.16444431470572762,0.19770012126655634,0.2222339935996193
2013-09-22 00:00:00,0.04476543204451037,-0.13106336726289403,0.2221278003058758,0.2441040248863212
2013-09-29 00:00:00,0.08633007988083566,-0.09791643286131704,0.26726401794060406,0.0
2013-10-06 00:00:00,0.12132591301005521,-0.0630551530587791,0.3040091552833529,0.0
2013-10-13 00:00:00,0.13935995187208172,-0.03685747332902305,0.3224095667382054,0.0
2013-10-20 00:00:00,0.14314637635982835,-0.04437232608396122,0.3351442214912489,0.0
2013-10-27 00:00:00,0.1400562980042826,-0.03941682172468258,0.3316359307774212,0.0
2013-11-03 00:00:00,0.13290262983376322,-0.041248160095207126,0.3173394758229504,0.0
2013-11-10 00:00:00,0.11998847932658196,-0.06506412070939371,0.3017481464846191,0.0
2013-11-17 00:00:00,0.10152288251109559,-0.08628414883543278,0.29369992834048264,0.0
2013-11-24 00:00:00,0.08237908545135743,-0.11466098033005634,0.26529458284709906,0.0
2013-12-01 00:00:00,0.06747531337877444,-0.09737057920829603,0.2563262195920074,0.0
2013-12-08 00:00:00,0.05631270438325044,-0.1375966647187089,0.24236840847359287,0.0
2013-12-15 00:00:00,0.044208428234004046,-0.12424974752829082,0.22392802397892045,0.0
2013-12-22 00:00:00,0.02902616582875024,-0.17225305564314913,0.2082526181893664,0.0
2013-12-29 00:00:00,0.015239147757682953,-0.1830086748480112,0.19457733514072323,0.0
2014-01-05 00:00:00,0.010312167289812144,-0.16725566144729034,0.18972328031455,0.0
2014-01-12 00:00:00,0.017191308971066285,-0.16765770152725296,0.21057551419904313,0.0
2014-01-19 00:00:00,0.030664069265580088,-0.1567378229187227,0.2093545441371198,0.0
2014-01-26 00:00:00,0.040918776790253346,-0.14450329400303147,0.22634038083674488,0.0
2014-02-02 00:00:00,0.04084001293671086,-0.12257692599660475,0.2242712233252626,0.0
2014-02-09 00:00:00,0.03127846094489175,-0.15686845711517997,0.20311427094122375,0.0
2014-02-16 00:00:00,0.02096718059896574,-0.17583863972418695,0.21222260667669884,0.0
2014-02-23 00:00:00,0.0210786772633006,-0.1667337638406827,0.2023943014028498,0.0
2014-03-02 00:00:00,0.03699885861125692,-0.14972876291175108,0.21679374796139256,0.0
2014-03-09 00:00:00,0.06243059568844012,-0.11629449335440065,0.24654366291936605,0.0
2014-03-16 00:00:00,0.08172689164981117,-0.1193400190835365,0.25266661483404046,0.0
2014-03-23 00:00:00,0.08152197226728625,-0.09991713480336006,0.2626406557400708,0.0
2014-03-30 00:00:00,0.06341768544832004,-0.13584583384587318,0.24496074493633901,0.0
2014-04-06 00:00:00,0.04502847271653561,-0.13948355983376037,0.23001262689825372,0.0
2014-04-13 00:00:00,0.045194380032496304,-0.13240311367742402,0.23358497122491687,0.0
2014-04-20 00:00:00,0.06561990470900214,-0.13695438349211947,0.247763647230501,0.0
2014-04-27 00:00:00,0.08750267110579428,-0.10452185504659817,0.2728179287045481,0.0
2014-05-04 00:00:00,0.08876051982443478,-0.0909953230885788,0.28085697371026125,0.0
2014-05-11 00:00:00,0.06581893392844357,-0.12520062350052377,0.24711864421119267,0.0
2014-05-18 00:00:00,0.03749585820717573,-0.14601276372033506,0.22121303609243687,0.0
2014-05-25 00:00:00,0.026302542711021996,-0.15492292848542155,0.20354742013003901,0.0
2014-06-01 00:00:00,0.03651735701604804,-0.13451671509853638,0.21815293949460016,0.0
2014-06-08 00:00:00,0.05205539209351055,-0.1294667596472663,0.24186021205060676,0.2256502451759051
2014-06-15 00:00:00,0.05558489602018693,-0.1300790263954799,0.22605565618476728,0.2653625493334259
2014-06-22 00:00:00,0.047255679579943054,-0.13829517944451172,0.22276617528498555,0.2620309752393573
2014-06-29 00:00:00,0.04269737303210644,-0.15281839034061281,0.2248073134691649,0.2469562302513117
2014-07-06 00:00:00,0.053838168672468684,-0.12238633045978473,0.255648778038048,0.2343954134815298
2014-07-13 00:00:00,0.07504235731547926,-0.10305805521890449,0.26366099522129327,0.2716065389106755
2014-07-20 00:00:00,0.08973226529308809,-0.08405966209413787,0.2885735406141924,0.2464081691587185
2014-07-27 00:00:00,0.08851335257974545,-0.09251181165652475,0.2729829201783849,0.2475898784490761
2014-08-03 00:00:00,0.07739813410025122,-0.1131608082384547,0.2679910970634768,0.2306677311213598
2014-08-10 00:00:00,0.0678035660063646,-0.10837087498318432,0.24789691588170118,0.2661812677468849
2014-08-17 00:00:00,0.061976545842913455,-0.12127602772045204,0.24831860952367757,0.2703440373308423
2014-08-24 00:00:00,0.052044290444926256,-0.12819536431117673,0.23186847690258178,0.2328069638009127
2014-08-31 00:00:00,0.03338461657798397,-0.13985268544984644,0.22511725648622005,0.0
2014-09-07 00:00:00,0.015221690109577704,-0.17427395510493243,0.20025177970578759,0.0
2014-09-14 00:00:00,0.014576328200301164,-0.18106801733879685,0.19098329077617693,0.0
2014-09-21 00:00:00,0.03952679840208889,-0.14145902697347304,0.20821386413254828,0.0
2014-09-28 00:00:00,0.08029755716872583,-0.09141582252460426,0.2659624199425653,0.0
2014-10-05 00:00:00,0.11764541956453198,-0.07243163172163475,0.29013243208009026,0.0
2014-10-12 00:00:00,0.1388420047898949,-0.05125800722826154,0.3183779567490854,0.0
2014-10-19 00:00:00,0.14462557774545454,-0.03528540089403101,0.31891151513018345,0.0
2014-10-26 00:00:00,0.14238002330653599,-0.03472183803231203,0.32552731982974026,0.0
2014-11-02 00:00:00,0.13603653514157704,-0.05959191409111561,0.3123131874480483,0.0
2014-11-09 00:00:00,0.12428782940135388,-0.059668169632921625,0.3004109556228859,0.0
2014-11-16 00:00:00,0.10657999929633216,-0.07659073363810223,0.29514143467479975,0.0
2014-11-23 00:00:00,0.08711993879219375,-0.09264948872304524,0.26314779095989643,0.0
2014-11-30 00:00:00,0.07132298561092763,-0.1044306966597103,0.2569720505446964,0.0
2014-12-07 00:00:00,0.05980649017146794,-0.12740386178904167,0.23274844057913638,0.0
2014-12-14 00:00:00,0.04820821773778851,-0.13973070405644342,0.22454160662380604,0.0
2014-12-21 00:00:00,0.03345049775588335,-0.15907969027176883,0.21432780401990156,0.0
2014-12-28 00:00:00,0.018870995810664343,-0.15180744131496102,0.19396269126037405,0.0
2015-01-04 00:00:00,0.011948491228519681,-0.17046059829322646,0.18650636297283887,0.0
2015-01-11 00:00:00,0.016895613538260967,-0.16947816131511317,0.19687609202081788,0.0
2015-01-18 00:00:00,0.02988972748788802,-0.159138359409667,0.2121555316285043,0.0
2015-01-25 00:00:00,0.041433813684564946,-0.13621554558112903,0.23520405612068856,0.0
2015-02-01 00:00:00,0.04342144582096737,-0.14335900598814302,0.22372409154569725,0.0
2015-02-08 00:00:00,0.03511610817477354,-0.1428690593926218,0.21681953780100544,0.0
2015-02-15 00:00:00,0.024107925189228205,-0.1583727819268361,0.18990745207260185,0.2718649037494447
2015-02-22 00:00:00,0.021709522581118204,-0.1660446091997102,0.21163074309734706,0.2483331225660095
2015-03-01 00:00:00,0.03492357550805852,-0.1600136156286191,0.21408208373167423,0.2481076519302638
2015-03-08 00:00:00,0.05966572945295982,-0.12558127104761083,0.23619240562937308,0.2316943217542817
2015-03-15 00:00:00,0.08132036255857042,-0.10697508288114244,0.26379679626694796,0.2423238022201176
2015-03-22 00:00:00,0.0850424803732653,-0.10237706726247661,0.2728935808681127,0.2305743669500584
2015-03-29 00:00:00,0.06920929552994658,-0.11616790435678831,0.2572340635638855,0.2854314179643175
2015-04-05 00:00:00,0.04925822843040269,-0.13769906488666753,0.24661710022037237,0.2416704128655064
2015-04-12 00:00:00,0.04532472501463292,-0.13630443892151084,0.22597507177294895,0.0
2015-04-19 00:00:00,0.06305358611046723,-0.12442900405102453,0.23486852359568897,0.0
2015-04-26 00:00:00,0.08653403985171607,-0.10167973007646708,0.2624475390988106,0.0
2015-05-03 00:00:00,0.09247481714756528,-0.09258313892355113,0.2736171911671565,0.0
2015-05-10 00:00:00,0.07298002492348467,-0.11479244835204164,0.24085915956162984,0.0
2015-05-17 00:00:00,0.04373403427813862,-0.13350275009272886,0.22989696009883903,0.0
2015-05-24 00:00:00,0.028466638999297834,-0.14883999516496116,0.21551085522193236,0.0
2015-05-31 00:00:00,0.03562568895781798,-0.13181352083996192,0.21308681615956682,0.0
2015-06-07 00:00:00,0.051776200834136775,-0.125752187515773,0.23605469676198232,0.0
2015-06-14 00:00:00,0.0580660456179771,-0.11270515434328629,0.24968223916762144,0.0
2015-06-21 00:00:00,0.05095561102064128,-0.14050991435582483,0.23253919630070805,0.0
2015-06-28 00:00:00,0.044468902747001646,-0.1310039715666532,0.21953730324368242,0.0
2015-07-05 00:00:00,0.052682150604855024,-0.13803132418363534,0.22475151053848488,0.2342496783622082
2015-07-12 00:00:00,0.07322481110382403,-0.11846834214271393,0.2634694151533564,0.1957785311292414
2015-07-19 00:00:00,0.0901952042915634,-0.09022698946921082,0.26829476190522705,0.3242788414098204
2015-07-26 00:00:00,0.09178409713013834,-0.09085292718953153,0.2796569633432984,0.2456929490987298
2015-08-02 00:00:00,0.08153524788147055,-0.1087000517557721,0.27429503445854164,0.0
2015-08-09 00:00:00,0.07112355312174368,-0.10742449999328191,0.2611940900994706,0.0
2015-08-16 00:00:00,0.06504162505545397,-0.11755572437438125,0.2519831904755875,0.0
2015-08-23 00:00:00,0.056491348468099264,-0.1316093642054275,0.2484192556963194,0.0
2015-08-30 00:00:00,0.03914470134780163,-0.14048110850493917,0.21205767678170548,0.0
2015-09-06 00:00:00,0.01966961823709165,-0.15826456682247783,0.2018327961236302,0.0
2015-09-13 00:00:00,0.014840830322900414,-0.17721227623461372,0.20203770547921823,0.0
2015-09-20 00:00:00,0.03544394479481939,-0.13638632558521055,0.21678991387074328,0.0
2015-09-27 00:00:00,0.07475660086680218,-0.12446615035161168,0.2528440720596403,0.0
2015-10-04 00:00:00,0.11402839611854243,-0.06165317086784283,0.29209269255511167,0.0
2015-10-11 00:00:00,0.13843067850785745,-0.042171096393242694,0.34026516014334435,0.0
2015-10-18 00:00:00,0.1464751700665552,-0.027327706907686586,0.3380272103957315,0.0
2015-10-25 00:00:00,0.14520115653054513,-0.03237782392218419,0.3205701219523317,0.2973117733117386
2015-11-01 00:00:00,0.13960395509206722,-0.03478378143048591,0.3248549998877508,0.2227724424142386
2015-11-08 00:00:00,0.12898786861414815,-0.04218502044087849,0.3093374875093342,0.2376833292179699
2015-11-15 00:00:00,0.11218086248926251,-0.08676822007225954,0.29174763724623853,0.2422324550560526
2015-11-22 00:00:00,0.09259373628989234,-0.08092336676892439,0.2756189720869237,0.0
2015-11-29 00:00:00,0.0759214709185606,-0.10329770259766874,0.2597696076690592,0.0
2015-12-06 00:00:00,0.06389009982478228,-0.10975020080444539,0.25564289684548125,0.0
2015-12-13 00:00:00,0.0526813421840938,-0.13813284216384364,0.2525876926407167,0.0
2015-12-20 00:00:00,0.03845896548840477,-0.14458397205885373,0.2295843033126081,0.0
2015-12-27 00:00:00,0.02334501812284149,-0.15965997357206443,0.22208330798406697,0.0
2016-01-03 00:00:00,0.01456260608844033,-0.15444023593958783,0.20575236672708322,0.0
2016-01-10 00:00:00,0.017435637478138852,-0.16620846991174082,0.19371165281779334,0.0
2016-01-17 00:00:00,0.029614804471907674,-0.16052903625858025,0.22227137455749638,0.6728571436816506
2016-01-24 00:00:00,0.042160021674791756,-0.130633388272448,0.23511974609528094,0.7088400349232795
2016-01-31 00:00:00,0.04617503105653669,-0.1389954004386681,0.22270527010517496,0.788230917741774
2016-02-07 00:00:00,0.03936751928293784,-0.14850365753740585,0.2323454202287722,0.8300719036532958
2016-02-14 00:00:00,0.028032467160716966,-0.152659421145762,0.2104412565060925,0.0
2016-02-21 00:00:00,0.02335430726478873,-0.16111071653101955,0.20852256326999433,0.0
2016-02-28 00:00:00,0.033718812882979725,-0.15062299727090883,0.21837943862850434,0.0
2016-03-06 00:00:00,0.05726348022363596,-0.1229872281691956,0.2319584323502333,0.0
2016-03-13 00:00:00,0.08075033988008773,-0.1041681431866836,0.2590416690759489,0.0
2016-03-20 00:00:00,0.08832195023815351,-0.09115839372996032,0.26915726262325845,0.0
2016-03-27 00:00:00,0.07527452563761404,-0.1199531606989519,0.25513782442819755,0.0
2016-04-03 00:00:00,0.05446357666426796,-0.13151142496254778,0.23665182956052974,0.0
2016-04-10 00:00:00,0.04663556832396714,-0.12202858462355684,0.23378697789827932,0.0
2016-04-17 00:00:00,0.06112169555628573,-0.12396807312688546,0.23560710928248502,0.0
2016-04-24 00:00:00,0.0853917478916799,-0.09889415533143917,0.28107176103318904,0.0
2016-05-01 00:00:00,0.09574150946465596,-0.085783107964363,0.2665274975297819,0.0
2016-05-08 00:00:00,0.08024291659728149,-0.10612261593493086,0.27543883910381173,0.0
2016-05-15 00:00:00,0.05090366587136223,-0.12914937472497023,0.23572232325005685,0.0
2016-05-22 00:00:00,0.03185397617022229,-0.1433731585935293,0.21209541651701944,0.0
2016-05-29 00:00:00,0.035481418216198726,-0.1603410373581675,0.20310893382458553,0.0
2016-06-05 00:00:00,0.051583219254208945,-0.1398807171469814,0.23802896108733995,0.0
2016-06-12 00:00:00,0.06051704817283721,-0.13942877455961247,0.23486502259312905,0.0
2016-06-19 00:00:00,0.05512917574139971,-0.12652347869694452,0.24490036374249596,0.0
2016-06-26 00:00:00,0.04724237143319781,-0.12187681298686984,0.23647086763475844,0.0
2016-07-03 00:00:00,0.05247220990301918,-0.12700998892863236,0.22884353409102853,0.2302804771732076
2016-07-10 00:00:00,0.07182131815686814,-0.1096143531500684,0.2487302911707903,0.2617187532280898
2016-07-17 00:00:00,0.09069091706878585,-0.08635953332681026,0.2826427709700936,0.245559571679161
2016-07-24 00:00:00,0.09525300579611033,-0.09271392819034785,0.2892645350508204,0.2624411979195414
2016-07-31 00:00:00,0.08631972467875124,-0.09426158100388252,0.26071223441836167,0.0
2016-08-07 00:00:00,0.07527597713918098,-0.11561068108622069,0.2561474249945054,0.0
2016-08-14 00:00:00,0.0687149715716493,-0.11049901961959799,0.2529851760249331,0.0
2016-08-21 00:00:00,0.06133512196365956,-0.12255445354945294,0.251457068110367,0.0
2016-08-28 00:00:00,0.04555183483537754,-0.12195911822854502,0.2307069425062833,0.0
2016-09-04 00:00:00,0.025377729319395248,-0.16908681028530198,0.2045119899339315,0.0
2016-09-11 00:00:00,0.016773590916932993,-0.16496949376327508,0.21158599543559153,0.0
2016-09-18 00:00:00,0.03282700784711186,-0.14063589818446076,0.21273216912014445,0.0
2016-09-25 00:00:00,0.0700491287666429,-0.09773479306791358,0.2534611188416678,0.2717780129517961
2016-10-02 00:00:00,0.11075796136069488,-0.06667135289844034,0.29053673817747494,0.2547512241552788
2016-10-09 00:00:00,0.13834791602346208,-0.04271808956551479,0.3144528121456659,0.2120053798429614
2016-10-16 00:00:00,0.14892364348687304,-0.03499825164114885,0.35086534069958003,0.2614653830499635
2016-10-23 00:00:00,0.1488037870541928,-0.03606029326500297,0.3344257988207744,0.0
2016-10-30 00:00:00,0.14392659350175077,-0.04556987002371532,0.336382682852926,0.0
2016-11-06 00:00:00,0.1344029848367434,-0.05720321056944214,0.31486662876750404,0.0
2016-11-13 00:00:00,0.11862634094219873,-0.07623895212791384,0.30122528540081567,0.0
2016-11-20 00:00:00,0.09912688542572198,-0.09911626765608209,0.28273930929715957,0.0
2016-11-27 00:00:00,0.08165271381640922,-0.09541020117183088,0.26339334451180846,0.0
2016-12-04 00:00:00,0.06898092735632472,-0.10821350506280775,0.2513508949464499,0.0
2016-12-11 00:00:00,0.058034211370285395,-0.1303595071459181,0.24986083733462078,0.0
2016-12-18 00:00:00,0.044430699963757606,-0.13489881485192312,0.22452590262315808,0.0
2016-12-25 00:00:00,0.029047046610740798,-0.15830289505753062,0.21552378268715258,0.0
2017-01-01 00:00:00,0.018610130610833775,-0.1661060413559703,0.20377722787250113,0.0
2017-01-08 00:00:00,0.01934924599899967,-0.15454924427960848,0.20576746295693338,0.0
2017-01-15 00:00:00,0.03042756162977954,-0.16074299852300222,0.2099521125005632,0.0
2017-01-22 00:00:00,0.04369023934181552,-0.14824056197639113,0.22873971344119362,0.0
2017-01-29 00:00:00,0.049672664609389156,-0.1286658380236918,0.2304894578179189,0.0
2017-02-05 00:00:00,0.04459233340869065,-0.14159165800327908,0.22964543911492863,0.0
2017-02-12 00:00:00,0.03332679030379459,-0.16770746934890224,0.21161103237309958,0.0
2017-02-19 00:00:00,0.026676297653224122,-0.1598997665064616,0.2069401387446137,0.0
2017-02-26 00:00:00,0.03415493627581884,-0.13824889829701328,0.21201624375676575,0.0
2017-03-05 00:00:00,0.05607434492221585,-0.11547771771955936,0.2336795100154545,0.0
2017-03-12 00:00:00,0.08086593095243721,-0.09276465936879785,0.2769596040085848,0.0
2017-03-19 00:00:00,0.09218594949789875,-0.09971439015819791,0.2678741527197669,0.0
2017-03-26 00:00:00,0.08243059248512255,-0.09479431501242022,0.2629130731993611,0.0
2017-04-02 00:00:00,0.06154766662708688,-0.14039992718075134,0.2379319294137983,0.0
2017-04-09 00:00:00,0.05022396780464953,-0.12899739725579373,0.24331387994204473,0.0
2017-04-16 00:00:00,0.06110602438281074,-0.11193980579626389,0.2647481811142589,0.0
2017-04-23 00:00:00,0.08541045123965645,-0.10983912442920832,0.2603667077196493,0.0
2017-04-30 00:00:00,0.09982117244562776,-0.07519701726060643,0.278349238744244,0.0
2017-05-07 00:00:00,0.08880608236750243,-0.07696474716840768,0.2575405281487562,0.0
2017-05-14 00:00:00,0.06028398147996936,-0.11514722410942482,0.24798560420635796,0.0
2017-05-21 00:00:00,0.03794865624551906,-0.14009578711034484,0.22370646455025386,0.0
2017-05-28 00:00:00,0.037748126658604754,-0.14660656015798737,0.22681719046491394,0.0
2017-06-04 00:00:00,0.05317750337567097,-0.13841619523206838,0.23930424690233437,0.2870641148631535
2017-06-11 00:00:00,0.06457724954300968,-0.12572528208349523,0.26261481801453435,0.2147208427542472
2017-06-18 00:00:00,0.06140379663019796,-0.12431055163446214,0.23635354579636908,0.2494144773814933
2017-06-25 00:00:00,0.05268809081938895,-0.12439269201761713,0.23072877770528738,0.2488005650011059
2017-07-02 00:00:00,0.05498488090064563,-0.13397118018448737,0.2418701354428789,0.2739027935324722
2017-07-09 00:00:00,0.07264046432336664,-0.09732752731602498,0.2684399461502307,0.2443507295902942
2017-07-16 00:00:00,0.09294226881653139,-0.09269497442789254,0.2817595450849718,0.2563265606143425
2017-07-23 00:00:00,0.10053291876679143,-0.0665076081689947,0.2696756077397303,0.2254199162628909
2017-07-30 00:00:00,0.09334219474436523,-0.08333055563245281,0.2789391618362096,0.2406014365121166
2017-08-06 00:00:00,0.08191455090637074,-0.09266764144509082,0.2693054393418679,0.2637680569749909
2017-08-13 00:00:00,0.07469144941099845,-0.1080752478687195,0.2557041519597019,0.2539033256682895
2017-08-20 00:00:00,0.06821300630082487,-0.11868405497344339,0.25066729396768306,0.2417271808446029
2017-08-27 00:00:00,0.05413555436270592,-0.12670036935698695,0.23294270368585362,0.0
2017-09-03 00:00:00,0.033832491940687215,-0.16305301554008475,0.2140484010549169,0.0
2017-09-10 00:00:00,0.02192793389659648,-0.16410002874122953,0.20239741820227292,0.0
2017-09-17 00:00:00,0.03332891496236629,-0.14699386925684954,0.21904282001932254,0.0
2017-09-24 00:00:00,0.06787450660805222,-0.10332299797207498,0.24127995024268686,0.0
2017-10-01 00:00:00,0.10948075496745067,-0.07217228277190652,0.2928601754855606,0.0
2017-10-08 00:00:00,0.14016741868185376,-0.036926543434141146,0.3302793775639879,0.0
2017-10-15 00:00:00,0.15353284884855492,-0.033562678327844875,0.3385184579438985,0.0
2017-10-22 00:00:00,0.15479632487480444,-0.02953837097823886,0.3535386089287753,0.0
2017-10-29 00:00:00,0.1506527133153771,-0.03844239179674515,0.33448247311233936,0.0
2017-11-05 00:00:00,0.142175744679745,-0.02966329016407987,0.3392126537292449,0.0
2017-11-12 00:00:00,0.12753735157171722,-0.05562881915582621,0.3071137138485858,0.0
2017-11-19 00:00:00,0.10835261813763868,-0.06876658414171702,0.30131009722712865,0.0
2017-11-26 00:00:00,0.0901983625141748,-0.08936683495051098,0.2839019826340168,0.0
2017-12-03 00:00:00,0.07679807585863097,-0.11161246932184155,0.2694054173858961,0.0
2017-12-10 00:00:00,0.0660421026911713,-0.11059018704324075,0.25770701047513755,0.0
2017-12-17 00:00:00,0.053172230444843205,-0.12231114942838231,0.23699599996606444,0.0
2017-12-24 00:00:00,0.0378412483511324,-0.1569600360758927,0.22462428280328842,0.0
2017-12-31 00:00:00,0.026056711314423435,-0.15122066389326227,0.21726264518232088,0.0
2018-01-07 00:00:00,0.024724422402383477,-0.1655173407694396,0.20787784462098108,0.0
2018-01-14 00:00:00,0.034512906751377435,-0.15233197596496334,0.21130900844664716,0.0
2018-01-21 00:00:00,0.04826008115241143,-0.13506675144140756,0.22419184097497843,0.0
2018-01-28 00:00:00,0.056169834900578045,-0.1127009027946238,0.23975634284016573,0.0
2018-02-04 00:00:00,0.053068406506957794,-0.13690779456615948,0.2325228222792675,0.0
2018-02-11 00:00:00,0.04232525686847273,-0.148714685490806,0.20300089787843084,0.0
2018-02-18 00:00:00,0.034117095421757136,-0.153375112959209,0.21228002619830943,0.0
2018-02-25 00:00:00,0.038817353478961564,-0.14064739328785908,0.2228296888635396,0.0
2018-03-04 00:00:00,0.05881222192023011,-0.12527349464347237,0.24767436746391397,0.0
2018-03-11 00:00:00,0.08443472443743887,-0.09496156874279466,0.26548624949571115,0.0
2018-03-18 00:00:00,0.09922302308897829,-0.09101040884478995,0.28260894015382015,0.0
2018-03-25 00:00:00,0.0930828537858816,-0.09492524330650337,0.2789277479413069,0.0
2018-04-01 00:00:00,0.07283035878911412,-0.10944917415642366,0.2458526074197683,0.0
2018-04-08 00:00:00,0.05844238212855228,-0.13357122811138547,0.2376240400093249,0.2817680719976837
2018-04-15 00:00:00,0.06540818734881713,-0.13040745996868863,0.24623671825920956,0.2593629069660139
2018-04-22 00:00:00,0.08892447846840122,-0.09832442998824559,0.26937205065224623,0.216136044246042
2018-04-29 00:00:00,0.10684101571436579,-0.08544442038174,0.2762056993912754,0.2427329767902602
2018-05-06 00:00:00,0.10057212223281009,-0.0768842472745421,0.2793885116767514,0.0
2018-05-13 00:00:00,0.07368085607385647,-0.11083361786017948,0.24305013025763905,0.0
2018-05-20 00:00:00,0.048600031462478474,-0.14996374642936527,0.2377483373759879,0.0
2018-05-27 00:00:00,0.04432300787797214,-0.1339822533391609,0.2254425793613262,0.0
2018-06-03 00:00:00,0.058372851540985544,-0.1134728708860081,0.2481992524675018,0.0
2018-06-10 00:00:00,0.07185840385739876,-0.09910818594652668,0.2610863535835829,0.0
2018-06-17 00:00:00,0.07121205555931431,-0.11550531003348194,0.2579169365821137,0.0
2018-06-24 00:00:00,0.06226953488797063,-0.11526618370873185,0.24757124784399542,0.0
2018-07-01 00:00:00,0.0618000640053225,-0.10988635885650078,0.25063945966838663,0.0
2018-07-08 00:00:00,0.07732607389021728,-0.09403817774830253,0.25078845880879297,0.0
2018-07-15 00:00:00,0.09853572792663248,-0.08930773310168025,0.2679022164896774,0.0
2018-07-22 00:00:00,0.10910580248903098,-0.06761352001977455,0.2979475670761616,0.0
2018-07-29 00:00:00,0.10405379386008833,-0.08541604096395619,0.2945798724343391,0.0
2018-08-05 00:00:00,0.09255562203259843,-0.08143115100046766,0.2855451288184093,0.0
2018-08-12 00:00:00,0.08455203817861519,-0.10132347971673045,0.2646495075453852,0.0
2018-08-19 00:00:00,0.07867742132456891,-0.10644837964741866,0.2706604820841866,0.0
2018-08-26 00:00:00,0.06635219608057398,-0.11370171312739916,0.2499373674793633,0.0
2018-09-02 00:00:00,0.046439813779181986,-0.13528685274100122,0.23646456087557413,0.0
2018-09-09 00:00:00,0.031829918199433295,-0.1435729589420195,0.21975048576187237,0.0
2018-09-16 00:00:00,0.038648759528691366,-0.14062466971992535,0.22805880403162396,0.0
2018-09-23 00:00:00,0.07003548422626502,-0.10853538992884942,0.25869488843517724,0.2576493053591506
2018-09-30 00:00:00,0.11199899409835468,-0.07624539549469533,0.2974702493770997,0.2111192795998694
2018-10-07 00:00:00,0.14565285315464238,-0.05521370836687747,0.3258109015012203,0.2596213746640608
2018-10-14 00:00:00,0.1620793413029924,-0.011924319449556756,0.33309815122448627,0.2716100403769191
2018-10-21 00:00:00,0.16503378684259018,-0.007077353937456121,0.3441791454072164,0.2293133146747857
2018-10-28 00:00:00,0.16172135393422554,-0.029048377080407972,0.3485097383802517,0.2518492249103081
2018-11-04 00:00:00,0.15428550528765467,-0.026829413140934955,0.3297570027262699,0.2362561958579304
2018-11-11 00:00:00,0.14090857106998933,-0.04904459738319919,0.3297100998009175,0.2825812645569757
2018-11-18 00:00:00,0.12230806774223196,-0.05890645964935909,0.3047276278238653,0.0
2018-11-25 00:00:00,0.10367844841978624,-0.07136085328427852,0.2840519014932571,0.0
2018-12-02 00:00:00,0.08954308546699719,-0.10672767848965659,0.25649610635382597,0.0
2018-12-09 00:00:00,0.07875094262029896,-0.12247481404748772,0.2619520575025718,0.0
2018-12-16 00:00:00,0.06654138725365195,-0.12370980484209002,0.26035994382539696,0.0
2018-12-23 00:00:00,0.05141511922379711,-0.13203943621873232,0.23133101044629278,0.0
2018-12-30 00:00:00,0.03846845538196195,-0.1506165360849095,0.21637764454681857,0.0
2019-01-06 00:00:00,0.03503453876177321,-0.13416880604919093,0.22541328127679916,0.0
2019-01-13 00:00:00,0.04323342009483562,-0.1432719320621923,0.22195715792522405,0.2228124009351896
2019-01-20 00:00:00,0.05707595695359019,-0.13287222077436342,0.2410245148916272,0.2527720011532665
2019-01-27 00:00:00,0.06668120081792599,-0.11183190657964948,0.25142779732663867,0.2482367099690906
2019-02-03 00:00:00,0.0656148701556969,-0.1347937901048907,0.2563222010447004,0.2761788879424532
2019-02-10 00:00:00,0.055680682833081724,-0.1258683293493232,0.22789434590747654,0.0
2019-02-17 00:00:00,0.0462127356631246,-0.1400638894374398,0.22440252425810459,0.0
2019-02-24 00:00:00,0.048167323849279145,-0.14463829393035663,0.23299354315059279,0.0
2019-03-03 00:00:00,0.06585958397553163,-0.1221012632700608,0.2526233672752072,0.0
2019-03-10 00:00:00,0.09169411385469046,-0.0877064960209055,0.2862973554602399,0.0
2019-03-17 00:00:00,0.1095914093386546,-0.06799708364301213,0.2893015719082375,0.0
2019-03-24 00:00:00,0.10728787917300373,-0.06921450367355234,0.2796005543532372,0.0
2019-03-31 00:00:00,0.08834911532171408,-0.10578787890375066,0.26529131203051537,0.0
2019-04-07 00:00:00,0.07143309439683149,-0.12006731262695353,0.2555784471465636,0.0
2019-04-14 00:00:00,0.07431641268319464,-0.10507119814028451,0.25276700568997335,0.0
2019-04-21 00:00:00,0.09627079355055428,-0.07754020233089978,0.28657571687969163,0.0
2019-04-28 00:00:00,0.11703914959555618,-0.06716145624007688,0.30368874368282284,0.0
2019-05-05 00:00:00,0.11563417560627451,-0.06178916471259491,0.29834089746141373,0.0
2019-05-12 00:00:00,0.09115070137155026,-0.08894296551516517,0.278231122268337,0.0
2019-05-19 00:00:00,0.0639788484193242,-0.12403030298985057,0.25393100794371815,0.0
2019-05-26 00:00:00,0.05552527214956196,-0.1296969962463961,0.24384071023443307,0.0
2019-06-02 00:00:00,0.06756335724494739,-0.09385976594860015,0.2578369728091692,0.0
2019-06-09 00:00:00,0.08269592437850297,-0.1021577639863431,0.2730947859507009,0.0
2019-06-16 00:00:00,0.08482542330807255,-0.08453087051791047,0.250073361967546,0.0
2019-06-23 00:00:00,0.07628878208032745,-0.10416312374111239,0.2772516469427101,0.0
2019-06-30 00:00:00,0.073354896960261,-0.10928038379619734,0.2625068459918394,0.0
2019-07-07 00:00:00,0.0864219937772005,-0.10008356777174918,0.27071231135458323,0.0
2019-07-14 00:00:00,0.10800214282098564,-0.06826203080477691,0.29870705963067873,0.0
2019-07-21 00:00:00,0.12142115535818962,-0.0602071168975776,0.3006035167372249,0.0
2019-07-28 00:00:00,0.11887867225654171,-0.0654391038134852,0.29054988223405204,0.5358144118264921
2019-08-04 00:00:00,0.10770054885027366,-0.07633506887940325,0.28697769291371783,0.4501938052420687
2019-08-11 00:00:00,0.09889623380560117,-0.07059942342563619,0.28732905727978547,0.5367521666972052
2019-08-18 00:00:00,0.09334245712538543,-0.0873908994872066,0.26850240889945365,0.4772396162342338
2019-08-25 00:00:00,0.08274889550237578,-0.10377515960909472,0.2504804981457591,0.0
2019-09-01 00:00:00,0.06370470114134212,-0.12248096530558283,0.24865695383802622,0.0
2019-09-08 00:00:00,0.046873236259135316,-0.13473632760861304,0.2236110553251256,0.0
2019-09-15 00:00:00,0.0491399836263882,-0.13953746573440798,0.2264732891300745,0.0
2019-09-22 00:00:00,0.07680224669396422,-0.10133657968686147,0.2697523143473609,0.2444871118950597
2019-09-29 00:00:00,0.11839424626690548,-0.05560639357975347,0.2859692515919367,0.2489762756989602
2019-10-06 00:00:00,0.15464212159502638,-0.03495928262923305,0.3364260188911594,0.2389331016722283
2019-10-13 00:00:00,0.17419643372604288,-0.01694094695460878,0.34315295120033146,0.2676035107337516
2019-10-20 00:00:00,0.17901501365548045,-0.00990540484885824,0.3583846271111599,0.2197025769106193
2019-10-27 00:00:00,0.17651514701561463,-0.01381444161872672,0.3528944868014375,0.2626204984625002
2019-11-03 00:00:00,0.16995928324617446,-0.023518228588456494,0.34043977759467253,0.2289585236135142
2019-11-10 00:00:00,0.1577785369578828,-0.024527210261616472,0.3445279398207021,0.2887184010133663
2019-11-17 00:00:00,0.13986218557275282,-0.05004647625836475,0.32321958826446245,0.0
2019-11-24 00:00:00,0.1208351388850776,-0.054316315101964496,0.31671698199312714,0.0
2019-12-01 00:00:00,0.10583952929206585,-0.07710737968173823,0.28235595179005846,0.0
2019-12-08 00:00:00,0.0948206214098852,-0.09087829840599354,0.26908921926731333,0.0
2019-12-15 00:00:00,0.08319572822769453,-0.10613070656914148,0.264179321504214,0.0
2019-12-22 00:00:00,0.06843232926751244,-0.11165039727826548,0.2430211419987166,0.0
2019-12-29 00:00:00,0.05456214847456739,-0.1244208486560393,0.22227010061310631,0.0
2020-01-05 00:00:00,0.049085046539436454,-0.13823317910737104,0.2241953791666616,0.0
2020-01-12 00:00:00,0.05547322836523429,-0.127130142913853,0.24895438954997434,0.0
2020-01-19 00:00:00,0.06905741071210676,-0.11299282984857001,0.24511209568533956,0.0
2020-01-26 00:00:00,0.08012210355001716,-0.1050058739567844,0.2635760693937561,0.0
2020-02-02 00:00:00,0.08113282591133464,-0.10690411217157292,0.2685508256389813,0.0
2020-02-09 00:00:00,0.07230382119971587,-0.11750371458873113,0.24627557538546632,0.0
2020-02-16 00:00:00,0.06193107118820659,-0.11435811657574266,0.2463372570889981,0.0
2020-02-23 00:00:00,0.06127592292417225,-0.11324087793181806,0.243752275474184,0.0
2020-03-01 00:00:00,0.076397384173438,-0.11517989506254156,0.24735848056715187,0.0
2020-03-08 00:00:00,0.10187854385746882,-0.07441312554209581,0.2829442653720121,0.2412850627522478
2020-03-15 00:00:00,0.12244018035894509,-0.062138744633532944,0.3048095990815507,0.2608573929325874
2020-03-22 00:00:00,0.12407001515203765,-0.05726254640629161,0.31566043756715656,0.2333392550775849
2020-03-29 00:00:00,0.10706883485738505,-0.07349189383841989,0.2763083677074628,0.2645182892375798
2020-04-05 00:00:00,0.0882269674567421,-0.09222476177989897,0.27349114679663045,0.0
2020-04-12 00:00:00,0.08699121112848132,-0.10090227230242338,0.2734969955584573,0.0
2020-04-19 00:00:00,0.1066646161459328,-0.09177799067865958,0.27431619664667695,0.0
2020-04-26 00:00:00,0.129535493548228,-0.049310923636681464,0.3278163174284038,0.0
2020-05-03 00:00:00,0.13294400936266046,-0.0450722411736158,0.32982150968902224,0.0
2020-05-10 00:00:00,0.11156182727514993,-0.07924845134464867,0.2867727633970276,0.0
2020-05-17 00:00:00,0.08302625353144853,-0.10228664532639112,0.26634850890811546,0.0
2020-05-24 00:00:00,0.07043164959240868,-0.11773707251831853,0.25851592602266416,0.0
2020-05-31 00:00:00,0.07974178082839475,-0.10568435257892753,0.2527791434264369,0.0
2020-06-07 00:00:00,0.09585530118298223,-0.08584098045901353,0.2761946728072347,0.0
2020-06-14 00:00:00,0.10074863670655693,-0.09681039343848896,0.27258134369364034,0.0
2020-06-21 00:00:00,0.0930964562406327,-0.09456617680240473,0.27619160055385084,0.0
2020-06-28 00:00:00,0.0879651555382812,-0.09504396157378225,0.27126685512033677,0.0
2020-07-05 00:00:00,0.09820645149698835,-0.08927080800861953,0.281169754970127,0.0
2020-07-12 00:00:00,0.11946913453739968,-0.060735108365218615,0.30121467264278523,0.0
2020-07-19 00:00:00,0.13536900962710974,-0.04039289900838437,0.3229232448124384,0.0
2020-07-26 00:00:00,0.13550481273119808,-0.06107089477422839,0.3218310399320215,0.0
2020-08-02 00:00:00,0.12493976747767194,-0.060074112487418674,0.31236292016763056,0.0
2020-08-09 00:00:00,0.11525856490052075,-0.08246718742173509,0.308487137900891,0.0
2020-08-16 00:00:00,0.10961664175156041,-0.07293325272083856,0.3028387404638646,0.0
2020-08-23 00:00:00,0.10051631909929963,-0.07021140582587218,0.2863973623828432,0.0
2020-08-30 00:00:00,0.08260313561300871,-0.10090975786182638,0.25825322600121725,0.0
2020-09-06 00:00:00,0.06409796288718214,-0.12444045673378595,0.24650476549808992,0.0
2020-09-13 00:00:00,0.06199329748938011,-0.12487326404654384,0.2516878839546492,0.0
2020-09-20 00:00:00,0.08549336069972265,-0.10127797724169399,0.2731389538523284,0.0
2020-09-27 00:00:00,0.12601039464435076,-0.04915237598332928,0.31445385360565536,0.0
2020-10-04 00:00:00,0.16443385384568668,-0.008944915349723997,0.3491991516587738,0.0
2020-10-11 00:00:00,0.18716193031870487,-0.0002812279357865821,0.37854622578013014,0.0
2020-10-18 00:00:00,0.1940687042456209,0.014578128062680273,0.3638731637441857,0.0
2020-10-25 00:00:00,0.19244449493876176,0.006374726542232395,0.38198493060983696,0.0
2020-11-01 00:00:00,0.18665640413090717,0.011126554428132943,0.36945793560410256,0.0
2020-11-08 00:00:00,0.17561637465012736,-0.0035941203357186813,0.361278954410649,0.0
2020-11-15 00:00:00,0.15850352095645515,-0.026001221175194628,0.33216372539878,0.0
2020-11-22 00:00:00,0.13921946486959164,-0.03937846060042666,0.3339325172729741,0.0
2020-11-29 00:00:00,0.12331825239124604,-0.07141751689952405,0.2982630652902447,0.0
2020-12-06 00:00:00,0.11186445639795714,-0.06496016414222983,0.29828908673040194,0.0
2020-12-13 00:00:00,0.10068788865868789,-0.08746075783184676,0.269570802715409,0.0
2020-12-20 00:00:00,0.086383639277588,-0.09614997772776449,0.26452684758262984,0.0
2020-12-27 00:00:00,0.07180996511807426,-0.1145223069966255,0.25474107101931054,0.0
2021-01-03 00:00:00,0.06437080584539981,-0.11474915905909719,0.25426226331724233,0.0
2021-01-10 00:00:00,0.06874841788945726,-0.11421392911836484,0.2634187611968297,0.0
2021-01-17 00:00:00,0.08170190253214044,-0.10606899179329857,0.2590673157412347,0.0
2021-01-24 00:00:00,0.09392856723527718,-0.09677393988985161,0.2734532197630374,0.0
2021-01-31 00:00:00,0.09698067340887156,-0.07438180003363609,0.2841467547226467,0.0
2021-02-07 00:00:00,0.08949368997192204,-0.08774936718757714,0.2599817762963997,0.0
2021-02-14 00:00:00,0.07855631684055454,-0.11366085127474554,0.26721614370838115,0.0
2021-02-21 00:00:00,0.0754615110021478,-0.11104684058920261,0.2660700810030099,0.0
2021-02-28 00:00:00,0.08779456848165312,-0.10653927929196225,0.28079330120214313,0.0
2021-03-07 00:00:00,0.11236206241936518,-0.08032146802448681,0.28801453868492066,0.0
2021-03-14 00:00:00,0.13506079795113768,-0.05192074197318,0.32329507423898984,0.0
2021-03-21 00:00:00,0.14058395903567347,-0.05118806819414751,0.31648468790941886,0.0
2021-03-28 00:00:00,0.12605396967312416,-0.06876974644783634,0.31143529235208633,0.0
2021-04-04 00:00:00,0.10592085167075915,-0.0777836551698105,0.2775363060828111,0.2616828900878079
2021-04-11 00:00:00,0.10064532488150313,-0.08298235481317534,0.2818926504082462,0.2562321598123948
2021-04-18 00:00:00,0.11738408574952494,-0.06643376962261549,0.3010507874430973,0.2331468252359576
2021-04-25 00:00:00,0.14152649550216254,-0.03581430124675808,0.3260152095066534,0.2489381248638397
2021-05-02 00:00:00,0.1495196485797312,-0.0332666005729607,0.3224111968146959,0.0
2021-05-09 00:00:00,0.13181198308368752,-0.03447624156568124,0.30850594550075355,0.0
2021-05-16 00:00:00,0.10267542903936532,-0.08350056485390325,0.2814949898465511,0.0
2021-05-23 00:00:00,0.08609986764739717,-0.09016872445897883,0.27906978778259417,0.0
2021-05-30 00:00:00,0.09214522198162708,-0.07902858080741229,0.2661554353302218,0.2514695621065285
2021-06-06 00:00:00,0.10860556761026718,-0.07503048318853137,0.29662648932741753,0.2898441334026137
2021-06-13 00:00:00,0.11622201499252241,-0.0832320964585283,0.30135918317528815,0.2531078284658331
2021-06-20 00:00:00,0.10999182869326982,-0.06885358164669972,0.29646874422556124,0.2055784760250247
2021-06-27 00:00:00,0.10311838047934643,-0.07767368556553989,0.2792117027843898,0.2479197958093552
2021-07-04 00:00:00,0.11037864559417024,-0.074299585312089,0.289101645707155,0.2598263122591804
2021-07-11 00:00:00,0.13074600930559546,-0.0641958327032878,0.3161311861667131,0.2234587477025912
2021-07-18 00:00:00,0.1487665780225761,-0.044059626609500885,0.3351308769806629,0.2687951442288731
2021-07-25 00:00:00,0.1517704793029013,-0.025550417335323095,0.33887432031581716,0.2576134278145177
2021-08-01 00:00:00,0.1422343413927184,-0.04574399100774293,0.31883288609337435,0.2570792351515399
2021-08-08 00:00:00,0.13178351519320328,-0.053504473710005857,0.31343272886058604,0.2526335210259476
2021-08-15 00:00:00,0.12577445292423,-0.05213203966846652,0.29808979419474013,0.2326738160079947
2021-08-22 00:00:00,0.11796092284375359,-0.07346586155200946,0.28887320189511323,0.0
2021-08-29 00:00:00,0.10145517585298297,-0.08141033624015487,0.292524076831182,0.0
2021-09-05 00:00:00,0.08186847257261881,-0.09068670257351003,0.2617736725070244,0.0
2021-09-12 00:00:00,0.07571606838934396,-0.10528931878855857,0.25432159944858,0.0
2021-09-19 00:00:00,0.09475771214710506,-0.082912250822264,0.28184934839107645,0.702990259100467
2021-09-26 00:00:00,0.13354209102318793,-0.04195207119402769,0.31490871978639035,0.8969342682322174
2021-10-03 00:00:00,0.1736845711131519,-0.013773881008582262,0.3563129490964034,0.64935138767294
2021-10-10 00:00:00,0.1996022570704839,0.024451985656273857,0.38775595233322346,0.7507240849943755
2021-10-17 00:00:00,0.2088613735669974,0.02330326457365276,0.39290969468030706,0.0
2021-10-24 00:00:00,0.20825859486573053,0.0291906802707802,0.3989929012711115,0.0
2021-10-31 00:00:00,0.20318467724646294,0.018759180577904183,0.3864544813038312,0.0
2021-11-07 00:00:00,0.19324508921380723,0.0075520192649824874,0.37420223178461653,0.0
2021-11-14 00:00:00,0.1770700540178199,0.0006408638569136704,0.36655139128909764,0.0
2021-11-21 00:00:00,0.15772556231086676,-0.029413576854227658,0.34617809368641156,0.0
2021-11-28 00:00:00,0.14095515761149602,-0.04571577968758245,0.32808163918503663,0.0
2021-12-05 00:00:00,0.12891494208098453,-0.06741903032346874,0.3118052411284551,0.0
2021-12-12 00:00:00,0.11806115823982805,-0.05645062319047156,0.3077081228678574,0.0
2021-12-19 00:00:00,0.10431237762511288,-0.07329894225451694,0.2907795149662141,0.0
2021-12-26 00:00:00,0.08929319147583882,-0.10164602351507343,0.2793709826023131,0.0
2022-01-02 00:00:00,0.08005663962646478,-0.10493720062677389,0.26141133537950645,0.0
2022-01-09 00:00:00,0.08231460887192056,-0.1037655132452841,0.26400841838931677,0.0
2022-01-16 00:00:00,0.09432064712517498,-0.088635973626183,0.27978492725141185,0.0
2022-01-23 00:00:00,0.10742238455255028,-0.0872406778722766,0.28216600173779466,0.0
2022-01-30 00:00:00,0.11246866424848845,-0.07380780886508106,0.2870579890017363,0.0
2022-02-06 00:00:00,0.10656133117634814,-0.08246851194797675,0.310281106776513,0.0
2022-02-13 00:00:00,0.09544132924611966,-0.0807680627265717,0.26412011416215375,0.0
2022-02-20 00:00:00,0.090169300453075,-0.10881069705751556,0.27512686162784067,0.0
2022-02-27 00:00:00,0.09961386229068511,-0.08647415398277802,0.2964031117486874,0.0
2022-03-06 00:00:00,0.12279091987426355,-0.06514362678042296,0.30524178145410263,0.4842011546949374
2022-03-13 00:00:00,0.14709849149143947,-0.026045781245749938,0.3391979318333938,0.4601469067556228
2022-03-20 00:00:00,0.15640731629292393,-0.017131015037929243,0.32912688085669795,0.4800262701671501
2022-03-27 00:00:00,0.14484148940393607,-0.03143737821065393,0.32353471426616265,0.57562566838229
2022-04-03 00:00:00,0.12412694877484648,-0.07373245021806474,0.30519379583610173,0.0
2022-04-10 00:00:00,0.11506612212939007,-0.07425416881387015,0.30542018061480386,0.0
2022-04-17 00:00:00,0.12836693787864933,-0.06302419981906948,0.30697768043972185,0.0
2022-04-24 00:00:00,0.1529612338318041,-0.023468403794233927,0.3461374504317997,0.0
2022-05-01 00:00:00,0.16520460481183769,-0.004195607763225542,0.343740512350287,0.0
2022-05-08 00:00:00,0.15166872263929826,-0.039597641846544726,0.32756645974163606,0.0
2022-05-15 00:00:00,0.12276731836207416,-0.05743747029935009,0.2949280256548402,0.0
2022-05-22 00:00:00,0.10255646627117428,-0.08530002669668665,0.2871069035673779,0.0
2022-05-29 00:00:00,0.1049014018819028,-0.06940311488599366,0.28029625969806626,0.2755478634384506
2022-06-05 00:00:00,0.12102984649562432,-0.07753058718551681,0.30591639575334373,0.2293293573597015
2022-06-12 00:00:00,0.13119843189894473,-0.04992874494094046,0.3144523089976907,0.2559389257657481
2022-06-19 00:00:00,0.12686242392652386,-0.05542612567009461,0.31322363079741766,0.2391838534360995
2022-06-26 00:00:00,0.11877089162667931,-0.05721025553570211,0.299693957999454,0.5412424215527303
2022-07-03 00:00:00,0.12301251961575888,-0.06490286155187644,0.3047487504526165,0.4922369238119107
2022-07-10 00:00:00,0.14193872343012312,-0.03891291378544344,0.31390357141362685,0.5325152699823814
2022-07-17 00:00:00,0.16163852057827,-0.028504881769169613,0.3517747947780855,0.4340053846529774
2022-07-24 00:00:00,0.16760880749809184,-0.012571623545357069,0.35216123755936346,0.0
2022-07-31 00:00:00,0.1595202447069387,-0.02235832439533894,0.3389794710534217,0.0
2022-08-07 00:00:00,0.14848691290384344,-0.02908595564645755,0.32592640969529374,0.0
2022-08-14 00:00:00,0.14187730112514096,-0.034294319045086924,0.31212503316992063,0.0
2022-08-21 00:00:00,0.13508995374550858,-0.04738357352985595,0.3102480128279213,0.5038560669755032
2022-08-28 00:00:00,0.12017498865068996,-0.05677891386194295,0.29755365128735717,0.4867420532814561
2022-09-04 00:00:00,0.1000809700231297,-0.08358276561667216,0.29265348662095647,0.5524614994088757
2022-09-11 00:00:00,0.09029349751811236,-0.09621911298200278,0.27148665132961786,0.456940380334165
2022-09-18 00:00:00,0.10468956639393741,-0.08096625490493758,0.27733882184245895,0.2567267531368772
2022-09-25 00:00:00,0.14110747469046064,-0.03771092379537165,0.3205264793917687,0.2584566711561363
2022-10-02 00:00:00,0.18244187040885557,-0.005277840718041257,0.34846126124725474,0.2455113760836972
2022-10-09 00:00:00,0.21148500152335353,0.027086386072937445,0.40439650214077943,0.2393051996232893
2022-10-16 00:00:00,0.2233460436978046,0.039344620115271574,0.412246548115944,0.5682151962666677
2022-10-23 00:00:00,0.22394893081452705,0.0411102265464842,0.4060222816846912,0.5230493440357402
2022-10-30 00:00:00,0.2195604235199451,0.03148601194313418,0.39758659986498107,0.4479747094613858
2022-11-06 00:00:00,0.2106603692382753,0.025027622074884223,0.38071167516892,0.460760750236206
2022-11-13 00:00:00,0.19552668471601192,0.009315860800787598,0.3864418290387031,0.2337183034649237
2022-11-20 00:00:00,0.17632478803769436,0.00449643384592735,0.36390862152362274,0.2294481584510683
2022-11-27 00:00:00,0.15876069235830143,-0.017447839093629916,0.3451199165324547,0.2820888598006661
2022-12-04 00:00:00,0.1460050985714903,-0.04522227663181491,0.32568518190328466,0.2547446782833418
2022-12-11 00:00:00,0.13532467506504492,-0.0557531254088707,0.31722250449404327,0.0
2022-12-18 00:00:00,0.12218394919814857,-0.08051310524431515,0.30272564732240653,0.0
2022-12-25 00:00:00,0.10696458486388387,-0.07130032760989946,0.280368183772229,0.0
2023-01-01 00:00:00,0.09613093695857063,-0.08033350044271848,0.28209462862821344,0.0
2023-01-08 00:00:00,0.09621169339589535,-0.07265629551134528,0.28059998403554387,0.0
2023-01-15 00:00:00,0.10697564291663451,-0.07722644655319105,0.3011300132130811,0.0
2023-01-22 00:00:00,0.12064153743519265,-0.06842844245055285,0.2989772830914519,0.0
2023-01-29 00:00:00,0.12758306016197662,-0.05326856690013465,0.3212365335537638,0.0
2023-02-05 00:00:00,0.12344750969256192,-0.05093707109804407,0.3169466243967084,0.2457572382729953
2023-02-12 00:00:00,0.1125182533473632,-0.0785235106613753,0.2924154078878781,0.2084112432411008
2023-02-19 00:00:00,0.10537379818041616,-0.07493390514621218,0.29436825715694825,0.2598081571728757
2023-02-26 00:00:00,0.11190480616515902,-0.06921761002666754,0.28651482266828915,0.2860233613130281
2023-03-05 00:00:00,0.1332674046823531,-0.0504353757064121,0.3056402897107376,0.4279847837483108
2023-03-12 00:00:00,0.15862922652628436,-0.01964319013400445,0.33935987129179584,0.5756152510509694
2023-03-19 00:00:00,0.17151338265190175,-0.011861226004329761,0.35431249307835067,0.5597467270058091
2023-03-26 00:00:00,0.16330939972736136,-0.011503893917304997,0.33638118668068084,0.4366532381949106
2023-04-02 00:00:00,0.14273344214460237,-0.0464244437248551,0.32947276994352376,0.2448399527537466
2023-04-09 00:00:00,0.13026449136022217,-0.060368839946943864,0.30770385498659586,0.2273329800503533
2023-04-16 00:00:00,0.1397479672448149,-0.03907969617184197,0.32043226367145977,0.27132129642312
2023-04-23 00:00:00,0.16397221023540692,-0.019467555697825337,0.3483418702109123,0.2565057707727801
2023-04-30 00:00:00,0.1799963924256284,-0.006284383494720228,0.3628674456827841,0.4762229769409082
2023-05-07 00:00:00,0.17099473199811402,-0.013164907444716684,0.35566991618362015,0.5553297985960969
2023-05-14 00:00:00,0.14316724958675298,-0.04689025604207045,0.316441145177982,0.4810732299524711
2023-05-21 00:00:00,0.11980055967808234,-0.059715210855667,0.30395299018969757,0.4873739945105234
2023-05-28 00:00:00,0.11812965509746219,-0.06087428169570161,0.29664873919865725,0.240022137763273
2023-06-04 00:00:00,0.13322933610256366,-0.050673311073119814,0.3190797133377744,0.2311958782031213
2023-06-11 00:00:00,0.1456534811807158,-0.027719954747617723,0.33131092602199474,0.2787322548603504
2023-06-18 00:00:00,0.14359746922419514,-0.052957519509561235,0.33136395518684675,0.2500497291732552
2023-06-25 00:00:00,0.13485904534559157,-0.05350968694835176,0.31509037205839574,0.0
2023-07-02 00:00:00,0.13616410863936063,-0.04012014212517277,0.3254349566651007,0.0
2023-07-09 00:00:00,0.15315713010669807,-0.025046874317030274,0.3356798431834964,0.0
2023-07-16 00:00:00,0.1740287326967434,-0.012817245687601814,0.3621747079933263,0.0
2023-07-23 00:00:00,0.1829641606228587,0.005746458775481675,0.36886300395616856,0.2507572647528007
2023-07-30 00:00:00,0.1767249298307536,-0.025858860416593812,0.3602189762284247,0.2697605838607735
2023-08-06 00:00:00,0.16536937142720778,-0.02044897621763514,0.34204661623672755,0.2271550088691174
2023-08-13 00:00:00,0.1579854897838999,-0.034002661643182705,0.33807179999264425,0.2523271425173083
2023-08-20 00:00:00,0.15192643101239056,-0.03309619531894245,0.3444757947286019,0.0
2023-08-27 00:00:00,0.1386907369936785,-0.04396570202728162,0.32736356482227824,0.0
2023-09-03 00:00:00,0.11862615457401382,-0.06539527334687115,0.2950665456722386,0.0
2023-09-10 00:00:00,0.10568985441817759,-0.07366783412743425,0.29824873447855726,0.0
2023-09-17 00:00:00,0.1153677487179933,-0.0694853250703687,0.2875571104198067,0.0
2023-09-24 00:00:00,0.14882872203425962,-0.023953829470451438,0.3279244773726927,0.0
2023-10-01 00:00:00,0.19076965803025997,0.017686978584439877,0.37724298708372084,0.0
2023-10-08 00:00:00,0.22278842012384237,0.045820903906721104,0.4147056835936708,0.0
2023-10-15 00:00:00,0.23747289741279393,0.06914509929619399,0.41217064371852163,0.0
2023-10-22 00:00:00,0.23949917620313405,0.045791795951167884,0.43217893841087424,0.0
2023-10-29 00:00:00,0.23579891883465368,0.05062535872562697,0.41931289297214475,0.0
2023-11-05 00:00:00,0.22786398383900747,0.028125661098940685,0.418565662814445,0.0
2023-11-12 00:00:00,0.2138419921571583,0.0377974112362678,0.3875239979334641,0.0
2023-11-19 00:00:00,0.1949839569838857,0.013821769338999312,0.37167608531321805,0.0
2023-11-26 00:00:00,0.17673797031416968,-0.008407421953456437,0.35902373236097856,0.0
2023-12-03 00:00:00,0.1631671764489777,-0.022950698633513844,0.34199508329682926,0.0
2023-12-10 00:00:00,0.15249473271591174,-0.0358905635316952,0.3404548351752872,0.2874718775098772
2023-12-17 00:00:00,0.13997059669665787,-0.044239934310547485,0.3224125989308102,0.2270113123924632
2023-12-24 00:00:00,0.12477537905253092,-0.056055793021735995,0.2991164829042865,0.2506687323292287
2023-12-31 00:00:00,0.11257316080543037,-0.0728485837559785,0.29141699596486303,0.2348480777684307
2024-01-07 00:00:00,0.11047142869390503,-0.08388132289197495,0.29834485867253235,
2024-01-14 00:00:00,0.11972837189511026,-0.06490599057758414,0.2998875532319579,
2024-01-21 00:00:00,0.1336311986818449,-0.04923625740819937,0.31328504829126647,
2024-01-28 00:00:00,0.1423199171023201,-0.04317671558013704,0.3431526061269564,
2024-02-04 00:00:00,0.14009915493869368,-0.03959047735805496,0.30501224562440543,
2024-02-11 00:00:00,0.12971711158793833,-0.058625050706008874,0.30752058821264405,
2024-02-18 00:00:00,0.12103848676150947,-0.048048522522359,0.3029195347932138,
2024-02-25 00:00:00,0.12470324371782271,-0.07037893089872962,0.3205645940589066,
2024-03-03 00:00:00,0.14388898691913918,-0.049163277991543436,0.32752021217252547,
2024-03-10 00:00:00,0.16974050911153438,-0.019875076757918525,0.34431997703775996,
2024-03-17 00:00:00,0.18589645980306546,-0.00011587470351558105,0.361807852496137,
2024-03-24 00:00:00,0.18134715747617464,-0.010210429640283805,0.36446806382978303,
2024-03-31 00:00:00,0.161616882590301,-0.033663209886042114,0.3414514685856095,
2024-04-07 00:00:00,0.1462250275133692,-0.035678958212828904,0.3443825390114985,
2024-04-14 00:00:00,0.15164638623742827,-0.026377418968753022,0.33285895830023654,
2024-04-21 00:00:00,0.17470408921597855,-0.015581922536016216,0.35166414311506305,
2024-04-28 00:00:00,0.19392156083637946,0.01003768528660444,0.38475973778909245,
2024-05-05 00:00:00,0.1896693429103884,0.016415021015376757,0.37902609594391484,
2024-05-12 00:00:00,0.16372788597927246,-0.024034762188984912,0.3489119298129347,
2024-05-19 00:00:00,0.13780334339547703,-0.040060844534670195,0.31764774639871474,
2024-05-26 00:00:00,0.13193604364641276,-0.058108448748450114,0.31489626970310913,
2024-06-02 00:00:00,0.14531953140405107,-0.0359966478550946,0.32734299787355603,
2024-06-09 00:00:00,0.15958689051263208,-0.02671780328702135,0.35591544096762845,
2024-06-16 00:00:00,0.16009262686652626,-0.015424205204221303,0.34738995880923723,
2024-06-23 00:00:00,0.15130178240319705,-0.02618069685245475,0.3198080506121389,
2024-06-30 00:00:00,0.14986917640868858,-0.023287553350828535,0.33185259228991804,
2024-07-07 00:00:00,0.16451072952957202,-0.01017425628049437,0.3534747182642007,
2024-07-14 00:00:00,0.18599918578469138,-0.0004858795509935371,0.35701010925570875,
2024-07-21 00:00:00,0.19779510234633335,0.01363638560653227,0.3623667757534933,
2024-07-28 00:00:00,0.19377054152848622,0.009447447112663349,0.3800953115680706,
2024-08-04 00:00:00,0.18241579578029585,-0.007277600217197186,0.34939867248066947,
2024-08-11 00:00:00,0.17415474292166633,-0.017759342283712523,0.35384695263776145,
2024-08-18 00:00:00,0.1685070782419758,-0.005579986649389038,0.3533923570150188,
2024-08-25 00:00:00,0.15694660002611083,-0.030902830474198936,0.341983193284246,
2024-09-01 00:00:00,0.1373931398819156,-0.046353491619402554,0.32310575471704417,
2024-09-08 00:00:00,0.12184990950248965,-0.04608402621320601,0.31168696799997675,
2024-09-15 00:00:00,0.1268531199866569,-0.06354503689670266,0.29189451019132545,
2024-09-22 00:00:00,0.15682848774545652,-0.027571924952872237,0.34125776524435825,
2024-09-29 00:00:00,0.1987472510309572,0.012585066147953766,0.38111752749961253,
2024-10-06 00:00:00,0.2335035277594892,0.056094576914043834,0.4054607157847444,
2024-10-13 00:00:00,0.2511914456750689,0.06746650210969182,0.4274265984554951,
2024-10-20 00:00:00,0.25488506372888853,0.06959901144802391,0.4375176918626739,
2024-10-27 00:00:00,0.2519127397173151,0.0829109154025817,0.43865644085530175,
2024-11-03 00:00:00,0.24486307804505583,0.05800544437564942,0.4309160854050558,
2024-11-10 00:00:00,0.23198937866543634,0.04407275338303737,0.4272493351308016,
2024-11-17 00:00:00,0.21366671768844736,0.028935837028755393,0.3993656837715855,
2024-11-24 00:00:00,0.1948825187148352,0.020805136025327117,0.38671077007774957,
2024-12-01 00:00:00,0.18043104802213045,0.011607474430363612,0.36324748452671257,
2024-12-08 00:00:00,0.16959378085116045,-0.0054970871974350105,0.35260733539281813,
2024-12-15 00:00:00,0.15765221416832692,-0.019071241236160982,0.3382116602245981,
2024-12-22 00:00:00,0.1426770102479133,-0.04038378556010219,0.3069823031149922,
2024-12-29 00:00:00,0.12935467566302822,-0.04174771832052901,0.3050087135276528,
2025-01-05 00:00:00,0.12511664380271112,-0.055667795550626065,0.30369782355359914,
2025-01-12 00:00:00,0.1326382250831275,-0.042094898324595814,0.31694571009247924,
2025-01-19 00:00:00,0.1464426360371615,-0.03179559233985593,0.3329031987952346,
2025-01-26 00:00:00,0.15668509016357307,-0.031190034109098236,0.34129101960900093,
2025-02-02 00:00:00,0.15647042239697811,-0.044001030828383386,0.3372804728884661,
2025-02-09 00:00:00,0.14696748675364157,-0.027568780075589716,0.32947444635031364,
2025-02-16 00:00:00,0.13711717708664767,-0.041929709755210626,0.3118829341680655,
2025-02-23 00:00:00,0.1380310238484639,-0.04147810126565539,0.32939822254523876,
2025-03-02 00:00:00,0.15474590026541318,-0.03846453053743121,0.33618035090121606,
2025-03-09 00:00:00,0.18052848227650206,-0.0017428057304780115,0.3561424639063622,
2025-03-16 00:00:00,0.19957137708360298,0.016506607623546346,0.37863997853166526,
2025-03-23 00:00:00,0.19885881616683448,0.002308245444858234,0.3699736575284247,
2025-03-30 00:00:00,0.18064641694158887,0.01085118152464662,0.37654145825100716,
2025-04-06 00:00:00,0.16290701259887774,-0.02415528194838852,0.33491924632651066,
2025-04-13 00:00:00,0.16416204491975248,-0.016801448863568463,0.3511725714068567,
2025-04-20 00:00:00,0.18530866976800142,0.004041947776655952,0.3657938598813474,
2025-04-27 00:00:00,0.2070346555499239,0.021160305217563978,0.3908880454409348,
2025-05-04 00:00:00,0.20759275277820088,0.0389450622231032,0.39795310667066436,
2025-05-11 00:00:00,0.18429432189107187,0.0151209634233333,0.3703478102345757,
2025-05-18 00:00:00,0.15650865464181224,-0.03287263340380894,0.34441412169346536,
2025-05-25 00:00:00,0.14640892483896914,-0.03338487908130107,0.32411193714548325,
2025-06-01 00:00:00,0.15742581612406295,-0.0133627342373773,0.34297515909641607,
2025-06-08 00:00:00,0.17302296203142015,-0.024463314386698784,0.3485228701921999,
2025-06-15 00:00:00,0.17625451298347106,-0.013774120644300919,0.37788741785059793,
2025-06-22 00:00:00,0.16800392348393445,-0.008388628862799064,0.3366143911434949,
2025-06-29 00:00:00,0.16414165839455241,-0.028146022754604566,0.3397035543897665,
2025-07-06 00:00:00,0.17610436023913736,-0.007513862831042675,0.3612363915787701,
2025-07-13 00:00:00,0.19762797171841,0.011284586717542414,0.3859856994067036,
2025-07-20 00:00:00,0.21207681550542198,0.016139164120308386,0.4038899708234488,
2025-07-27 00:00:00,0.21057745991290072,0.02671611510533073,0.39618813853469576,
2025-08-03 00:00:00,0.19959565832628612,0.002411171853935107,0.38068948474406533,
2025-08-10 00:00:00,0.1904329875609034,0.016736041898755105,0.36105339855372776,
2025-08-17 00:00:00,0.18487968685915068,-0.005249581940982434,0.3723391873177847,
2025-08-24 00:00:00,0.17490408571895327,-0.011411163706158176,0.3629265761212943,
2025-08-31 00:00:00,0.15627336381322726,-0.03667189343297407,0.34440488319203977,
2025-09-07 00:00:00,0.13870105556763096,-0.039561740600935674,0.3254190553998951,
2025-09-14 00:00:00,0.13918664575440556,-0.04221474663803905,0.31348278692684817,
2025-09-21 00:00:00,0.1652262134622932,-0.017554523012480824,0.3542714957232614,
2025-09-28 00:00:00,0.20646785346308943,0.022477012039014733,0.38203062879870614,
2025-10-05 00:00:00,0.24363581349203006,0.06502400595227203,0.4347810901223702,
2025-10-12 00:00:00,0.2644529255434406,0.08506162707327478,0.44593094079133777,
2025-10-19 00:00:00,0.2700747037570658,0.10316796155304146,0.4599232943716461,
2025-10-26 00:00:00,0.2679102038706664,0.08991920205065353,0.4338963066709602,
2025-11-02 00:00:00,0.26166915300502225,0.0712454828592634,0.44904705466935546,
2025-11-09 00:00:00,0.24994794644314156,0.07634460999799207,0.438243724784823,
2025-11-16 00:00:00,0.23233505765731555,0.045216972753070316,0.41163777137161145,
2025-11-23 00:00:00,0.2131823711941589,0.031537815394536726,0.39072916568216637,
2025-11-30 00:00:00,0.19782271677258265,0.022784792330497246,0.372262243617687,
2025-12-07 00:00:00,0.18664917475276066,-0.006175903451592996,0.37545598550354653,
2025-12-14 00:00:00,0.1752168448672224,0.0008380462989117377,0.3705949427162975,
2025-12-21 00:00:00,0.16062281613166254,-0.026347916693759965,0.34043515667222596,
2025-12-28 00:00:00,0.14643983869557273,-0.036549078179680214,0.31839418494670496,
2026-01-04 00:00:00,0.1401607095568821,-0.034172077762812864,0.32304477447470537,
2026-01-11 00:00:00,0.14576096797905153,-0.035717076038223466,0.33096974545969016,
2026-01-18 00:00:00,0.15913196096108387,-0.023714518556154668,0.3470409233316796,
2026-01-25 00:00:00,0.17069403115486215,-0.005609969735500042,0.35302778593576273,
2026-02-01 00:00:00,0.1725235876380859,-0.019494814633990692,0.3572026937129511,
2026-02-08 00:00:00,0.16420014567535876,-0.02386739651865502,0.33712618086726237,
2026-02-15 00:00:00,0.15355551597568212,-0.024612080204087936,0.3310959031437054,
2026-02-22 00:00:00,0.15189607890744916,-0.030867181259416954,0.32661798047690027,
2026-03-01 00:00:00,0.1659190489560553,-0.021600573941723364,0.35302889406928023,
2026-03-08 00:00:00,0.19109490033197551,0.005987087611047853,0.3674060183368044,
2026-03-15 00:00:00,0.212572399447868,0.025645751214399132,0.4191999787456064,
2026-03-22 00:00:00,0.21576560258036054,0.04518013872866386,0.40113459691230613,
2026-03-29 00:00:00,0.1996881460960046,0.014281547317753038,0.39311712042568236,
2026-04-05 00:00:00,0.1802462258690716,-0.003061249097246435,0.3592972151946924,
2026-04-12 00:00:00,0.177372376240779,-0.008213181968208388,0.3666381020657644,
2026-04-19 00:00:00,0.19593966719751194,0.010918465160339147,0.37788917814435935,
2026-04-26 00:00:00,0.21941619901556011,0.02791701861246415,0.41206315756976486,
2026-05-03 00:00:00,0.22468949416795386,0.03426653104223806,0.4041929169847076,
2026-05-10 00:00:00,0.20470948162798558,0.03811142318535587,0.3960608229219223,
2026-05-17 00:00:00,0.1758345697935314,-0.009683609849494804,0.35810307961624244,
2026-05-24 00:00:00,0.16161515015895134,-0.022096009737841565,0.3491655039406365,
2026-05-31 00:00:00,0.16967859588895717,-0.011263608352481691,0.35209506921065453,
2026-06-07 00:00:00,0.18601001166978232,0.0029385288229697853,0.3784059476428695,
2026-06-14 00:00:00,0.192004814964238,0.010184189084465917,0.3839994148907539,
2026-06-21 00:00:00,0.18486008422582223,0.003334770680518115,0.37777502612164965,
2026-06-28 00:00:00,0.17897298624045893,0.005656024728206532,0.36673367016885833,
2026-07-05 00:00:00,0.1880340132281384,0.017787379658019978,0.3670714399683871,
2026-07-12 00:00:00,0.20900662222910305,0.018782386552172473,0.4042237383482536,
2026-07-19 00:00:00,0.2258028506711285,0.050324337408301466,0.3936945046421977,
2026-07-26 00:00:00,0.22706801600536988,0.039396903629077835,0.417444199849888,
2026-08-02 00:00:00,0.2168640362532289,0.03334056327137141,0.4143014110922641,
2026-08-09 00:00:00,0.20685753631742024,0.023569095645825613,0.3970047579104474,
2026-08-16 00:00:00,0.20110003051428227,0.028847853333715867,0.38373463066070296,
2026-08-23 00:00:00,0.1925425878263996,0.010902610293558962,0.37568758501079025,
2026-08-30 00:00:00,0.17516433278665322,-0.00877657753135555,0.3546681482779395,
2026-09-06 00:00:00,0.1561560387522375,-0.023528030604749686,0.3330823577381875,
2026-09-13 00:00:00,0.15238814102106887,-0.031080867141263735,0.3391088676635542,
2026-09-20 00:00:00,0.17413444291201158,-0.010156452404816316,0.3652623490127979,
2026-09-27 00:00:00,0.21403644372379796,0.010965025496381287,0.4064681633725575,
2026-10-04 00:00:00,0.25320649020714336,0.06102910793407358,0.4282448422002461,
2026-10-11 00:00:00,0.27721283074378145,0.09350494864408765,0.44777429065072555,
2026-10-18 00:00:00,0.285029360206113,0.09212813490157991,0.46914123354277165,
2026-10-25 00:00:00,0.28379399289488105,0.10193518689342915,0.4700834956710738,
2026-11-01 00:00:00,0.27829677899674343,0.08862193187562308,0.4613491227126435,
2026-11-08 00:00:00,0.26770306047636006,0.07714278599245773,0.4435802865427867,
2026-11-15 00:00:00,0.25095086528140775,0.06816384536095987,0.42434893095695936,
2026-11-22 00:00:00,0.23161850050047567,0.04742078461044338,0.4332547190940798,
2026-11-29 00:00:00,0.2153630103746571,0.04343801358813167,0.40088375649880514,
2026-12-06 00:00:00,0.2036917272158798,0.02426762152627497,0.3809960595556881,
2026-12-13 00:00:00,0.1926608433642774,0.013521353145918083,0.387638694712693,
2026-12-20 00:00:00,0.17856964390700353,-0.013068986653259743,0.3630829265348778,
2026-12-27 00:00:00,0.16378731970797145,-0.026274290672770123,0.3504376283786647,
2027-01-03 00:00:00,0.15560729476133678,-0.029774602983070567,0.33174769278863314,
2027-01-10 00:00:00,0.1591472906270186,-0.03056104564659526,0.3468668963628566,
2027-01-17 00:00:00,0.17175874672058583,0.002452661861074193,0.36323602979352726,
2027-01-24 00:00:00,0.18437137914296042,0.0009232998643450424,0.3809586351235694,
2027-01-31 00:00:00,0.18822976152507714,0.006149512741207633,0.38060362119569535,
2027-02-07 00:00:00,0.18134857728322196,-0.004382573169421394,0.3586066288130854,
2027-02-14 00:00:00,0.17029260399676346,-0.020065259701936594,0.35113899383944797,
2027-02-21 00:00:00,0.16629285056970974,-0.01863660921021046,0.34972832903312834,
2027-02-28 00:00:00,0.17747827972576147,-0.0007538884979561705,0.3599761904237097,
2027-03-07 00:00:00,0.20154408060127582,0.014582827493333575,0.3727580118937169,
2027-03-14 00:00:00,0.22495158493579265,0.02928723614721703,0.4129632418898549,
2027-03-21 00:00:00,0.23200786110162497,0.0610161947322828,0.40505692275251437,
2027-03-28 00:00:00,0.2186094610614579,0.03710657643692501,0.40563328085489636,
2027-04-04 00:00:00,0.198157500226144,0.020723686014192874,0.3858249377067432,
2027-04-11 00:00:00,0.191330159447419,0.004251497966500664,0.384757827445996,
2027-04-18 00:00:00,0.20674749347190946,0.02837983143018504,0.3957531381345607,
2027-04-25 00:00:00,0.23116977295145638,0.05109275221255029,0.4056048515509518,
2027-05-02 00:00:00,0.24091102934695144,0.06038342078192996,0.42531797081669764,
2027-05-09 00:00:00,0.22481961931854058,0.05113888468643414,0.4108619945822859,
2027-05-16 00:00:00,0.19567598245068804,0.018303177242717253,0.3872114879550318,
2027-05-23 00:00:00,0.17759704825220735,0.004961787999935116,0.3720245004557219,
2027-05-30 00:00:00,0.1822081622468782,-0.001060272992591954,0.3561146112909356,
2027-06-06 00:00:00,0.19861881988093086,0.01914254111318686,0.3825506514558723,
2027-06-13 00:00:00,0.20728383416069318,0.019623720688059273,0.386580710413351,
2027-06-20 00:00:00,0.20175905462406668,0.029890982581599918,0.3953570596071081,
2027-06-27 00:00:00,0.19433233284792284,0.009149855915277491,0.36821988843270836,
2027-07-04 00:00:00,0.20038294731178502,0.012772881733177033,0.3915869085968986,
2027-07-11 00:00:00,0.22023680650176902,0.02842400054586121,0.407659458981365,
2027-07-18 00:00:00,0.2389861159889116,0.062042705960081185,0.4196858394827027,
2027-07-25 00:00:00,0.24317021431762254,0.05914974946503607,0.43204624708386136,
2027-08-01 00:00:00,0.23416336938455057,0.03966050152196055,0.4130140604413205,
2027-08-08 00:00:00,0.22345279830977757,0.030389928280485583,0.4038195541804155,
2027-08-15 00:00:00,0.2172284695626774,0.028252865204258827,0.4013446521238372,
2027-08-22 00:00:00,0.20985917058586923,0.0326709446174205,0.3975367968667694,
2027-08-29 00:00:00,0.19397305125454278,0.01486364652575084,0.3673243781596762,
2027-09-05 00:00:00,0.17411619409802548,-0.0032239853085960224,0.3601570177986547,
2027-09-12 00:00:00,0.16645574687586728,-0.010736642901330501,0.35558936416091413,
2027-09-19 00:00:00,0.183655285506307,0.0007329491552897083,0.3768264285815024,
2027-09-26 00:00:00,0.22156713499280417,0.04569705580798319,0.4071975718898859,
2027-10-03 00:00:00,0.2622532026124228,0.0738581208602981,0.45086886264761356,
2027-10-10 00:00:00,0.28943346706412204,0.09923745422492727,0.4653749944130705,
2027-10-17 00:00:00,0.29970467144733953,0.10988374072577048,0.4807858029804115,
2027-10-24 00:00:00,0.29956003856182645,0.10646325792801858,0.48032278372325504,
2027-10-31 00:00:00,0.29476210384964197,0.11748494551387864,0.4714892341790389,
2027-11-07 00:00:00,0.28524656623341094,0.112475667047897,0.47124980649032455,
2027-11-14 00:00:00,0.2694774717273029,0.08689837793184803,0.43942382056693297,
2027-11-21 00:00:00,0.2501655695951124,0.06223080350070353,0.4396025250964344,
2027-11-28 00:00:00,0.23306651475279613,0.06049495947913932,0.42326945475436684,
2027-12-05 00:00:00,0.2207541249739872,0.03437589401689338,0.4078835382630634,
2027-12-12 00:00:00,0.2099886954271089,0.020684937294553375,0.40870026668193987,
2027-12-19 00:00:00,0.1964793057412974,0.0073778454356060175,0.37312664674999346,
2027-12-26 00:00:00,0.18135160584389654,-0.010828105362496593,0.3488655523845903,
2028-01-02 00:00:00,0.1714504224107476,-0.012532756181288907,0.35896994134274496,
2028-01-09 00:00:00,0.1728414868862329,-0.0032054757757993407,0.35435643067128364,
2028-01-16 00:00:00,0.18438454547497826,0.012259107829580396,0.36519125932195196,
2028-01-23 00:00:00,0.19775034757503737,0.013713077041207944,0.37422394087759453,
2028-01-30 00:00:00,0.20356941702418346,0.03449573803989401,0.3804152438186185,
2028-02-06 00:00:00,0.19835042205431175,0.014523645693165319,0.37629946538959275,
2028-02-13 00:00:00,0.1872626807294409,0.003590860286433864,0.3701187059982276,
2028-02-20 00:00:00,0.18120302804029415,-0.01802029734296523,0.3699393331738602,
2028-02-27 00:00:00,0.189481044515806,-0.0015311280467901894,0.3753492947913094,
2028-03-05 00:00:00,0.2119799266085428,0.020405826488742618,0.381109368821267,
2028-03-12 00:00:00,0.23677667003447683,0.0652224004310223,0.41903804015675317,
2028-03-19 00:00:00,0.2475463269737103,0.07711750941756088,0.42768179794038763,
2028-03-26 00:00:00,0.2372832116187556,0.056836123284809165,0.4170152020959886,
2028-04-02 00:00:00,0.21653791739818698,0.03359832942479721,0.3986380691582983,
2028-04-09 00:00:00,0.20606216315382325,0.018100663775002163,0.38370594743882447,
2028-04-16 00:00:00,0.21787422140788223,0.03327826373184834,0.3897321190497978,
2028-04-23 00:00:00,0.2424183160751698,0.06647191978143593,0.4321755120167082,
2028-04-30 00:00:00,0.2562373789995154,0.05968944324810651,0.4373293964827263,
2028-05-07 00:00:00,0.24447971456644843,0.07259628032714063,0.4247350893311871,
2028-05-14 00:00:00,0.21590806764217296,0.011374434381183726,0.3883799089026128,
2028-05-21 00:00:00,0.19437031479072495,0.011275192806684792,0.3691777351659574,
2028-05-28 00:00:00,0.19513948914738816,0.004221070729136328,0.3792241319601226,
2028-06-04 00:00:00,0.210940146501343,0.02927907534702484,0.38944326763216375,
2028-06-11 00:00:00,0.2220533026986233,0.04096274398723747,0.39500473459321633,
2028-06-18 00:00:00,0.21858846685796376,0.03394265119941349,0.40758141650738483,
2028-06-25 00:00:00,0.21016777916908844,0.03321192289478078,0.3917672520456919,
2028-07-02 00:00:00,0.21321827362243642,0.02421217618624609,0.37235078968533014,
2028-07-09 00:00:00,0.2314265383600409,0.04593237158117226,0.4088760403847317,
2028-07-16 00:00:00,0.25165905188544835,0.0765085971476844,0.4365312490721784,
2028-07-23 00:00:00,0.25882129490212735,0.080869529878257,0.4445260953041353,
2028-07-30 00:00:00,0.2514258645901637,0.07479794511049528,0.43138989732574895,
2028-08-06 00:00:00,0.24022862357585134,0.04036836303147939,0.4264968721090187,
2028-08-13 00:00:00,0.23332639823007825,0.04702206323852551,0.40605539100418886,
2028-08-20 00:00:00,0.2268675973449677,0.032330148011922126,0.4107294255947825,
2028-08-27 00:00:00,0.2126189997490665,0.027007173024735397,0.3996901064299147,
2028-09-03 00:00:00,0.19247505969419954,0.011489092891732916,0.3768584453543172,
2028-09-10 00:00:00,0.18136616652106893,-0.006167279410075971,0.3693410085808949,
2028-09-17 00:00:00,0.1938771673524697,0.009776378713481595,0.3819167093959954,
2028-09-24 00:00:00,0.22918009440389256,0.04691375934219702,0.4005944676611376,
2028-10-01 00:00:00,0.2708301385248637,0.08161650966141967,0.4428854487293662,
2028-10-08 00:00:00,0.30108641918040774,0.1209394650584133,0.4765452724384294,
2028-10-15 00:00:00,0.3140522821549845,0.13600158527146117,0.49718831183843215,
2028-10-22 00:00:00,0.31519674397209424,0.13774732426367284,0.4892703161958575,
2028-10-29 00:00:00,0.31108123134527177,0.12202676834235847,0.48913470638165496,
2028-11-05 00:00:00,0.3025766473857467,0.11538855627968819,0.4959411472908193,
2028-11-12 00:00:00,0.28788109653025873,0.09936982673614654,0.4629050050662671,
2028-11-19 00:00:00,0.2687929646720814,0.08053611172379342,0.4496914513385642,
2028-11-26 00:00:00,0.2509407960250867,0.065203739765489,0.42186762709253806,
2028-12-03 00:00:00,0.23786927804817404,0.036401102078427915,0.42175542050634324,
2028-12-10 00:00:00,0.22721250330206297,0.030576022563586082,0.41552531702969026,
2028-12-17 00:00:00,0.21431982503893923,0.025687899684520038,0.40309775120903335,
2028-12-24 00:00:00,0.1990846388362924,0.021141280020846934,0.3884290413405567,
2028-12-31 00:00:00,0.1876748298168598,0.001450609698422034,0.37632106276325406,
2029-01-07 00:00:00,0.18688030576514508,0.011872974328729066,0.36591849641690294,
2029-01-14 00:00:00,0.19707133875087549,0.012501488436755206,0.37515342926363415,
2029-01-21 00:00:00,0.21087191542945857,0.021132738559474798,0.40577732151417295,
2029-01-28 00:00:00,0.2185327197686719,0.03727135905136682,0.3945945258733372,
2029-02-04 00:00:00,0.2151487731070152,0.020736781488535368,0.39363231792088094,
2029-02-11 00:00:00,0.20439683760623337,0.026477561066792804,0.39657832345510013,
2029-02-18 00:00:00,0.1965965579917576,0.013360172349382582,0.3766032392635896,
2029-02-25 00:00:00,0.20197146581566752,0.011462716735906625,0.37884747830784293,
2029-03-04 00:00:00,0.22250310832687445,0.048028786399053655,0.40234688055858203,
2029-03-11 00:00:00,0.2481285728667887,0.0776162926592483,0.4207299128906312,
2029-03-18 00:00:00,0.26236271433217745,0.09125390467022404,0.44527437510352785,
2029-03-25 00:00:00,0.25559157337293026,0.07834866768381614,0.44158185169415104,
2029-04-01 00:00:00,0.2352705149492298,0.03781503246153023,0.41940822210796924,
2029-04-08 00:00:00,0.2215686964945988,0.03026373797840458,0.4081030842796328,
2029-04-15 00:00:00,0.2294489080479919,0.046079466485021196,0.4132348792155626,
2029-04-22 00:00:00,0.253299778686602,0.068007248253185,0.44486888415010223,
2029-04-29 00:00:00,0.270677731111967,0.08285395351397853,0.456098216856684,
2029-05-06 00:00:00,0.2635585633737768,0.08123375919855086,0.46067047001273853,
2029-05-13 00:00:00,0.23639050352925797,0.06078894350333088,0.4142489683402676,
2029-05-20 00:00:00,0.21192289679535187,0.022991074424418584,0.3727439961050636,
2029-05-27 00:00:00,0.20858716724445145,0.02302969052961644,0.3904880929177957,
2029-06-03 00:00:00,0.22308140070204907,0.04491814362347718,0.4174619248538589,
2029-06-10 00:00:00,0.23629835165154667,0.04676984495095526,0.4197499776406702,
2029-06-17 00:00:00,0.23523956196083395,0.045733433048761575,0.42259919474322966,
2029-06-24 00:00:00,0.22640836520060184,0.03629674845104954,0.41146531525110996,
2029-07-01 00:00:00,0.2265881592071074,0.053245202153212046,0.4113949677759198,
2029-07-08 00:00:00,0.2426860471237386,0.0634613417477516,0.4254432988272484,
2029-07-15 00:00:00,0.263872969068991,0.07665192680373648,0.44238858043666196,
2029-07-22 00:00:00,0.27397097261166065,0.090878229093573,0.45659841057461664,
2029-07-29 00:00:00,0.26857644376727935,0.08830134324436828,0.45374431670264714,
2029-08-05 00:00:00,0.2571793585369103,0.06844974675036418,0.4306437764176556,
2029-08-12 00:00:00,0.2494526940139483,0.06622530256814947,0.42963957444277423,
2029-08-19 00:00:00,0.24359665147249915,0.051268307738762994,0.4292807024349963,
2029-08-26 00:00:00,0.23103654348966574,0.04384810473349093,0.42026400086995613,
2029-09-02 00:00:00,0.2111222272726019,0.033468733784978395,0.3905720260820854,
2029-09-09 00:00:00,0.1970756578979728,0.023444129717864734,0.3799559256723749,
2029-09-16 00:00:00,0.20487199977264808,0.017153549989437147,0.38128665056061867,
2029-09-23 00:00:00,0.23699812718578264,0.04876672236476511,0.42425799572707884,
2029-09-30 00:00:00,0.27900751188685036,0.0908024412868499,0.46613960242508123,
2029-10-07 00:00:00,0.31215481487215757,0.12054018313802888,0.498744565702132,
2029-10-14 00:00:00,0.328021831334125,0.14292226859608426,0.5178502703796928,
2029-10-21 00:00:00,0.3306845971994747,0.14227016911516505,0.5176210673855828,
2029-10-28 00:00:00,0.327268552827236,0.14917234209254276,0.5082169934677081,
2029-11-04 00:00:00,0.31969732650711946,0.13486050586722428,0.498531235364355,
2029-11-11 00:00:00,0.30613212457428185,0.11205730472436656,0.48037709789242056,
2029-11-18 00:00:00,0.28746606019553167,0.10357515636892714,0.46483984566323433,
2029-11-25 00:00:00,0.2689859443290339,0.08801475445528685,0.46043496011548907,
2029-12-02 00:00:00,0.25506867367689096,0.059653244989121536,0.44137179753381117,
2029-12-09 00:00:00,0.2443511580662556,0.0636759236406667,0.4266178004065911,
2029-12-16 00:00:00,0.23206642449111478,0.0633475468806971,0.4120795794340557,
2029-12-23 00:00:00,0.2169375263759867,0.04010899771663834,0.3847019605917809,
2029-12-30 00:00:00,0.20425662582502777,0.025520602790906573,0.39388309976902175,
2030-01-06 00:00:00,0.2012920142798924,0.01492463401194151,0.3742938756179613,
2030-01-13 00:00:00,0.20987995984617855,0.022524496697946747,0.3996129338040498,
2030-01-20 00:00:00,0.2237838341831901,0.04527678307051838,0.4207822343271965,
2030-01-27 00:00:00,0.23311965636132465,0.04864159885574574,0.4059647096599033,
2030-02-03 00:00:00,0.231693332007338,0.039996173307981255,0.4135638503689074,
2030-02-10 00:00:00,0.22162472194125576,0.04538344305202726,0.405425879633877,
2030-02-17 00:00:00,0.21243288231217458,0.03264217206411392,0.4007774386109552,
2030-02-24 00:00:00,0.21497980349741552,0.04371208730848974,0.40822031742073744,
2030-03-03 00:00:00,0.23320847430069977,0.048930468733473,0.41111109340171803,
2030-03-10 00:00:00,0.2590986118157831,0.06733026503172965,0.44867793278015355,
2030-03-17 00:00:00,0.2764596289071777,0.08923206628568618,0.4621502045149906,
2030-03-24 00:00:00,0.2734294945315754,0.08333917740233622,0.4470216638680351,
2030-03-31 00:00:00,0.25422836399082727,0.0617510765152993,0.44144848692587996,
2030-04-07 00:00:00,0.2378240635525392,0.047587185588582666,0.4139029823951326,
2030-04-14 00:00:00,0.24158343627325,0.05055093119230581,0.42023665045281766,
2030-04-21 00:00:00,0.2639622973219504,0.07442819580979003,0.4500932195813193,
2030-04-28 00:00:00,0.2842700145266648,0.10023415908792523,0.4613242972136255,
2030-05-05 00:00:00,0.28194337622807764,0.09471490094832831,0.45721724010190157,
2030-05-12 00:00:00,0.25697229290693935,0.0788285242868128,0.4362285133141919,
2030-05-19 00:00:00,0.23021492034414937,0.05417631027507876,0.4098798180036485,
2030-05-26 00:00:00,0.22265067693529564,0.031444849867845646,0.4073746544368431,
2030-06-02 00:00:00,0.23516259166748577,0.0487511590003889,0.4215462706342114,
2030-06-09 00:00:00,0.25002854149010195,0.06405581918089824,0.43496616544767197,
2030-06-16 00:00:00,0.25161185988193824,0.07052535248714,0.43222484188238836,
2030-06-23 00:00:00,0.2429669503344302,0.06696279299381042,0.41745904031234593,
2030-06-30 00:00:00,0.2405197752894619,0.052124804084826365,0.4317171820394799,
2030-07-07 00:00:00,0.2541234825590267,0.07482346340009272,0.44348956941563916,
2030-07-14 00:00:00,0.2756965643573236,0.09029536009612567,0.45907016722103766,
2030-07-21 00:00:00,0.28858420372914123,0.11156651967419504,0.4667117480443067,
2030-07-28 00:00:00,0.2855361073626066,0.10422372212931501,0.46963931695883326,
2030-08-04 00:00:00,0.27428365886638084,0.07777552776987835,0.4532617898730475,
2030-08-11 00:00:00,0.26566032893648206,0.07402851179305556,0.4413803939131583,
2030-08-18 00:00:00,0.26008782814666975,0.0701807821564463,0.4289444365462285,
2030-08-25 00:00:00,0.24917667720158465,0.06939862396310345,0.4476483355760924,
2030-09-01 00:00:00,0.22994727680797475,0.06169773723510644,0.4294885143937692,
2030-09-08 00:00:00,0.21352174959193918,0.02366680449345044,0.39205245599499833,
2030-09-15 00:00:00,0.21669288095813505,0.02409124042695461,0.4114970491297317,
2030-09-22 00:00:00,0.24514304858035324,0.05956760709816715,0.4330260223926853,
2030-09-29 00:00:00,0.28687041147684256,0.09976623779513995,0.4657739625555709,
2030-10-06 00:00:00,0.3226352770024986,0.1433020266158593,0.49241124088413546,
2030-10-13 00:00:00,0.3415632228900018,0.1468147078389928,0.5348929173657796,
2030-10-20 00:00:00,0.34599621815537973,0.15996989995398125,0.5327319417489669,
2030-10-27 00:00:00,0.3433351201378918,0.14880486340173732,0.5269045146635936,
2030-11-03 00:00:00,0.33661762965553566,0.1582771768661989,0.5207747559584907,
2030-11-10 00:00:00,0.32420614961786126,0.14649348200192647,0.5017700234863938,
2030-11-17 00:00:00,0.3061476547870159,0.10736600736255977,0.48629903060949314,
2030-11-24 00:00:00,0.28719445898599677,0.11249241718238129,0.4683796680051001,
2030-12-01 00:00:00,0.27238080661742037,0.09224036298941776,0.4516045593611714,
2030-12-08 00:00:00,0.2614292340526477,0.08436359314202471,0.43886456243163197,
2030-12-15 00:00:00,0.24970221657956432,0.06543592049488463,0.43600414785783,
2030-12-22 00:00:00,0.2348622650493941,0.051676240970093136,0.4180577723259834,
2030-12-29 00:00:00,0.22116422736397606,0.0420876323246992,0.4099315616499427,
2031-01-05 00:00:00,0.2160957061818709,0.031781242253277026,0.40186463605873196,
2031-01-12 00:00:00,0.22286852998819714,0.03613029055846782,0.4060352468529287,
2031-01-19 00:00:00,0.2365394671394073,0.05102899594223223,0.4334840566513018,
2031-01-26 00:00:00,0.2473399565070804,0.0736161354712494,0.4287128738225781,
2031-02-02 00:00:00,0.2479414047696193,0.06892641365517971,0.44181248142007856,
2031-02-09 00:00:00,0.23887619953607925,0.05670855831440773,0.41849155595323095,
2031-02-16 00:00:00,0.228662358192305,0.04561305480161325,0.4147713394827495,
2031-02-23 00:00:00,0.22852231027156406,0.03442531701877301,0.40906920421755155,
2031-03-02 00:00:00,0.24418275790162972,0.05350889816856402,0.43088283450510473,
2031-03-09 00:00:00,0.2697855409563118,0.08989603101289229,0.46087447568395357,
2031-03-16 00:00:00,0.2898598377498576,0.10294720253920607,0.471145513647987,
2031-03-23 00:00:00,0.29070762297437913,0.10900097402912984,0.4606193127367557,
2031-03-30 00:00:00,0.2732788678941469,0.0888608639218564,0.4495099253363887,
2031-04-06 00:00:00,0.2547778840786904,0.08518258654575779,0.4327851194018292,
2031-04-13 00:00:00,0.25436901181051635,0.06965907354308896,0.44177964873730574,
2031-04-20 00:00:00,0.2745590679840204,0.09432568953062903,0.46005512580359764,
2031-04-27 00:00:00,0.29707946033770966,0.11621713856119015,0.4853522597197598,
2031-05-04 00:00:00,0.29954371480896447,0.12434759107656264,0.47949960313948115,
2031-05-11 00:00:00,0.27749700399208965,0.07948715012488206,0.46978866318741686,
2031-05-18 00:00:00,0.2491796700214173,0.0718664297257878,0.4243377873069201,
2031-05-25 00:00:00,0.2374101885526716,0.046416516310474686,0.4193662356421567,
2031-06-01 00:00:00,0.24731171539035196,0.05011641260212429,0.43863627900896146,
2031-06-08 00:00:00,0.26327790323048217,0.07084733654597025,0.4397587385212654,
2031-06-15 00:00:00,0.2676175396735635,0.09428344637368104,0.45916074716099514,
2031-06-22 00:00:00,0.2597437736971014,0.06147898980168979,0.435204712786816,
2031-06-29 00:00:00,0.255018085794516,0.06837176169536213,0.4367418158413627,
2031-07-06 00:00:00,0.26584063354278764,0.07824305356296785,0.4482246114310577,
2031-07-13 00:00:00,0.2872136647004331,0.0945102591173623,0.47140276442031087,
2031-07-20 00:00:00,0.3026433491923676,0.118215849166342,0.48173801515945053,
2031-07-27 00:00:00,0.30222556582811805,0.12751791517834368,0.48306069157787734,
2031-08-03 00:00:00,0.2915050727353762,0.11181305879885861,0.475086094762927,
2031-08-10 00:00:00,0.28199329540864476,0.09906790166455225,0.4621760813972582,
2031-08-17 00:00:00,0.2763925026007791,0.09292630401305543,0.4520716942519833,
2031-08-24 00:00:00,0.26700803956121333,0.08233148355848548,0.4453192736848389,
2031-08-31 00:00:00,0.24884363866247053,0.06018070492324974,0.4411719842486047,
2031-09-07 00:00:00,0.2306256171659397,0.04550972920369967,0.42067114510358045,
2031-09-14 00:00:00,0.22937242684559306,0.03572124467815729,0.3983641136085113,
2031-09-21 00:00:00,0.2537319781062848,0.060836127005695476,0.44387807920175326,
2031-09-28 00:00:00,0.2945170357649702,0.1221201314343372,0.47189021594259417,
2031-10-05 00:00:00,0.3325394630490496,0.13813602575448747,0.5114889405487636,
2031-10-12 00:00:00,0.3546290889920456,0.1837903586572209,0.5368302538939953,
2031-10-19 00:00:00,0.3610968600859877,0.17970004440597165,0.5528860622142173,
2031-10-26 00:00:00,0.3592871487863507,0.1801838835556691,0.5472107614475046,
2031-11-02 00:00:00,0.35335045307197843,0.17201579252672422,0.5389002906342546,
2031-11-09 00:00:00,0.34208473022776265,0.15942167612978936,0.5225235799545167,
2031-11-16 00:00:00,0.324799508268672,0.14459079971034966,0.5066724682881872,
2031-11-23 00:00:00,0.3055514788724116,0.12360242413250322,0.48773130156316835,
2031-11-30 00:00:00,0.28982975455260995,0.10230947595360262,0.47950096936969866,
2031-12-07 00:00:00,0.27847565238046307,0.08326376001380863,0.4506217168329017,
2031-12-14 00:00:00,0.26721856880219685,0.07850915223879443,0.4544624362994567,
2031-12-21 00:00:00,0.2528134105892965,0.06427509072162724,0.4354299431151568,
2031-12-28 00:00:00,0.23835954683062202,0.050177378578914036,0.42183503106717263,
2032-01-04 00:00:00,0.23130088415756717,0.048033266132282516,0.42122626298766425,
2032-01-11 00:00:00,0.2360909522379059,0.05218816731269367,0.41916453580987256,
2032-01-18 00:00:00,0.24919648268371403,0.06600654249591575,0.44004270589740824,
2032-01-25 00:00:00,0.2612128075641939,0.08160594082110316,0.4347868000729819,
2032-02-01 00:00:00,0.2638587256108821,0.0823976900308266,0.4544450876793545,
2032-02-08 00:00:00,0.2560829470988133,0.054310085106311815,0.43527262735207917,
2032-02-15 00:00:00,0.24522781510608804,0.07009216012107168,0.4225887132462442,
2032-02-22 00:00:00,0.24260145276521833,0.05100761034283121,0.42249189407970833,
2032-02-29 00:00:00,0.2555026262731933,0.08535614974116973,0.43477011951825867,
2032-03-07 00:00:00,0.2802925036228632,0.10035066839175977,0.4692505971106041,
2032-03-14 00:00:00,0.3026049484883414,0.13215152555175178,0.498237166788472,
2032-03-21 00:00:00,0.3073546361805114,0.12241539885282209,0.4965101567869446,
2032-03-28 00:00:00,0.2922881294901979,0.11685522372841227,0.4654340936086096,
2032-04-04 00:00:00,0.27235721360545095,0.08964135476354948,0.46079970508519374,
2032-04-11 00:00:00,0.26787342628326405,0.07546302004033756,0.44962804732796346,
2032-04-18 00:00:00,0.28524310478140985,0.09179391057298408,0.46088850655707114,
2032-04-25 00:00:00,0.3091962116327627,0.12723449866580333,0.49129165155431,
2032-05-02 00:00:00,0.31629462465444824,0.13251916450476003,0.4972257756175421,
2032-05-09 00:00:00,0.2978082342884101,0.11761726453671835,0.48213205132345205,
2032-05-16 00:00:00,0.2687255875970528,0.07276968787465812,0.4543384839806595,
2032-05-23 00:00:00,0.2529230580930044,0.08346200297291498,0.43579731433045116,
2032-05-30 00:00:00,0.25965975656010865,0.08063070582310299,0.4486081921711621,
2032-06-06 00:00:00,0.27610397853996543,0.09178398024804185,0.4654437914707376,
2032-06-13 00:00:00,0.2831853467274773,0.09199998351441514,0.4713893796134794,
2032-06-20 00:00:00,0.27663057486657905,0.07768924937393874,0.46024232059032466,
2032-06-27 00:00:00,0.27006553745042394,0.07896011078517934,0.44835821583504254,
2032-07-04 00:00:00,0.27792884168159043,0.08303147583045693,0.4593479643321051,
2032-07-11 00:00:00,0.2985202837768715,0.11923881979949497,0.48139159278857047,
2032-07-18 00:00:00,0.31614962857020007,0.13297406660885766,0.5072626179572659,
2032-07-25 00:00:00,0.31856897813107227,0.14186805363074223,0.5041161886038021,
2032-08-01 00:00:00,0.3087933732555239,0.12758569257291152,0.49351567585942907,
2032-08-08 00:00:00,0.29848398594022996,0.11902971003808127,0.47759334281161864,
2032-08-15 00:00:00,0.29256870296376924,0.09436495673084223,0.4690853718528803,
2032-08-22 00:00:00,0.2845171614063129,0.09481849663640078,0.4795261449291643,
2032-08-29 00:00:00,0.26771222932556427,0.08218878791144334,0.4514685875614432,
2032-09-05 00:00:00,0.24829502983028065,0.06944116422255742,0.4383080869610502,
2032-09-12 00:00:00,0.24292180344282402,0.06339827822544082,0.4280210737865205,
2032-09-19 00:00:00,0.262873697082289,0.06812678207782058,0.4425305234983052,
2032-09-26 00:00:00,0.3020563606761868,0.11963457797206153,0.4814284008213196,
2032-10-03 00:00:00,0.3418951060896895,0.15982551258244804,0.5247784985447632,
2032-10-10 00:00:00,0.36717734393305007,0.18423476883836554,0.5595751786316647,
2032-10-17 00:00:00,0.37594536617767876,0.18193384230384285,0.5583521096194095,
2032-10-24 00:00:00,0.3751247368014681,0.18662701971688594,0.552224641542383,
2032-10-31 00:00:00,0.3699111861055141,0.1950089057858964,0.5601882812708447,
2032-11-07 00:00:00,0.35975581747461294,0.14742866062548976,0.5359046754423538,
2032-11-14 00:00:00,0.3433839048247153,0.15070134726764858,0.518813867352375,
2032-11-21 00:00:00,0.3240353459324838,0.13890669443386106,0.5266679343082266,
2032-11-28 00:00:00,0.30743396116882615,0.128236613388735,0.4952147299058812,
2032-12-05 00:00:00,0.29552217078670956,0.10968876632521725,0.4696469468425768,
2032-12-12 00:00:00,0.28461512888416346,0.10191937550277516,0.468917471288275,
2032-12-19 00:00:00,0.27074963204759683,0.08333975806899689,0.455816194823172,
2032-12-26 00:00:00,0.2557993917334135,0.058732869806475824,0.43746040628468524,
2033-01-02 00:00:00,0.24690733489652084,0.06946876034874702,0.4318857172080784,
2033-01-09 00:00:00,0.2495955079491088,0.06091319275953132,0.43761790489731406,
2033-01-16 00:00:00,0.26181542813830183,0.06894617982562869,0.4373722717218123,
2033-01-23 00:00:00,0.2747663630825908,0.07124797649969784,0.45750051119099866,
2033-01-30 00:00:00,0.27942009785092403,0.09869292793540246,0.462101941256143,
2033-02-06 00:00:00,0.2731799494222348,0.08707334476936883,0.4570853158427276,
2033-02-13 00:00:00,0.26206620459256774,0.09187342201546436,0.45547836255371293,
2033-02-20 00:00:00,0.25720646690990634,0.0685314530390526,0.4426841652938898,
2033-02-27 00:00:00,0.2672331062812329,0.08218272887428893,0.454785169092157,
2033-03-06 00:00:00,0.2907240018523135,0.10257330596084818,0.4684672811357187,
2033-03-13 00:00:00,0.31475356781504826,0.11282695643555754,0.5007631361217111,
2033-03-20 00:00:00,0.32331892040684374,0.154728372507941,0.5151076810542883,
2033-03-27 00:00:00,0.31112523708837314,0.12830474918530163,0.49752767695854117,
2033-04-03 00:00:00,0.2904693694599396,0.10281257687559978,0.47044922870493894,
2033-04-10 00:00:00,0.2821391669417152,0.10318991682948991,0.4864318949230822,
2033-04-17 00:00:00,0.2961620719847457,0.11108418477874399,0.4824448550849983,
2033-04-24 00:00:00,0.3207320766495522,0.13002441181568075,0.5063731962608282,
2033-05-01 00:00:00,0.3321588522630915,0.13823166731060327,0.5126372701361172,
2033-05-08 00:00:00,0.3177550933079497,0.12397325140516172,0.48989238217204206,
2033-05-15 00:00:00,0.2887392178974778,0.09385037043343938,0.47363988908980315,
2033-05-22 00:00:00,0.26922116009820557,0.08705922432608867,0.45470507790401804,
2033-05-29 00:00:00,0.27233550098031833,0.09012059357404659,0.4617061868283845,
2033-06-05 00:00:00,0.28858588758660153,0.09721895783664389,0.4767330386095592,
2033-06-12 00:00:00,0.29826386180241404,0.11218721171456014,0.4761871098632659,
2033-06-19 00:00:00,0.29351511069038805,0.10119782956980612,0.4777649453966905,
2033-06-26 00:00:00,0.2856226755975605,0.08969754092499244,0.47177731665047773,
2033-07-03 00:00:00,0.2904652850338568,0.12266675501455987,0.484390738337803,
2033-07-10 00:00:00,0.30972110625814864,0.10901302871257548,0.49974988206429904,
2033-07-17 00:00:00,0.32912378871385695,0.15420928044841403,0.5172523976609864,
2033-07-24 00:00:00,0.33449763009624,0.14718825134442506,0.5186702288169204,
2033-07-31 00:00:00,0.32608658550015335,0.1362411790230206,0.5037463585541935,
2033-08-07 00:00:00,0.315151146284086,0.13821807732069818,0.5067537866568146,
2033-08-14 00:00:00,0.3086776329611246,0.13216343541981354,0.5022677113632849,
2033-08-21 00:00:00,0.3017079442356264,0.11465839068797729,0.4963097930887264,
2033-08-28 00:00:00,0.2864647157939194,0.10827970247187281,0.46736820576086135,
2033-09-04 00:00:00,0.26642775358404613,0.07821669514932607,0.4428104112677046,
2033-09-11 00:00:00,0.2573305055994086,0.07626223447425565,0.4551813045179865,
2033-09-18 00:00:00,0.272665210880169,0.08506815457239043,0.4711202839674154,
2033-09-25 00:00:00,0.3096053120115524,0.13592779392383092,0.5042568291233722,
2033-10-02 00:00:00,0.35074648946486675,0.17869379977375116,0.5369028775976785,
2033-10-09 00:00:00,0.3791737178525947,0.18275395050309812,0.5554574902828207,
2033-10-16 00:00:00,0.39049556011453107,0.19758366713122494,0.5688845564190862,
2033-10-23 00:00:00,0.39084087709063137,0.1943736597195692,0.5815373275382685,
2033-10-30 00:00:00,0.38631615811402636,0.19715347257077026,0.5761058928450481,
2033-11-06 00:00:00,0.37721382943472853,0.1969242798833431,0.5572268953990365,
2033-11-13 00:00:00,0.36186516538490326,0.18022870240479258,0.5378362667405499,
2033-11-20 00:00:00,0.3426184742147935,0.15716494100402917,0.5248877233302398,
2033-11-27 00:00:00,0.3252052804210327,0.14902006373080706,0.5050077260732977,
2033-12-04 00:00:00,0.3126017647629064,0.12356893887315873,0.49989194985810687,
2033-12-11 00:00:00,0.3018995091082478,0.11826520764180833,0.500840600252572,
2033-12-18 00:00:00,0.28863508999041054,0.1056161335547837,0.4864461270996862,
2033-12-25 00:00:00,0.27343702906723644,0.094752885632219,0.4673315660904919,
2034-01-01 00:00:00,0.26290530699783343,0.06828982787704367,0.4370549049830635,
2034-01-08 00:00:00,0.26342359987200326,0.07502355839053457,0.4569535648210911,
2034-01-15 00:00:00,0.27445821582760244,0.0834864014696656,0.4567341881995017,
2034-01-22 00:00:00,0.2880370504116242,0.09697602609557286,0.4727360451104394,
2034-01-29 00:00:00,0.2946098430681495,0.11435662799994535,0.484063780045309,
2034-02-05 00:00:00,0.2901068796931449,0.10132736261312397,0.4642295056417976,
2034-02-12 00:00:00,0.27911030114966606,0.08816207174381224,0.4499801744240204,
2034-02-19 00:00:00,0.2723142099394167,0.07507519182783048,0.46058518578407,
2034-02-26 00:00:00,0.27942640760324355,0.09525065787870132,0.473956321478394,
2034-03-05 00:00:00,0.30118297268137195,0.11771725029918367,0.4763230726580577,
2034-03-12 00:00:00,0.3263790226693783,0.15630251078252114,0.511260351945676,
2034-03-19 00:00:00,0.33856957018010236,0.15281699902438334,0.526644169673274,
2034-03-26 00:00:00,0.3296663278218621,0.1549035081527868,0.5044390349494186,
2034-04-02 00:00:00,0.3090053468238877,0.12327594381284118,0.49137964661480876,
2034-04-09 00:00:00,0.2971824214250509,0.11217622241936585,0.47327108217029273,
2034-04-16 00:00:00,0.3074533716259957,0.11684980714863452,0.4958700468853187,
2034-04-23 00:00:00,0.3318165509167083,0.14219575124818737,0.5218377098361817,
2034-04-30 00:00:00,0.34712807022365033,0.1645700543922492,0.5316930991403566,
2034-05-07 00:00:00,0.33719749986682307,0.14654852759046927,0.520285226977929,
2034-05-14 00:00:00,0.30908899320232525,0.12197725747591168,0.5079212030520722,
2034-05-21 00:00:00,0.2863091668965077,0.08209523226284626,0.4549017151751736,
2034-05-28 00:00:00,0.2854603625994948,0.10757627936182099,0.4671303459391592,
2034-06-04 00:00:00,0.3008214929859844,0.10811041467372715,0.48602093413260583,
2034-06-11 00:00:00,0.3128239913281171,0.1274326923144422,0.5097925290931304,
2034-06-18 00:00:00,0.31028588590670036,0.123921681060216,0.49589448494256544,
2034-06-25 00:00:00,0.30162967129832335,0.1201531921861793,0.49001072178992655,
2034-07-02 00:00:00,0.30350979347859686,0.11454563348852495,0.4987158285438499,
2034-07-09 00:00:00,0.3209255409051438,0.1468619077208672,0.5035943792417512,
2034-07-16 00:00:00,0.3416059443599098,0.14454390182679355,0.5216150726279578,
2034-07-23 00:00:00,0.34995338627143685,0.1562054561217627,0.5263480507439022,
2034-07-30 00:00:00,0.3433136222162168,0.1606243472473359,0.5223201744931008,
2034-08-06 00:00:00,0.33199849664763226,0.13676551681757415,0.5112945023740043,
2034-08-13 00:00:00,0.32478010066908525,0.13864359039124857,0.5084458802518803,
2034-08-20 00:00:00,0.31860039819541497,0.13583925177580503,0.5010840490566213,
2034-08-27 00:00:00,0.30502627878227656,0.12136395523006727,0.49161003775493545,
2034-09-03 00:00:00,0.28491527770967395,0.09312976491016577,0.46658626842126927,
2034-09-10 00:00:00,0.27256689772288717,0.08938742869886081,0.47105474341338044,
2034-09-17 00:00:00,0.2831886520173811,0.10491729191187595,0.4573158309104653,
2034-09-24 00:00:00,0.31728553683171346,0.12027322988406089,0.5047185786419208,
2034-10-01 00:00:00,0.35915430914856766,0.18126036970339804,0.540597964433311,
2034-10-08 00:00:00,0.39059415607008907,0.210090558456641,0.578644858529884,
2034-10-15 00:00:00,0.40469802807998595,0.20956748427534286,0.58801538957832,
2034-10-22 00:00:00,0.4064208295603617,0.22810240539182167,0.5854262017555705,
2034-10-29 00:00:00,0.40258098779830664,0.21119065128273534,0.5861617628551757,
2034-11-05 00:00:00,0.3944593647385542,0.19586359266611428,0.5774532857278782,
2034-11-12 00:00:00,0.3802110341083098,0.20204663355261704,0.5590759686484801,
2034-11-19 00:00:00,0.3612684823735675,0.1745831898021325,0.5554441192457716,
2034-11-26 00:00:00,0.343148323932588,0.1625477771527416,0.5216677809093199,
2034-12-03 00:00:00,0.32974697005878595,0.14234207725508108,0.500090798015685,
2034-12-10 00:00:00,0.31908664305555623,0.1287461185438068,0.5000913925086912,
2034-12-17 00:00:00,0.30644058486952147,0.122959437174578,0.4846229377865151,
2034-12-24 00:00:00,0.29122385950490676,0.11154751940886151,0.488692244921129,
2034-12-31 00:00:00,0.2792759913628472,0.09204661065627631,0.4638855240676645,
2035-01-07 00:00:00,0.2776086836105909,0.09747763776943641,0.46134591632027966,
2035-01-14 00:00:00,0.28718655749399014,0.08846759332115958,0.46661038172858577,
2035-01-21 00:00:00,0.3010686865045821,0.11205336189738299,0.4945510984567644,
2035-01-28 00:00:00,0.3094220513700651,0.11996815924744264,0.5048098933855794,
2035-02-04 00:00:00,0.3068093443599245,0.11060241403888699,0.47473784746923764,
2035-02-11 00:00:00,0.2962904157098808,0.11957557131623178,0.5084183323092155,
2035-02-18 00:00:00,0.2878902668466765,0.11128992684282006,0.4794448337979476,
2035-02-25 00:00:00,0.2921211494935335,0.09944829677761191,0.4750471613920249,
2035-03-04 00:00:00,0.3117680528367396,0.13951804181213984,0.5023278766290098,
2035-03-11 00:00:00,0.3375667375896927,0.14869667394109734,0.5168085420275077,
2035-03-18 00:00:00,0.35309670370989227,0.15067835713729183,0.522513265169092,
2035-03-25 00:00:00,0.3477982998253917,0.1529198233904952,0.5268201108871777,
2035-04-01 00:00:00,0.32784369156856696,0.13816231277047517,0.5232999660941453,
2035-04-08 00:00:00,0.3129929926402955,0.12338491366249955,0.4942220489921321,
2035-04-15 00:00:00,0.31923965619394873,0.13621599651518124,0.5128665400359018,
2035-04-22 00:00:00,0.34259225927105996,0.15570888268370298,0.5181517127278179,
2035-04-29 00:00:00,0.3612230716492742,0.1869326317569609,0.5427735331354416,
2035-05-06 00:00:00,0.3560110975038281,0.18046272661493912,0.5366199281409868,
2035-05-13 00:00:00,0.3296297152191564,0.14869245774806106,0.5153413016560677,
2035-05-20 00:00:00,0.3041638466545943,0.10883534345959028,0.47833289233328025,
2035-05-27 00:00:00,0.29914342972238733,0.11464696750405927,0.47744227169758935,
2035-06-03 00:00:00,0.312923765176084,0.1338143394720252,0.4942981464852553,
2035-06-10 00:00:00,0.32686056914963624,0.1364642289683105,0.5105831773092466,
2035-06-17 00:00:00,0.32683690468435544,0.1371960047557471,0.52198224531697,
2035-06-24 00:00:00,0.3180087070679363,0.13731981763791,0.5080233592202366,
2035-07-01 00:00:00,0.3171023366772059,0.1267972030267084,0.5099880391997035,
2035-07-08 00:00:00,0.3322435039310925,0.1516411606248103,0.5154406877612129,
2035-07-15 00:00:00,0.3536545834880186,0.1512288531021253,0.5379782186060184,
2035-07-22 00:00:00,0.3648917571900462,0.16419981760257196,0.549358083692963,
2035-07-29 00:00:00,0.36039741461358277,0.17550359617913833,0.5500152270123327,
2035-08-05 00:00:00,0.3490140863912567,0.16537930541152765,0.5267669928190066,
2035-08-12 00:00:00,0.34093301373294554,0.15492997927548005,0.5229062295829244,
2035-08-19 00:00:00,0.3352287003126946,0.1414073332569069,0.5253250152508726,
2035-08-26 00:00:00,0.3233377656629485,0.1313667594585715,0.5226482172196159,
2035-09-02 00:00:00,0.30364671763336465,0.13744579818111508,0.4901509913932516,
2035-09-09 00:00:00,0.2885795014053998,0.11050342408976661,0.48636900074429357,
2035-09-16 00:00:00,0.2945086490428054,0.11452505418799878,0.4831530666025743,
2035-09-23 00:00:00,0.3252198871979888,0.1459891138759975,0.49573572651690095,
2035-09-30 00:00:00,0.3671949022926849,0.18301892855874524,0.5616236153720309,
2035-10-07 00:00:00,0.40142697114408366,0.21820202701950128,0.5798999432586469,
2035-10-14 00:00:00,0.4185022296108279,0.2309699999499276,0.6108795919982579,
2035-10-21 00:00:00,0.4218419041964055,0.24231906169854575,0.601798404853629,
2035-10-28 00:00:00,0.41871892063028276,0.23562537640605,0.6035509730792578,
2035-11-04 00:00:00,0.41149856532091855,0.21973155907653694,0.5864877104604937,
2035-11-11 00:00:00,0.39839386923136527,0.22344640203475463,0.5814309500226615,
2035-11-18 00:00:00,0.37994953493049327,0.1844536553526474,0.5679447921735721,
2035-11-25 00:00:00,0.3612601398785258,0.16580938915840182,0.5479119947899123,
2035-12-02 00:00:00,0.3469882586457066,0.16331230533281355,0.5331284506046959,
2035-12-09 00:00:00,0.3361978418773438,0.15090710948758052,0.5167759641295833,
2035-12-16 00:00:00,0.32414443016058736,0.14034627990512116,0.5001402953226856,
2035-12-23 00:00:00,0.3091111410511882,0.12869806164738856,0.5010329288873167,
2035-12-30 00:00:00,0.2959922928866372,0.10856810321233423,0.48770745221999806,
2036-01-06 00:00:00,0.2921754250497639,0.11111010037634245,0.4684312076339969,
2036-01-13 00:00:00,0.3000603870353731,0.1326091906239255,0.4912011350048303,
2036-01-20 00:00:00,0.3139114155677101,0.124113543787441,0.5035006639340934,
2036-01-27 00:00:00,0.32386062756697104,0.140352665779822,0.5218603271884057,
2036-02-03 00:00:00,0.3232399766354927,0.1390813326432321,0.500143325095503,
2036-02-10 00:00:00,0.3135360867966567,0.13546735807907012,0.49330965343693034,
2036-02-17 00:00:00,0.3038902665553096,0.1265484506186537,0.48222470839221854,
2036-02-24 00:00:00,0.3053419852166326,0.11452230657727694,0.49770708177884204,
2036-03-02 00:00:00,0.32257110178806175,0.140799128122224,0.5007004547970906,
2036-03-09 00:00:00,0.3484113678152822,0.16735045719844116,0.5377513221135348,
2036-03-16 00:00:00,0.3669111133299543,0.18063170168641807,0.5523160802152782,
2036-03-23 00:00:00,0.3654220618823908,0.18099415837198402,0.5549910444064372,
2036-03-30 00:00:00,0.346854684617031,0.1658780761687721,0.5311889948818452,
2036-04-06 00:00:00,0.32953510588292967,0.145409601522916,0.5197829177565856,
2036-04-13 00:00:00,0.3316249173381031,0.14807379604367643,0.5114708466005052,
2036-04-20 00:00:00,0.353209987896005,0.1727485867690005,0.5479557531209733,
2036-04-27 00:00:00,0.37449293395109784,0.18316964720758871,0.5570848758030025,
2036-05-04 00:00:00,0.37409160692224314,0.1807465961112314,0.5613003962950538,
2036-05-11 00:00:00,0.3502075670068416,0.16480090717084267,0.530223860680183,
2036-05-18 00:00:00,0.32273441307913364,0.14437281147867675,0.510545337065515,
2036-05-25 00:00:00,0.31347692726051724,0.13459893229907263,0.5046832767810887,
2036-06-01 00:00:00,0.3250164874251058,0.14321318128479227,0.5299097236482943,
2036-06-08 00:00:00,0.3403929952497105,0.14975522597176238,0.5232076566409716,
2036-06-15 00:00:00,0.3430722475330493,0.15160398865070443,0.5273052596236149,
2036-06-22 00:00:00,0.33466713214918914,0.12382703959564606,0.5228104037610555,
2036-06-29 00:00:00,0.3312612988063536,0.13748089819089793,0.5123829869100331,
2036-07-06 00:00:00,0.3437811076193577,0.1338483176812838,0.5215194732157888,
2036-07-13 00:00:00,0.36534476642091473,0.169732327340754,0.5403403641973166,
2036-07-20 00:00:00,0.3792844390571515,0.20402975506513982,0.5568022251049409,
2036-07-27 00:00:00,0.3772584016661062,0.2011009164531668,0.570337437342664,
2036-08-03 00:00:00,0.36617041540233036,0.1810318670843414,0.5490645012330495,
2036-08-10 00:00:00,0.35718609874590557,0.17019441027239776,0.5419442204860754,
2036-08-17 00:00:00,0.3516386628226419,0.1551854998062947,0.5270086763375059,
2036-08-24 00:00:00,0.3413571494575757,0.1611958951346097,0.5211709536996834,
2036-08-31 00:00:00,0.3225127393246271,0.14522377826729305,0.5174582716809615,
2036-09-07 00:00:00,0.30529898463213667,0.10469514402203457,0.5054804600035682,
2036-09-14 00:00:00,0.30667026959795707,0.12113824502838434,0.47763182466549314,
2036-09-21 00:00:00,0.333528744398792,0.14954944378918766,0.5131327136287088,
2036-09-28 00:00:00,0.3749588464516728,0.18453284537708642,0.5564062595453088,
2036-10-05 00:00:00,0.41167464120853764,0.24703021453460652,0.5886386471115619,
2036-10-12 00:00:00,0.4318588568445149,0.24877523805609958,0.6139656022850646,
2036-10-19 00:00:00,0.43707368835748533,0.23451184025948785,0.6178943372932767,
2036-10-26 00:00:00,0.43473924331170866,0.2514938714798932,0.6165354480026543,
2036-11-02 00:00:00,0.42834215633129274,0.2495175949212834,0.608267862164426,
2036-11-09 00:00:00,0.416391577354585,0.23361771808101173,0.6130162423508619,
2036-11-16 00:00:00,0.3986238273619516,0.20657566240907538,0.5901354568598592,
2036-11-23 00:00:00,0.3795302366608043,0.19667455157449157,0.5756602769594487,
2036-11-30 00:00:00,0.36435251908968125,0.18829280763973383,0.5642612539103204,
2036-12-07 00:00:00,0.3532595901016636,0.15292597049391576,0.5390620297158768,
2036-12-14 00:00:00,0.34173301538179957,0.14504907400353728,0.5195119677817099,
2036-12-21 00:00:00,0.3270516986266824,0.1382083141872699,0.5281116417341267,
2036-12-28 00:00:00,0.31301987134594855,0.11798207516957673,0.5052858954816937,
2037-01-04 00:00:00,0.3071391155884917,0.11751395635428334,0.48431497932510853,
2037-01-11 00:00:00,0.31313631440438006,0.132887170825286,0.48957961798979616,
2037-01-18 00:00:00,0.32662048708478086,0.1480750580529259,0.5145649560665269,
2037-01-25 00:00:00,0.33793913028608963,0.15196251867878455,0.5100579648349053,
2037-02-01 00:00:00,0.3393593649856658,0.15008660053578654,0.5254415267956586,
2037-02-08 00:00:00,0.3307777182946034,0.1422941830732912,0.5158819435198029,
2037-02-15 00:00:00,0.3202613621687663,0.13629423860373518,0.5056015578998363,
2037-02-22 00:00:00,0.31909960701979867,0.13904745397370635,0.5026682123953614,
2037-03-01 00:00:00,0.33367504004470594,0.13993400063142897,0.5200725091166554,
2037-03-08 00:00:00,0.35901378993817723,0.17181108740056714,0.5517580223951164,
2037-03-15 00:00:00,0.38004329170073875,0.18829325453063828,0.5527027117065759,
2037-03-22 00:00:00,0.3824552296257578,0.18178103692556075,0.5571263974247996,
2037-03-29 00:00:00,0.36590468631798934,0.1842582407626241,0.5432205502633343,
2037-04-05 00:00:00,0.3467490589163601,0.17853636043749613,0.5421158164285897,
2037-04-12 00:00:00,0.3446912776306398,0.1564511530031794,0.5224085466395386,
2037-04-19 00:00:00,0.36382348906908074,0.17734056936353265,0.5496160017061296,
2037-04-26 00:00:00,0.38701319029951464,0.19308516790107194,0.5678001098858124,
2037-05-03 00:00:00,0.39135845656062246,0.19423067462651816,0.5698555761948652,
2037-05-10 00:00:00,0.3706654671648011,0.19428524247328371,0.5576458438374481,
2037-05-17 00:00:00,0.3419439187199958,0.1425097846326344,0.5271008548861211,
2037-05-24 00:00:00,0.32853227629141113,0.14390369807412384,0.5117567939684817,
2037-05-31 00:00:00,0.3372294660965047,0.1454718742152042,0.5222428217646676,
2037-06-07 00:00:00,0.3534648756171277,0.16921374441604287,0.5388890980560871,
2037-06-14 00:00:00,0.3589102834461452,0.17168314577056276,0.5376339547725546,
2037-06-21 00:00:00,0.35150126527487946,0.1663225178824974,0.5388532829611526,
2037-06-28 00:00:00,0.3459826223893275,0.16025261770237242,0.5260459713651969,
2037-07-05 00:00:00,0.3556364353898564,0.16987868420098437,0.542818135836009,
2037-07-12 00:00:00,0.3767655829419251,0.20004018282081631,0.5658397481782005,
2037-07-19 00:00:00,0.393121204404888,0.2009639709088305,0.5806998994137724,
2037-07-26 00:00:00,0.39381822420996804,0.21251242268996118,0.5768914990539604,
2037-08-02 00:00:00,0.38342532146563096,0.19959528570755214,0.5736839078013716,
2037-08-09 00:00:00,0.37357899291397634,0.1830043633915772,0.5481569357353546,
2037-08-16 00:00:00,0.367884726785515,0.18509457368902993,0.5526983586690468,
2037-08-23 00:00:00,0.3590602393009526,0.18048109664425455,0.5453791350550731,
2037-08-30 00:00:00,0.3414093489922069,0.14395386995719256,0.5237736208404707,
2037-09-06 00:00:00,0.32264077848138584,0.12957577579650206,0.5153762465722456,
2037-09-13 00:00:00,0.319697624666598,0.13685698053631837,0.5095347410633233,
2037-09-20 00:00:00,0.3423263214440454,0.1530844458076277,0.5402683295925104,
2037-09-27 00:00:00,0.3825489605486634,0.19564332200956647,0.5796315781302639,
2037-10-04 00:00:00,0.42135515947882707,0.2263849144228745,0.6184491530764235,
2037-10-11 00:00:00,0.44472234692442364,0.26128353032024887,0.6427037371527856,
2037-10-18 00:00:00,0.4520787314648632,0.2770831872048536,0.6424504648688363,
2037-10-25 00:00:00,0.4506458632972487,0.2558601450688363,0.6445951623407392,
2037-11-01 00:00:00,0.44500420800806556,0.26969915253332044,0.62454838215675,
2037-11-08 00:00:00,0.43418824212228846,0.24357681229828446,0.6314771277516074,
2037-11-15 00:00:00,0.4172531427786729,0.22958372548489359,0.5904116229674904,
2037-11-22 00:00:00,0.39794094887146314,0.2051118561540055,0.592558362854378,
2037-11-29 00:00:00,0.38186170796426167,0.19376677260117794,0.5772033382162326,
2037-12-06 00:00:00,0.3703021323260154,0.17557155203647043,0.546398952711219,
2037-12-13 00:00:00,0.35920103631881284,0.17403510234421668,0.5447845141080163,
MAE,0.10881825556340101,,,
RMSE,0.1432987208436076,,,
