ds,yhat,yhat_lower,yhat_upper,actual
2001-01-07 00:00:00,0.7302881583326151,-2.4486283393977724,3.866116015633705,6.65332120321323
2001-01-14 00:00:00,1.2447498759618534,-1.8610317333183168,4.513291559869025,5.289708042979027
2001-01-21 00:00:00,1.8370059818144362,-1.5052483869499276,5.017450074615615,3.827271946666458
2001-01-28 00:00:00,2.224607322184468,-0.9960852697294778,5.365870722157472,2.569909807141284
2001-02-04 00:00:00,2.2536488857014767,-1.0652116111605974,5.438718056986068,6.110787206247734
2001-02-11 00:00:00,1.991735875474619,-1.256524962098399,5.331123519092799,2.7268508655720245
2001-02-18 00:00:00,1.6256537333459626,-1.3949479032407308,4.703014741227636,0.3324669281802405
2001-02-25 00:00:00,1.295989932181406,-1.9771584566064906,4.501317814876164,0.0
2001-03-04 00:00:00,1.03854817149206,-2.192903085032002,4.54469135727258,0.0
2001-03-11 00:00:00,0.8449096953687314,-2.338348633492031,3.948706156776352,0.0
2001-03-18 00:00:00,0.7166019260693515,-2.5715490778133336,3.6815718373355697,0.0
2001-03-25 00:00:00,0.6376179193258191,-2.5735482359058004,4.083996859129781,0.0
2001-04-01 00:00:00,0.5389330636083047,-2.6315682754789833,3.5686591424662977,0.0
2001-04-08 00:00:00,0.3579956901533996,-3.050652358116693,3.680830348260251,0.0
2001-04-15 00:00:00,0.15513087307860496,-2.9358085444044217,3.1927573623714434,0.0
2001-04-22 00:00:00,0.12789546099552185,-3.010558332309188,3.509193177620792,0.0
2001-04-29 00:00:00,0.4475430651138297,-2.5704691206213095,3.7169650446684863,0.0
2001-05-06 00:00:00,1.0549495131251956,-2.1275522072322346,4.205794900261965,0.0
2001-05-13 00:00:00,1.6390826867982278,-1.5898350139260606,5.048848246480711,0.0
2001-05-20 00:00:00,1.8545647191108539,-1.509569929800708,5.212896070091417,0.0
2001-05-27 00:00:00,1.5883802632730457,-1.737499962879828,4.777254854551813,0.0
2001-06-03 00:00:00,1.032535305486079,-2.1424895716615735,4.376441114616274,0.0
2001-06-10 00:00:00,0.5145582225944298,-2.789757837569584,4.069702009974383,0.0
2001-06-17 00:00:00,0.26187428014725245,-2.7257207664533345,3.6794330990023845,0.0
2001-06-24 00:00:00,0.2989902511485727,-2.856584029773611,3.5356896386621215,0.0
2001-07-01 00:00:00,0.5112234682315788,-2.7412117688127564,3.575816782971011,0.0
2001-07-08 00:00:00,0.7618714560650761,-2.5325202226670935,3.995525994233237,0.0
2001-07-15 00:00:00,0.9592264549448934,-2.260175290128397,4.3119750939984165,0.0
2001-07-22 00:00:00,1.067620219791553,-2.0877023096774012,4.3714162625767035,0.0
2001-07-29 00:00:00,1.1002381469603137,-2.1320443130216686,4.330496298726444,0.0
2001-08-05 00:00:00,1.0981541222133644,-2.2251564586192183,4.3550350928694,0.0
2001-08-12 00:00:00,1.0847118409547005,-2.2454653590703195,4.468723398248249,0.0
2001-08-19 00:00:00,1.0309855621305084,-2.235317105143067,4.370950110859421,0.0
2001-08-26 00:00:00,0.8933729963922257,-2.3654796958192232,4.005150971410278,0.0
2001-09-02 00:00:00,0.709312531294721,-2.6079009091865366,3.7774567740690967,0.0
2001-09-09 00:00:00,0.6341959530514862,-2.7047525794380043,3.606034308860486,0.0
2001-09-16 00:00:00,0.8272427726064131,-2.469087485018898,4.104015200064888,0.0
2001-09-23 00:00:00,1.264862205068637,-1.7700722878205912,4.385894422162198,0.0
2001-09-30 00:00:00,1.6876117842760192,-1.4914720793670906,4.665273631826944,0.0
2001-10-07 00:00:00,1.786955352289055,-1.1764506601554534,4.96840164951051,0.0
2001-10-14 00:00:00,1.482622114475865,-1.624404237798533,4.815183458737284,0.0
2001-10-21 00:00:00,1.013723622384457,-2.156241669679135,4.244186408951235,0.0
2001-10-28 00:00:00,0.736019482494934,-2.506920021075233,4.047755417443157,0.0
2001-11-04 00:00:00,0.8177812080460509,-2.387502466759935,3.976421456091917,0.0
2001-11-11 00:00:00,1.128002386002097,-1.907627478489557,4.3238969002782905,6.530295353405208
2001-11-18 00:00:00,1.4004588222884378,-1.9139964479033695,4.640850777735247,2.639809646594791
2001-11-25 00:00:00,1.4747759509543448,-1.8014996622416075,4.817922832865788,0.0
2001-12-02 00:00:00,1.373266466729484,-1.9169280845401238,4.392055452086273,0.0
2001-12-09 00:00:00,1.1920489907964655,-1.9345376795044942,4.409304042738253,0.0
2001-12-16 00:00:00,0.9884137310595407,-1.9553795272780201,4.240967076099928,0.0
2001-12-23 00:00:00,0.8005736068454647,-2.0321266150238513,3.863858155360984,0.0
2001-12-30 00:00:00,0.728001542668905,-2.30847125261184,3.80300055044908,0.0
2002-01-06 00:00:00,0.9103377123106351,-2.2388494809265262,4.063020602140131,2.437692552466507
2002-01-13 00:00:00,1.38452859559164,-1.994692730551006,4.547898831765657,2.4423393958945194
2002-01-20 00:00:00,1.9840494834377327,-1.3072255328579572,5.019014859212703,2.246105684758476
2002-01-27 00:00:00,2.425575987253924,-0.5846329836274871,5.617070438220464,1.8853073668804976
2002-02-03 00:00:00,2.519695589263392,-0.538437731639517,5.627706256605474,5.597971956258893
2002-02-10 00:00:00,2.2971033531998386,-0.7524205932990982,5.522947394802973,2.8664224313569657
2002-02-17 00:00:00,1.936313702796397,-1.1023449581979583,5.135413089082334,0.5470506123841415
2002-02-24 00:00:00,1.5948780977853678,-1.229511820354476,4.535546265223805,0.0
2002-03-03 00:00:00,1.325010882474175,-2.111192688471996,4.4944353354082835,0.0
2002-03-10 00:00:00,1.1202276019723012,-2.067651776764203,4.321930904959821,0.0
2002-03-17 00:00:00,0.9801373399985902,-2.2271748694761966,4.009136769932352,0.0
2002-03-24 00:00:00,0.8959872240328,-2.36601908371951,4.03703413207754,0.0
2002-03-31 00:00:00,0.807170662533921,-2.4571205847759643,4.10337670597092,0.0
2002-04-07 00:00:00,0.6412506867380228,-2.591829429427298,3.8905864837754276,0.0
2002-04-14 00:00:00,0.4305277617393499,-2.789134467557064,3.8026075708263507,0.0
2002-04-21 00:00:00,0.3555183249146998,-2.6072924677594225,3.5612921932641397,0.0
2002-04-28 00:00:00,0.6091112898447577,-2.65360473708303,3.8931922159256076,0.0
2002-05-05 00:00:00,1.1824340376146725,-2.320820917943304,4.358023150156381,0.0
2002-05-12 00:00:00,1.7990457277002998,-1.5369524258360543,4.893406875825093,0.0
2002-05-19 00:00:00,2.0978720734151164,-0.9621288374649013,5.282681390830778,0.0
2002-05-26 00:00:00,1.9112886184368745,-1.356003155850733,5.397799889539617,0.0
2002-06-02 00:00:00,1.3836795341690185,-1.8149278569911607,4.575304276113004,0.0
2002-06-09 00:00:00,0.8369222810203167,-2.1240444641205416,3.9589022065725463,0.0
2002-06-16 00:00:00,0.5293103832468338,-2.395218867728282,3.724717001156808,0.0
2002-06-23 00:00:00,0.5206932436431366,-2.6805514747941457,3.7570714147842725,0.0
2002-06-30 00:00:00,0.7123477597834844,-2.3712876956421347,3.9235814802360163,0.0
2002-07-07 00:00:00,0.9645128378569452,-2.1313136667193717,4.253895415979317,0.0
2002-07-14 00:00:00,1.1755522755893328,-2.116558825315095,4.310539046615416,0.0
2002-07-21 00:00:00,1.300129784758798,-2.0926387895865375,4.480698295936097,0.0
2002-07-28 00:00:00,1.343596062473108,-1.752656855934069,4.544618164323261,0.0
2002-08-04 00:00:00,1.344783847020603,-1.9771143390704857,4.634514761950634,0.0
2002-08-11 00:00:00,1.333953106685287,-1.9157745394483516,4.539301479370531,0.0
2002-08-18 00:00:00,1.2913441688442193,-2.129100413995454,4.314714701559252,0.0
2002-08-25 00:00:00,1.1695112703032873,-2.076281302006694,4.294764161786794,0.0
2002-09-01 00:00:00,0.9851557958172172,-2.1779930465002453,4.18148798386214,0.0
2002-09-08 00:00:00,0.8764791489459103,-2.2918252189804615,3.779959464840461,0.0
2002-09-15 00:00:00,1.016082855474022,-1.979873766434035,4.19885400751507,0.0
2002-09-22 00:00:00,1.4234188495402937,-1.912308274467816,4.813912587295505,0.0
2002-09-29 00:00:00,1.8739151887786063,-1.3500015310061788,5.163081400445351,0.0
2002-10-06 00:00:00,2.0463955580497775,-1.1288498079440457,4.884402524488584,0.0
2002-10-13 00:00:00,1.8046491730357672,-1.4593882145514185,4.8684293386908974,0.0
2002-10-20 00:00:00,1.3381270267328333,-1.8543403498753177,4.81206876695642,0.0
2002-10-27 00:00:00,1.0053466782447291,-2.089166948770977,4.301154392088883,0.0
2002-11-03 00:00:00,1.0247457098711723,-2.128031659750171,4.338404258089827,0.0
2002-11-10 00:00:00,1.3133194525079785,-1.9006065767490234,4.599731108193246,1.6152768393757495
2002-11-17 00:00:00,1.6096912258402452,-1.4133424283406253,4.8080060337874535,2.225037322871602
2002-11-24 00:00:00,1.722292500180502,-1.301601818590831,4.90528766990575,2.583064937693943
2002-12-01 00:00:00,1.6452152615175462,-1.4455060810563642,4.6629106512358245,2.449734900058705
2002-12-08 00:00:00,1.4723451898968678,-1.7830381826910138,4.814397080784098,12.627779201014956
2002-12-15 00:00:00,1.2705423548222847,-2.2213261944984266,4.62667490451139,5.118449798985044
2002-12-22 00:00:00,1.0749896335182993,-2.240017885575443,4.117105463214145,0.0
2002-12-29 00:00:00,0.9712837657796938,-2.2870682249366627,4.1212436127563965,0.0
2003-01-05 00:00:00,1.1002957082158609,-2.1109065961591043,4.016229858778903,0.0
2003-01-12 00:00:00,1.5286566367584742,-1.596924164217742,4.845288676469945,0.0
2003-01-19 00:00:00,2.125777869188425,-1.2059649821568046,5.388158633920211,0.0
2003-01-26 00:00:00,2.614817793564541,-0.5686577028427724,5.922453827073467,0.0
2003-02-02 00:00:00,2.7752247273697224,-0.2709939377056201,5.9024450858132695,6.63454869540373
2003-02-09 00:00:00,2.5981564444845864,-0.6246146411570508,5.788448483588748,5.188486593562499
2003-02-16 00:00:00,2.2479176546054283,-0.9132001677004511,5.378828388074163,3.498421201205115
2003-02-23 00:00:00,1.8962041833407195,-1.4268475278101436,4.925737430755554,2.424772509828657
2003-03-02 00:00:00,1.6134954634791248,-1.8210381690613517,4.868972400236007,1.8164137157474889
2003-03-09 00:00:00,1.397615401250531,-1.8416954067070601,4.59939771543123,1.9827078956487296
2003-03-16 00:00:00,1.245626938241254,-1.7795778304771983,4.523825735426818,2.370272284214853
2003-03-23 00:00:00,1.1542747125097061,-1.8299338921663115,4.466045981671158,2.703720104388928
2003-03-30 00:00:00,1.0726527113756572,-2.191353867127866,4.209169427319303,2.175598829187473
2003-04-06 00:00:00,0.9226203211889616,-2.1684999972393877,4.432178755947906,2.3225612110140097
2003-04-13 00:00:00,0.710184773069737,-2.3293345582480205,3.718252744834478,2.313444109380132
2003-04-20 00:00:00,0.594197526648176,-3.0406440477516545,3.6062165306282794,2.0615098504183846
2003-04-27 00:00:00,0.7816653284342525,-2.2954193082813408,3.765729776165356,5.403613351842191
2003-05-04 00:00:00,1.3115559231220075,-2.126321072430014,4.671494130413956,2.893500852805283
2003-05-11 00:00:00,1.9483122827871462,-1.1876157026808545,4.995449221179733,0.5759997953525257
2003-05-18 00:00:00,2.3247958289617747,-0.8722036080666635,5.402974323773874,0.0
2003-05-25 00:00:00,2.222825607558127,-1.0155125834149157,5.306712162875799,0.0
2003-06-01 00:00:00,1.73442321584928,-1.5780902422251022,5.122745479048303,0.0
2003-06-08 00:00:00,1.1674932192430063,-2.0567908926640373,4.177201811962869,0.0
2003-06-15 00:00:00,0.8067156077999387,-1.8922240005395254,3.9355240928060056,0.0
2003-06-22 00:00:00,0.748867972952421,-2.5894918714708925,3.9684889846548073,0.0
2003-06-29 00:00:00,0.915278951174342,-2.3249946536641986,4.068363097867657,0.0
2003-07-06 00:00:00,1.1656924993253233,-2.1393578593047,4.475100166984559,0.0
2003-07-13 00:00:00,1.3889890054284693,-1.7905473555704954,4.59993082365421,0.0
2003-07-20 00:00:00,1.5299553364499714,-1.632565170262796,4.9179094633156435,0.0
2003-07-27 00:00:00,1.5856247039453637,-1.4636644687525138,4.8346299044039025,0.0
2003-08-03 00:00:00,1.5911843291242755,-1.8311493050175014,4.814559427802479,0.0
2003-08-10 00:00:00,1.5822839586008786,-1.6156457627803271,4.7810224643293715,0.0
2003-08-17 00:00:00,1.549000962554532,-1.7493629226930847,4.960988046932155,12.101900747411676
2003-08-24 00:00:00,1.4432838082565582,-1.5475332830261017,4.913221419874034,5.644328252588324
2003-08-31 00:00:00,1.2632786177007422,-1.9525252421101067,4.409175039505453,0.0
2003-09-07 00:00:00,1.1271094969959463,-2.1653599783964532,4.602137791317702,0.0
2003-09-14 00:00:00,1.214185876501121,-2.019648942278039,4.48982633060401,0.0
2003-09-21 00:00:00,1.5836580397068836,-1.506695738676441,4.903225850899845,0.0
2003-09-28 00:00:00,2.0508218278120993,-1.201706197373198,5.1388664588473425,0.0
2003-10-05 00:00:00,2.2916676053118974,-0.9949688120390348,5.300002172784666,0.0
2003-10-12 00:00:00,2.1190111697785885,-1.1426152384419583,5.385503308683131,9.623775663442512
2003-10-19 00:00:00,1.6672170995001072,-1.4884293267556288,4.651424775925641,6.037336190138434
2003-10-26 00:00:00,1.2867966412875271,-1.667271225510233,4.445447595919585,1.8214051464190584
2003-11-02 00:00:00,1.240801493636475,-1.9506619219613386,4.670221324986222,0.0
2003-11-09 00:00:00,1.498647255199256,-1.8040080512202934,4.498828672036481,0.0
2003-11-16 00:00:00,1.8125014444588943,-1.2897911613201476,4.938156822527726,0.0
2003-11-23 00:00:00,1.96349027465661,-1.4809425597965067,5.1604605899841935,0.0
2003-11-30 00:00:00,1.9142348688155888,-1.3688026709610464,5.113915547282845,0.0
2003-12-07 00:00:00,1.7518389357746151,-1.3428760966149684,5.327744035626871,0.0
2003-12-14 00:00:00,1.552706661748592,-1.7657637608950876,4.766274166077672,0.0
2003-12-21 00:00:00,1.3521324134437576,-1.876806269497611,4.819413163359458,0.0
2003-12-28 00:00:00,1.2221780783973875,-1.8653495865861052,4.283386456858878,0.0
2004-01-04 00:00:00,1.3003791397884847,-2.0478875121393614,4.471035891391755,1.5282024613582577
2004-01-11 00:00:00,1.6786062639875308,-1.3967025425903312,4.972942025811729,2.111328293186724
2004-01-18 00:00:00,2.2638952898892586,-0.9760305440823824,5.4353088603248185,2.546194431215635
2004-01-25 00:00:00,2.7929546968307633,-0.3060408233373457,6.123506532371879,2.555533814239383
2004-02-01 00:00:00,3.0194958906002993,-0.022920117264447537,6.323808574393819,9.92134326769261
2004-02-08 00:00:00,2.8936956647492424,-0.2029067015990309,6.020370678933081,5.921300370909081
2004-02-15 00:00:00,2.559794013185897,-0.5057423421692917,5.864505467941382,1.6398733613983094
2004-02-22 00:00:00,2.1999335639950663,-1.1506724549455183,5.387554422008071,0.0
2004-02-29 00:00:00,1.9040785084390086,-1.3231816031383818,5.065854525507015,0.0
2004-03-07 00:00:00,1.6770183557944436,-1.4750085499708638,4.91966420357575,0.0
2004-03-14 00:00:00,1.513202321467046,-1.6325228826683014,4.802147636153492,0.0
2004-03-21 00:00:00,1.4129849802644092,-1.8086508723409773,4.417960982613114,0.0
2004-03-28 00:00:00,1.3357226094807975,-1.8678491689024774,4.633622335747843,0.0
2004-04-04 00:00:00,1.201534583532006,-1.846645330967819,4.512526460624941,0.0
2004-04-11 00:00:00,0.9927441721778381,-2.52497515097346,3.9775682278738733,0.0
2004-04-18 00:00:00,0.8430281763683096,-2.2682589930649533,4.235178619597397,0.0
2004-04-25 00:00:00,0.9659467577586625,-2.4235286586658775,4.137463992160553,0.0
2004-05-02 00:00:00,1.4444807383851606,-1.6263325461105,4.8932735508879075,0.0
2004-05-09 00:00:00,2.0888471973250478,-0.9335806436843006,5.626148820207583,0.0
2004-05-16 00:00:00,2.5355610424119943,-0.7286885796895923,5.6731057854884686,0.0
2004-05-23 00:00:00,2.521428614411189,-0.5997449526412701,5.525304209509162,10.504053052962831
2004-05-30 00:00:00,2.08275639114017,-1.0545588730023745,5.205656284331049,6.0089735407292295
2004-06-06 00:00:00,1.5051936663149097,-1.6269602024219743,4.755673588995064,0.969490406307942
2004-06-13 00:00:00,1.0942690206390244,-2.1573245440758892,4.375213650347759,0.0
2004-06-20 00:00:00,0.9843379056694501,-2.1863310761052546,4.1256521061806275,0.0
2004-06-27 00:00:00,1.120787080182717,-2.3029486899397735,4.148741438722432,0.0
2004-07-04 00:00:00,1.3658550338284594,-1.775244717752301,4.645164280161474,0.0
2004-07-11 00:00:00,1.599665404221295,-1.7567729121773312,4.861101582395826,0.0
2004-07-18 00:00:00,1.756952640857067,-1.4104785443194654,5.449052036423909,5.240672888991299
2004-07-25 00:00:00,1.8260474171480148,-1.1449008248985577,4.73018521542102,3.060628496771821
2004-08-01 00:00:00,1.837261250299572,-1.3995325577259181,5.045052159722188,0.4399576142368789
2004-08-08 00:00:00,1.8299694491438137,-1.1708882800323521,5.104473834353605,0.0
2004-08-15 00:00:00,1.804228627918086,-1.3146890804763642,4.96556154509654,0.0
2004-08-22 00:00:00,1.7143249636817801,-1.38944314107161,5.028520460293217,0.0
2004-08-29 00:00:00,1.5425875177445216,-1.6644938524075323,4.701239334092175,0.0
2004-09-05 00:00:00,1.3851876042067668,-1.9785068944522903,4.284285806386109,0.0
2004-09-12 00:00:00,1.422013908660683,-2.0118569669203152,4.360088659820629,2.1481302319985005
2004-09-19 00:00:00,1.7474433833289997,-1.55830785597038,4.9966778607706885,2.273021563820157
2004-09-26 00:00:00,2.2201244019386266,-1.0664690447892315,5.426554392638726,2.170574112237252
2004-10-03 00:00:00,2.522808109043357,-0.7788120327100669,5.641449734592063,1.864934091944089
2004-10-10 00:00:00,2.4238343876337063,-0.5789811596878023,5.744083278586759,5.70652626892103
2004-10-17 00:00:00,1.9988485807491168,-1.332821647896305,5.2123103991213195,2.7501337310789693
2004-10-24 00:00:00,1.5797823333599887,-1.5226037332072586,4.644778212887037,0.0
2004-10-31 00:00:00,1.467172505633193,-1.7279785449179572,4.606130801875314,0.0
2004-11-07 00:00:00,1.6856437416863097,-1.884160343681068,4.79257568853663,0.0
2004-11-14 00:00:00,2.009562480806404,-1.3755356709440694,5.046636618112048,0.0
2004-11-21 00:00:00,2.197952280773229,-1.0242306518338289,5.280654803346183,0.0
2004-11-28 00:00:00,2.1797224351144857,-0.9009092930161269,5.381051452354653,0.0
2004-12-05 00:00:00,2.030314852842484,-1.2277908207824293,5.298591509296065,2.1769416794684675
2004-12-12 00:00:00,1.8347083821266266,-1.2640360388493344,4.85288403853232,2.2543513949649983
2004-12-19 00:00:00,1.631296144776487,-1.6111206106362332,5.0481637381001185,2.134659175775151
2004-12-26 00:00:00,1.4798123707745188,-1.6311205415763217,4.910581045993972,1.8907077497913825
2005-01-02 00:00:00,1.5105683697237249,-1.7295322193575706,4.448932294705527,4.121672702221816
2005-01-09 00:00:00,1.8356690803382487,-1.5184951039812629,4.947626180939007,2.829485340456604
2005-01-16 00:00:00,2.4001721829039524,-0.8754570457886812,5.483813143033808,1.3989156946211885
2005-01-23 00:00:00,2.9608629495155467,-0.2387676847803677,6.0105249626010036,0.1065862627003901
2005-01-30 00:00:00,3.251969119538764,-0.14739133715664288,6.581781645912196,0.0
2005-02-06 00:00:00,3.1825149490892612,-0.16651274199014887,6.360185304802618,0.0
2005-02-13 00:00:00,2.8711385996127974,-0.45582467334302024,5.973747388345762,0.0
2005-02-20 00:00:00,2.5059492914654102,-0.630426039347527,5.486719000882214,0.0
2005-02-27 00:00:00,2.196852216569571,-1.1139865644423694,5.3601227193646,0.0
2005-03-06 00:00:00,1.9583920792540266,-1.2765071144030826,5.086148496407658,0.0
2005-03-13 00:00:00,1.782931317815449,-1.2649844272429407,5.0263118495313215,0.0
2005-03-20 00:00:00,1.6725732074549144,-1.5127429691378675,4.903566150399046,0.0
2005-03-27 00:00:00,1.5968153831375684,-1.6345273305105033,4.708401629870959,7.148153958531808
2005-04-03 00:00:00,1.4776135083683284,-1.894558633998214,4.690271609834049,5.108545936667032
2005-04-10 00:00:00,1.2769204171304827,-1.9000210737500467,4.654959037012802,2.680224606063865
2005-04-17 00:00:00,1.1009124993446202,-1.9416190619061098,4.267693501655989,1.976394498737296
2005-04-24 00:00:00,1.1623666168852753,-2.213063927695087,4.353026128408848,0.8787629098187658
2005-05-01 00:00:00,1.5832108133381049,-1.6330931633628523,4.725119483502046,1.7398568048807697
2005-05-08 00:00:00,2.2227888246264373,-0.7823321979954998,5.417167755391751,2.7211986074495647
2005-05-15 00:00:00,2.7307567820447507,-0.24534981558534374,6.040711854432243,3.1168416778509
2005-05-22 00:00:00,2.805779548861446,-0.3975751626304165,6.177330043520043,13.098165559704778
2005-05-29 00:00:00,2.4266262403222507,-0.5942738482785606,5.434414006500192,8.906621093566152
2005-06-05 00:00:00,1.8487169852623972,-1.3071225640832216,5.036139173507084,3.3651923467290685
2005-06-12 00:00:00,1.391950303977336,-1.8271923154011729,4.613862867342419,0.0
2005-06-19 00:00:00,1.2278678495740503,-1.9112127645532322,4.320720280955161,0.0
2005-06-26 00:00:00,1.329681462519025,-1.5689708908705908,4.592002872071677,0.0
2005-07-03 00:00:00,1.5655022509939807,-1.6570512054597861,4.769393421563837,0.0
2005-07-10 00:00:00,1.8077595964300286,-1.4316534128283789,5.020263971179389,0.0
2005-07-17 00:00:00,1.981017123307517,-1.3026236917167342,5.383462491552491,0.0
2005-07-24 00:00:00,2.0645872230311757,-0.9220300477961176,5.198073341883237,0.0
2005-07-31 00:00:00,2.082859646679861,-1.2222421178224168,5.393099290003059,0.0
2005-08-07 00:00:00,2.077214499973577,-1.0723948254836393,5.325653981293108,0.0
2005-08-14 00:00:00,2.0573421762628326,-1.196088233646511,5.349170417799797,2.15130881729259
2005-08-21 00:00:00,1.982412512557678,-1.120769626193857,4.998755359547713,2.17127292129806
2005-08-28 00:00:00,1.8220728887122244,-1.4702206909710465,5.265876956175094,2.0686510461959786
2005-09-04 00:00:00,1.6496771592052655,-1.7247372475049034,4.811391841315512,1.946964215213372
2005-09-11 00:00:00,1.6397303633765428,-1.396631088794555,4.928088872329522,2.2217297521708974
2005-09-18 00:00:00,1.9164556939389157,-1.4351559742176119,5.132065823518328,2.056338141396467
2005-09-25 00:00:00,2.3837662512153246,-0.945739872023418,5.571545789174935,1.962021403187943
2005-10-02 00:00:00,2.740232879063072,-0.6561336479691331,6.007441765556337,2.0981077032446924
2005-10-09 00:00:00,2.7174988820942216,-0.42079155849613104,5.899173593249129,1.4723047611977589
2005-10-16 00:00:00,2.3307613159687564,-0.8532301988742064,5.267367476500007,1.848374342850248
2005-10-23 00:00:00,1.883354935738458,-1.3537795645164348,5.120002778409697,2.306489481979973
2005-10-30 00:00:00,1.7048223667119267,-1.5480776054146115,4.725610972168942,2.7110284139720204
2005-11-06 00:00:00,1.8760108101922364,-1.4508071929520696,5.095868531725541,3.931907781933485
2005-11-13 00:00:00,2.2017687194327276,-0.9863181220132402,5.512905540710495,4.271726684458214
2005-11-20 00:00:00,2.425395880158702,-0.7076498008227112,5.629075695384481,4.40194484328873
2005-11-27 00:00:00,2.4410333408593896,-0.5593368514819623,5.625005243833492,4.070815690319571
2005-12-04 00:00:00,2.3074849750090194,-0.8140501664152073,5.6390044621630135,9.585966007902876
2005-12-11 00:00:00,2.1163900812599636,-1.1133679724067256,5.58050521943607,5.697418610936896
2005-12-18 00:00:00,1.9118648390598332,-1.1993626828847144,5.110185688249277,1.3930103811602246
2005-12-25 00:00:00,1.7430802832654821,-1.5549543823931327,4.934776913226055,0.0
2006-01-01 00:00:00,1.7302417779057269,-1.4711053377608962,4.980864352977055,0.0
2006-01-08 00:00:00,2.0003571565339016,-1.2442756873993988,5.170360660552584,0.0
2006-01-15 00:00:00,2.5356394302821124,-0.6397007295822332,5.903508545073079,0.0
2006-01-22 00:00:00,3.118709657162941,-0.060105669733128586,6.3350083003384015,0.0
2006-01-29 00:00:00,3.4711985083008443,0.29807963546713556,6.66477618268014,2.4837145390047506
2006-02-05 00:00:00,3.4621180211404385,0.2204684599387452,6.725788868461285,2.2891178938433017
2006-02-12 00:00:00,3.179514752219421,0.05483238146378788,6.570924552528665,1.8446797061197573
2006-02-19 00:00:00,2.8123373930822675,-0.8002940743506373,5.756032154590583,1.720684861032189
2006-02-26 00:00:00,2.4900275772026834,-0.5904761829013174,5.640877143057218,1.3466378215990438
2006-03-05 00:00:00,2.2396402138488716,-0.8587284101544865,5.581401817876836,1.8037658432905188
2006-03-12 00:00:00,2.0525692114474245,-1.2531055768299462,5.440118707453219,2.3948122473128794
2006-03-19 00:00:00,1.9309836855571816,-1.0939048026703597,5.3732775450279,2.7929810877975574
2006-03-26 00:00:00,1.8537935217723303,-1.2595203939822937,5.219895021987707,4.450060787651432
2006-04-02 00:00:00,1.747839528388982,-1.6289287472119933,5.014091830429077,4.324450218464016
2006-04-09 00:00:00,1.5585279714288798,-1.717532849663486,4.8039910465110935,4.00305477165942
2006-04-16 00:00:00,1.3634098220394761,-1.7596225483352232,4.586897994974754,3.898829222225133
2006-04-23 00:00:00,1.3676256479248239,-1.8555102451193646,4.634918748686027,3.68751620743527
2006-04-30 00:00:00,1.7259648259206524,-1.42813307545465,5.11421990969039,4.0991836794639775
2006-05-07 00:00:00,2.348633809515047,-0.7443647912231541,5.597507032791032,4.526107116889361
2006-05-14 00:00:00,2.9073806511239786,-0.016975239196919123,6.0536912908159515,4.363587996211392
2006-05-21 00:00:00,3.070715718348725,-0.10136947406462937,6.263042228222544,10.25965207124961
2006-05-28 00:00:00,2.7596710234795734,-0.5892210457203095,6.061053675937927,5.795438129850898
2006-06-04 00:00:00,2.192040921443379,-1.0134956935915822,5.204769230629688,0.6213047988994931
2006-06-11 00:00:00,1.6948308146419406,-1.6942399612539565,4.835572459100314,0.0
2006-06-18 00:00:00,1.4752613691569136,-1.6383503750465933,4.746029162774607,0.0
2006-06-25 00:00:00,1.5377359450662507,-1.7337535811743727,4.950692238129051,0.0
2006-07-02 00:00:00,1.759943003536912,-1.4251562374059206,4.79874387754972,0.0
2006-07-09 00:00:00,2.008062918648983,-1.2153816623373865,5.163999716006998,0.0
2006-07-16 00:00:00,2.1964628079109194,-0.9880751307988351,5.304472041487276,6.0538086575923735
2006-07-23 00:00:00,2.2951659048236936,-0.9597836947017289,5.4921890919416825,5.034216154884635
2006-07-30 00:00:00,2.321775019124735,-0.6518324569972362,5.338487878657567,3.2094159368974267
2006-08-06 00:00:00,2.31797098100988,-0.7236427001220793,5.719560234742966,2.1107962506255644
2006-08-13 00:00:00,2.3023041380387137,-1.0867649361380742,5.6797557933520135,1.1223190008511392
2006-08-20 00:00:00,2.2408989868132734,-0.7751403336746674,5.347068494177725,1.6169400797235245
2006-08-27 00:00:00,2.0940891665516546,-1.0134051259635224,5.25925569928046,2.4522608997786994
2006-09-03 00:00:00,1.9122638076726122,-1.4396618385164062,4.924369330788432,3.0125980196466364
2006-09-10 00:00:00,1.8595890359569214,-1.2221177717442488,5.061109650347255,5.0256890629954825
2006-09-17 00:00:00,2.0840878967257535,-0.9732899334584975,5.439690399993067,4.695627880886034
2006-09-24 00:00:00,2.5352779188509507,-0.502592967098233,5.995102677827667,3.861245281478151
2006-10-01 00:00:00,2.935779114715412,-0.3850296376241684,5.925848578392219,2.8256747746403312
2006-10-08 00:00:00,2.989308558072747,-0.19819651491037193,5.95229098212947,6.872359371579382
2006-10-15 00:00:00,2.650830955522694,-0.39006322329173937,5.753786149261408,1.331758628420617
2006-10-22 00:00:00,2.1859681475320123,-1.1290868789696913,5.26556374097494,0.0
2006-10-29 00:00:00,1.9437176885571024,-1.2543503609637812,5.287145941548259,0.0
2006-11-05 00:00:00,2.0603066067341564,-0.9117302327050814,5.270161714578882,0.0
2006-11-12 00:00:00,2.3786517152918147,-0.7612762719900767,5.545556137961482,0.0
2006-11-19 00:00:00,2.6336914840733634,-0.7201638893363462,5.568692840365168,0.0
2006-11-26 00:00:00,2.6850565835577624,-0.5058684777804685,5.986462644034651,0.0
2006-12-03 00:00:00,2.570090700616004,-0.5544560376223067,5.689488685598726,7.042028520269391
2006-12-10 00:00:00,2.3842851047109526,-0.6783942962468146,5.541247499334675,6.6590235591760285
2006-12-17 00:00:00,2.1795504673134714,-1.036926411991678,5.318309312423979,5.617353651427507
2006-12-24 00:00:00,1.997408643510987,-1.2604736982956801,5.05198340217186,5.293949269127073
2006-12-31 00:00:00,1.945431508691412,-1.1858665432143796,5.192131574012967,4.268383949628149
2007-01-07 00:00:00,2.1601133685178087,-1.2394188528759185,5.056581528941178,5.463730308229246
2007-01-14 00:00:00,2.6587707522465207,-0.27274718274218435,5.801201322918756,7.03412388396164
2007-01-21 00:00:00,3.25465695259597,0.054899781181870555,6.441351748230264,7.846116858180966
2007-01-28 00:00:00,3.664081999798575,0.5637321598119218,7.042992835731645,14.403325846442666
2007-02-04 00:00:00,3.718486243370731,0.4140240908220565,6.877110608834334,12.1870379302402
2007-02-11 00:00:00,3.47109677163686,0.13895523659001574,6.622112276671775,8.661402293605853
2007-02-18 00:00:00,3.1060989703587025,0.007950875506935073,6.2241240159072,5.768825929711282
2007-02-25 00:00:00,2.771145398956649,-0.28123486785735086,5.974820575174766,4.851451552553529
2007-03-04 00:00:00,2.5083469812786383,-0.8666132017112558,5.805933871817889,3.8788031598390895
2007-03-11 00:00:00,2.309797533480602,-0.851977690977098,5.468384127345604,3.893851405231576
2007-03-18 00:00:00,2.1763658241366315,-1.185561840086014,5.501525709579056,3.784130882375806
2007-03-25 00:00:00,2.095142436614545,-1.0963608666500537,5.444546458508066,3.675641707881624
2007-04-01 00:00:00,2.0002695063898073,-1.313489871443363,5.243719190491,2.723797660580105
2007-04-08 00:00:00,1.8247332500080669,-1.337566825371722,5.117632078350079,1.470657206599565
2007-04-15 00:00:00,1.6175036867226529,-1.513012729569498,4.881404377102163,0.3340214249387058
2007-04-22 00:00:00,1.5699434220042636,-1.6927978666234083,4.723057754857297,0.0
2007-04-29 00:00:00,1.8628475399166222,-1.4596201205798431,5.025891013308117,0.0
2007-05-06 00:00:00,2.4573852302975294,-0.9635939783919101,5.703559629003102,0.0
2007-05-13 00:00:00,3.055523277408012,-0.060403883095023314,6.043916304343722,0.0
2007-05-20 00:00:00,3.304138108770147,0.17673421212955898,6.69202200651239,0.0
2007-05-27 00:00:00,3.06831498585271,-0.17678287194288167,6.201844721741901,0.0
2007-06-03 00:00:00,2.5216616409803265,-0.45981386938940405,5.79502963480164,0.0
2007-06-10 00:00:00,1.9904362988289945,-0.9336593136056841,5.2386532262205545,0.0
2007-06-17 00:00:00,1.714878246334574,-1.4936885898874772,5.067926806180321,5.131723349799449
2007-06-24 00:00:00,1.7333863261871267,-1.5483167910358815,4.944838287711697,4.669489102577951
2007-07-01 00:00:00,1.9371711753470198,-1.2061932493599303,5.29650094665851,3.543105197128135
2007-07-08 00:00:00,2.1880273097580822,-1.1626357664193017,5.3039058590566075,2.5035433504944646
2007-07-15 00:00:00,2.3902378437735887,-0.7073705298083843,5.624109371167034,2.4841549071229747
2007-07-22 00:00:00,2.5042938719913765,-0.5377054411961648,5.755657023840074,1.7898175194439656
2007-07-29 00:00:00,2.5403123342219605,-0.8267652453756802,5.844815607071302,1.5604896430857345
2007-08-05 00:00:00,2.538649475548006,-0.8434927144735855,5.80312219800855,2.0894679303473254
2007-08-12 00:00:00,2.5255863407536174,-0.7623013178064935,5.839584195819999,0.9929530598435938
2007-08-19 00:00:00,2.475748186935297,-0.7525012327375329,5.733412824625255,1.6251210228921529
2007-08-26 00:00:00,2.343592990304785,-0.6457311078059291,5.634173159087352,2.400856255790157
2007-09-02 00:00:00,2.1580444311925846,-0.9064299425022702,5.330065449552642,2.9049996614740965
2007-09-09 00:00:00,2.0680280380549823,-0.9883315596995632,4.923755023693224,7.334843637934945
2007-09-16 00:00:00,2.2389108318732474,-0.9169139978040803,5.694677203298339,6.698854911095783
2007-09-23 00:00:00,2.6646401571182405,-0.33557802984860574,6.008033080021743,5.366565694110273
2007-09-30 00:00:00,3.0990295852227874,-0.11258375270897814,6.192722954500074,4.371526756859001
2007-10-07 00:00:00,3.2273104505703727,0.27450014152006097,6.43251743661027,3.4586424441641066
2007-10-14 00:00:00,2.946346824149212,-0.36781919191119394,6.051502876924781,3.677465657985638
2007-10-21 00:00:00,2.4761452747766057,-0.8520761124173521,5.473237573764129,4.265980755384325
2007-10-28 00:00:00,2.174857064334352,-0.8875465251988657,5.320743605093755,4.445772142465931
2007-11-04 00:00:00,2.231377786380236,-1.1203198797924636,5.175297737500845,7.549305957582173
2007-11-11 00:00:00,2.5332750417238525,-0.6213181917166857,5.586633112973718,5.501495721625794
2007-11-18 00:00:00,2.8152308960891563,-0.4325482509497727,5.818732391710064,2.570610388648967
2007-11-25 00:00:00,2.904014608201531,-0.26191218370631075,6.490173511701099,0.2264489321430655
2007-12-02 00:00:00,2.8110967366291635,-0.2583901126799306,6.077012944189251,0.0
2007-12-09 00:00:00,2.6322184174955425,-0.5167281606963785,6.002698275422285,0.0
2007-12-16 00:00:00,2.428442069088332,-0.6384708768165326,5.591819670883576,0.0
2007-12-23 00:00:00,2.23639073985416,-0.850183628774726,5.384856176379907,0.0
2007-12-30 00:00:00,2.1500050986416,-1.09952012976821,5.0686642271781075,0.0
2008-01-06 00:00:00,2.310001866118136,-0.9471861498268797,5.4006617630746465,0.0
2008-01-13 00:00:00,2.765689722180967,-0.16588105197777336,5.897063603294051,0.0
2008-01-20 00:00:00,3.3646335597525208,0.17512135068526868,6.634798945451709,0.0
2008-01-27 00:00:00,3.825229625676247,0.4912176304795246,7.116711505243425,0.936330807316456
2008-02-03 00:00:00,3.9445806947841224,1.021652788872305,7.010844276624989,1.63261447478064
2008-02-10 00:00:00,3.738261731803634,0.48163700088042827,6.900973236957257,2.456241647332149
2008-02-17 00:00:00,3.3798164607082297,0.0737171495965665,6.723010936052093,2.8987430705707555
2008-02-24 00:00:00,3.0328432440753983,-0.18321657336802133,5.938591648918566,10.80691968130377
2008-03-02 00:00:00,2.756672278502387,-0.416077423676668,5.754763299420495,8.2964002948839
2008-03-09 00:00:00,2.5462385720637952,-0.5836219571137358,5.911122071409727,4.107424956129871
2008-03-16 00:00:00,2.400177910470731,-0.6808257069622026,5.571048207881308,0.5610460676824579
2008-03-23 00:00:00,2.3121580749104154,-0.8898483836986046,5.3985474894272745,0.0
2008-03-30 00:00:00,2.225339571930138,-0.8759435032140068,5.529676396072729,0.0
2008-04-06 00:00:00,2.0645103001906406,-1.276706523905419,5.2185680164607,0.0
2008-04-13 00:00:00,1.8511929314727258,-1.318043799324565,5.24889609890124,0.0
2008-04-20 00:00:00,1.7577325615346293,-1.535462938910043,4.806597662191267,0.0
2008-04-27 00:00:00,1.9835762583816428,-1.2602305480892775,5.09128972892808,0.0
2008-05-04 00:00:00,2.539359633633938,-0.6502945267729361,5.647039095385793,0.0
2008-05-11 00:00:00,3.164315124288567,-0.14850254652004002,6.171222384986208,0.0
2008-05-18 00:00:00,3.4937749845603134,0.16939149735778125,6.442114890960641,3.4870953428597464
2008-05-25 00:00:00,3.33931927245255,0.14326409490202563,6.422948368167793,2.6859686326820014
2008-06-01 00:00:00,2.824882003731582,-0.31295588236683436,6.053412129694017,1.276452256843026
2008-06-08 00:00:00,2.267753853808195,-0.7643005046794911,5.538168316316832,0.1079207676152263
2008-06-15 00:00:00,1.937381973637925,-1.176695830911037,5.1561469245351095,0.0
2008-06-22 00:00:00,1.9082465003453883,-1.3785041189603864,5.07758664026833,0.0
2008-06-29 00:00:00,2.0891554588490155,-1.0601259483009184,5.473254931180268,0.0
2008-07-06 00:00:00,2.3398177395933533,-1.0071316121995602,5.602561094700576,0.0
2008-07-13 00:00:00,2.5547358687358157,-0.5388146657011466,5.629743781369932,0.7924135456421438
2008-07-20 00:00:00,2.6846464086834074,-0.6499834911140816,5.966155365610765,1.4945530748430054
2008-07-27 00:00:00,2.731624858857655,-0.4196986201414332,5.860980955585919,2.33609211744503
2008-08-03 00:00:00,2.733204913785533,-0.42474605363846907,5.639628270057284,2.9343782620698216
2008-08-10 00:00:00,2.721995228984304,-0.6262632476694261,5.8799538737243555,9.202102431558636
2008-08-17 00:00:00,2.6821207227334702,-0.490459188170453,5.897277619223265,8.656835984547161
2008-08-24 00:00:00,2.5655186782858954,-0.4702604369482133,5.711558758126667,7.084759335281029
2008-08-31 00:00:00,2.3811719526760697,-0.7759240319915626,5.540278463024283,5.286048248613172
2008-09-07 00:00:00,2.259541305458469,-0.7970511756462932,5.720393590168682,8.913838404160854
2008-09-14 00:00:00,2.376731807886124,-0.7047281393630023,5.58839957776788,4.906377955928609
2008-09-21 00:00:00,2.7685437298554816,-0.4721356924632065,5.921423854057158,1.2946566399105366
2008-09-28 00:00:00,3.2258352237569072,0.03758066949751937,6.4037258312932135,0.0
2008-10-05 00:00:00,3.425124268194091,0.13806095712340527,6.583568760559654,0.0
2008-10-12 00:00:00,3.20912397243215,-0.07472850311580803,6.607657603616531,0.0
2008-10-19 00:00:00,2.74565170223954,-0.132658870630316,5.959541486986637,0.0
2008-10-26 00:00:00,2.3914648447471065,-0.799702457062049,5.7768112426906,0.0
2008-11-02 00:00:00,2.383605575919455,-1.0445001602985151,5.507863358204674,4.0361416590032135
2008-11-09 00:00:00,2.6595944069197617,-0.696109887896478,5.754514450310794,2.870707886275209
2008-11-16 00:00:00,2.9624237408951952,-0.5377438618888077,6.1523278280117015,0.6505874547215774
2008-11-23 00:00:00,3.089060317296825,-0.14935639842133375,6.179977406538141,0.0
2008-11-30 00:00:00,3.02134568059204,-0.11739214296158718,6.104176538731502,0.0
2008-12-07 00:00:00,2.8510221170731698,-0.15830305459541139,6.172348402551245,0.0
2008-12-14 00:00:00,2.648822657957229,-0.44088807556287346,5.790195276364431,0.0
2008-12-21 00:00:00,2.4496016106432994,-0.5860559808318708,5.430115423909704,0.0
2008-12-28 00:00:00,2.3334500987436124,-0.8586096734856308,5.530109289724514,3.9062897777436567
2009-01-04 00:00:00,2.440418545761663,-0.6651093336929881,5.827378774346165,4.0750453618871605
2009-01-11 00:00:00,2.84780378680441,-0.27594653475257935,6.248977617137417,3.74238640588642
2009-01-18 00:00:00,3.439936633264881,0.537571350308401,6.711564303724016,3.3911514544827623
2009-01-25 00:00:00,3.944572306768218,0.8452596213357737,7.012665174959834,3.571168919350204
2009-02-01 00:00:00,4.130163925694939,0.877671179106345,7.536309591879499,3.6384159300452192
2009-02-08 00:00:00,3.971580352083371,1.0073945618638436,6.9763092713452775,3.892789549730347
2009-02-15 00:00:00,3.6257904508416727,0.45397995437177086,6.684405826952532,4.0124986008742285
2009-02-22 00:00:00,3.269158891630102,-0.08070188818134882,6.547930858465402,4.862282835933647
2009-03-01 00:00:00,2.9798528259764945,-0.09328176998728077,6.017199111963707,4.282741123740283
2009-03-08 00:00:00,2.758152531611017,-0.4097317422172222,5.897918389329375,3.3867326025786
2009-03-15 00:00:00,2.6000506470090214,-0.7313735757973157,5.92241446846192,2.5831164377474685
2009-03-22 00:00:00,2.503964326961871,-0.8539908434840737,5.614293329052197,1.9675495222391888
2009-03-29 00:00:00,2.423064562520271,-0.7741922325614756,5.73892898815348,1.763335753691277
2009-04-05 00:00:00,2.2780572807188415,-0.8557778584862246,5.480088230782306,1.8225089013580755
2009-04-12 00:00:00,2.065119408119096,-1.171067029540533,5.307055889646599,2.0040428227114586
2009-04-19 00:00:00,1.9333884062999747,-1.3279494474391447,5.152785250816408,1.5999811972263085
2009-04-26 00:00:00,2.0933933667775633,-1.0108386287836928,5.2602775134736195,1.802355180300342
2009-05-03 00:00:00,2.602240356722716,-0.546364712707283,5.651805704826954,2.015189434704848
2009-05-10 00:00:00,3.2421788274522014,0.020839704458392116,6.645025152497686,2.012447187768502
2009-05-17 00:00:00,3.646371311336471,0.39383469477639044,7.0345075962720705,4.524914150489521
2009-05-24 00:00:00,3.5778879677657205,0.24948249725449956,6.777543523713715,2.715104822169296
2009-05-31 00:00:00,3.1067836272581255,-0.06357812430333043,6.406856942847921,0.1899540273411827
2009-06-07 00:00:00,2.533043426092055,-0.5307423953812958,5.761255413606917,0.0
2009-06-14 00:00:00,2.150407057899367,-0.9500987924239097,5.388806519066088,0.0
2009-06-21 00:00:00,2.0706615587132156,-1.0432490265104328,5.144346210507239,0.0
2009-06-28 00:00:00,2.2242879048998003,-1.1229268578775011,5.379965470651671,0.0
2009-07-05 00:00:00,2.470756212216399,-0.7447577847938867,5.759339960422756,0.0
2009-07-12 00:00:00,2.696229377252516,-0.4707848854528911,5.861526023449477,4.937192143164225
2009-07-19 00:00:00,2.841491834337276,-0.24162068224910271,6.046646218205906,4.556007548319123
2009-07-26 00:00:00,2.900137504674441,-0.1976885960115098,6.076372779396143,3.266965120981271
2009-08-02 00:00:00,2.905540702777389,-0.38263710545901697,6.2664621899090776,2.099780187535379
2009-08-09 00:00:00,2.8950460229815747,-0.34340705806135263,6.05686656546451,1.2028961883655362
2009-08-16 00:00:00,2.862733914776438,-0.3152730021519967,6.103861015864189,1.3879644143919951
2009-08-23 00:00:00,2.7611549269026527,-0.4977236751848477,5.792965809580484,2.05510229473489
2009-08-30 00:00:00,2.5817738697428334,-0.44081844120093283,5.795065196719056,2.7840101025075787
2009-09-06 00:00:00,2.4341017169360986,-0.7955647519490197,5.8145536620727105,3.286432095155825
2009-09-13 00:00:00,2.4984775987056516,-0.6868588001549361,5.506086891575874,3.6403861746838992
2009-09-20 00:00:00,2.848735161929442,-0.40812305727587317,5.930172487373687,3.832534624155776
2009-09-27 00:00:00,3.317180458912169,-0.04659384222545304,6.674895744144986,4.100592106004499
2009-10-04 00:00:00,3.581379871975855,0.5298499647841937,6.780873297682056,4.495350249216025
2009-10-11 00:00:00,3.435501270050043,0.23063522343092036,6.696337657956891,5.188516459880662
2009-10-18 00:00:00,2.9907526087759866,-0.2529142943253002,6.128985981621893,6.050081557158491
2009-10-25 00:00:00,2.591458980462129,-0.6046991179953731,5.917894664702111,6.555969733744823
2009-11-01 00:00:00,2.516602930058462,-0.5603890046208191,5.56905518711322,10.314100670700697
2009-11-08 00:00:00,2.757445845108291,-0.3971452142881784,5.929969785706954,8.928101095619786
2009-11-15 00:00:00,3.07400965792087,-0.1567491504276215,6.550872845661253,6.514612796477101
2009-11-22 00:00:00,3.237885635203974,0.18832773857676677,6.1823903422299535,3.963075437202418
2009-11-29 00:00:00,3.198416225603271,0.10549493369816298,6.4414317102746566,6.869981860229813
2009-12-06 00:00:00,3.038636871379877,-0.22524925796913875,6.033520426295807,0.5599911397701866
2009-12-13 00:00:00,2.8385513956903727,-0.22099099668208444,6.310098204586025,0.0
2009-12-20 00:00:00,2.6343510004278277,-0.5196307914840097,5.872498943485547,0.0
2009-12-27 00:00:00,2.492976788738544,-0.5061190827046906,5.814174721997752,0.0
2010-01-03 00:00:00,2.5494980643303484,-0.5840142663327548,5.90224328931175,0.0
2010-01-10 00:00:00,2.904503460952659,-0.42668520510647534,5.880299250864224,0.0
2010-01-17 00:00:00,3.480261826200098,0.4062091951571327,6.793275121489172,0.0
2010-01-24 00:00:00,4.0207673627107345,0.8056336305781404,7.21260553344614,7.083705706478799
2010-01-31 00:00:00,4.2711469548341165,1.00738790807183,7.326186299325081,6.741860490135488
2010-02-07 00:00:00,4.165063847057139,1.2265153241504332,7.4795191433343025,5.178273226889997
2010-02-14 00:00:00,3.8371561294841827,0.6427504819877214,6.676455176312252,3.2860785764957154
2010-02-21 00:00:00,3.4725303690424685,0.3407467867630569,6.311149756563818,6.065314689548661
2010-02-28 00:00:00,3.169118807754504,0.06441170198733559,6.504704484801514,1.3646583104513397
2010-03-07 00:00:00,2.93527635570315,-0.3723693470714089,6.137413136363357,0.0
2010-03-14 00:00:00,2.762622864747758,-0.5168694898876218,6.245213808559594,0.0
2010-03-21 00:00:00,2.6543268685275327,-0.42709019455838915,6.208985549748134,0.0
2010-03-28 00:00:00,2.5738517882586884,-0.5652234788043149,5.857289080587185,0.0
2010-04-04 00:00:00,2.441649108743716,-0.5109863912643409,5.736914307237955,0.0
2010-04-11 00:00:00,2.23146328239639,-0.8815557129406111,5.686188613252459,0.0
2010-04-18 00:00:00,2.0661825474260733,-1.1763252054289608,5.259035251900625,6.522592796886494
2010-04-25 00:00:00,2.159912535150834,-1.1321754773401134,5.08950871413221,5.481738336611057
2010-05-02 00:00:00,2.6118832635974347,-0.6639822832997071,5.712578443192131,2.983067304200208
2010-05-09 00:00:00,3.2516495585097127,0.05609083351109412,6.423086211220975,1.127338562302243
2010-05-16 00:00:00,3.7198676506314214,0.5620791438870798,6.797455182244937,0.4346834587907462
2010-05-23 00:00:00,3.737195043633662,0.6214915883210936,7.015167657126577,1.198870066220478
2010-05-30 00:00:00,3.317052575680722,0.23458554239408835,6.557833448179527,2.573961542622819
2010-06-06 00:00:00,2.7339283719013103,-0.38804232246874637,6.002706030051559,3.849852932365957
2010-06-13 00:00:00,2.299924277398511,-1.1703978760088174,5.530359206033907,11.535235208208777
2010-06-20 00:00:00,2.1643784017610392,-1.1501583854149504,5.096436360698526,11.45297260196052
2010-06-27 00:00:00,2.283374280449328,-0.7763604695035986,5.289064635442756,9.742115084612792
2010-07-04 00:00:00,2.5210741319474232,-0.5470367778575338,5.539921534530255,7.556519105217912
2010-07-11 00:00:00,2.7543759027415358,-0.6361828429442897,6.0713085659295505,8.256805012046305
2010-07-18 00:00:00,2.9139556417876964,-0.3677514689780086,6.145883632630591,6.437100395592863
2010-07-25 00:00:00,2.9845716198395227,-0.23238889685671582,6.057210405706634,5.24963053899422
2010-08-01 00:00:00,2.9942818245341436,-0.14437194779609985,6.115667513394153,4.228569053366612
2010-08-08 00:00:00,2.983470574127387,-0.09035517377739799,6.216729919894324,5.325535188859405
2010-08-15 00:00:00,2.956114935823937,-0.11813372191670446,6.212268665302015,2.731832811140595
2010-08-22 00:00:00,2.8681741908556395,-0.3459133180261249,6.091223795813822,0.0
2010-08-29 00:00:00,2.696511760993367,-0.2586560933505009,5.968908358875835,0.0
2010-09-05 00:00:00,2.5282201069718004,-0.7564328738821051,5.953140247849099,0.0
2010-09-12 00:00:00,2.541705170884314,-0.7952105519147752,5.748701091598356,0.0
2010-09-19 00:00:00,2.8439709818188166,-0.4613244907266578,5.9246199158712844,0.0
2010-09-26 00:00:00,3.31163104125985,0.11755068703237459,6.579906595087573,0.0
2010-10-03 00:00:00,3.6327175310849,0.5213935868583333,6.794828206413816,6.870724496622317
2010-10-10 00:00:00,3.5598957913469853,0.6418499939411266,6.850507441880601,5.82299403554517
2010-10-17 00:00:00,3.144730580972176,-0.20734331583916177,6.2819052191058,3.088231538363197
2010-10-24 00:00:00,2.7088738318717462,-0.44091299343613644,5.926155697277335,0.3327869294693181
2010-10-31 00:00:00,2.565548993016893,-0.4442275605286241,5.704400818749008,0.0
2010-11-07 00:00:00,2.7618509708536485,-0.37369590402827413,6.294871385023231,0.0
2010-11-14 00:00:00,3.0833769055953564,-0.040579674053812465,6.31704473304809,0.0
2010-11-21 00:00:00,3.282035426470129,-0.0363149998154948,6.441026395628644,0.0
2010-11-28 00:00:00,3.270864256373617,0.10429377920101501,6.302374015497487,2.711609777958691
2010-12-05 00:00:00,3.1212641344006817,-0.2506181008538779,6.500807722625589,2.5773714380026487
2010-12-12 00:00:00,2.9211595554919065,-0.26933252036342425,5.814904313722629,1.7092199203859226
2010-12-19 00:00:00,2.7109449191985115,-0.6675165435702151,5.951842353873285,1.0591668636527374
2010-12-26 00:00:00,2.545933224788446,-0.4659408814245336,5.8804796773704755,0.6498608606917516
2011-01-02 00:00:00,2.5526370112596504,-0.6783170587599607,5.63555234806372,1.3349814931878343
2011-01-09 00:00:00,2.849772315293655,-0.33999681148507177,6.139143456493633,2.4852506084487658
2011-01-16 00:00:00,3.3974315978432124,0.3054873258974138,6.700230654709977,3.5872750376716485
2011-01-23 00:00:00,3.962093303824328,0.7484898704655545,7.175672881544847,8.999628725887959
2011-01-30 00:00:00,4.2720924487008265,1.0447489145209996,7.613135956008184,8.999672325717208
2011-02-06 00:00:00,4.220237930333095,1.0359184350714756,7.439746518656867,7.824287280748966
2011-02-13 00:00:00,3.91349195947444,0.7127670430982056,7.168393425940481,6.40588566764587
2011-02-20 00:00:00,3.5409456170431173,0.2312929737769358,6.665701825707452,5.539108144214901
2011-02-27 00:00:00,3.2204178751944625,-0.17389795842795053,6.4862787769388754,5.513831600965141
2011-03-06 00:00:00,2.9711346940324637,-0.2517248164051509,5.911097668021521,6.157468592134981
2011-03-13 00:00:00,2.7849047771303033,-0.36392010550551834,5.836615638484215,6.737863662684975
2011-03-20 00:00:00,2.6640448464773394,-0.6111868252979722,6.084442121548113,8.959230079931993
2011-03-27 00:00:00,2.5819357349758008,-0.6570937557551493,5.866801890937811,7.496150784148964
2011-04-03 00:00:00,2.4621547770120733,-0.8343362821048155,5.872398970335745,4.931822246184312
2011-04-10 00:00:00,2.259555816361402,-0.7770029804022096,5.351998863387525,2.5610688897347305
2011-04-17 00:00:00,2.0689331930860035,-1.05317024966401,5.065136803454767,0.8367256627875238
2011-04-24 00:00:00,2.1007965145725445,-0.8277451170664527,5.35392971362711,1.212036091421847
2011-05-01 00:00:00,2.4909976563271443,-0.8126528832222304,5.7325461470042045,2.338788911112885
2011-05-08 00:00:00,3.1191089366235025,-0.20504358148483925,6.233213913120241,3.5952063346777448
2011-05-15 00:00:00,3.6425891678874147,0.31773756245154505,6.734608120532498,6.277772360820174
2011-05-22 00:00:00,3.7470285868886464,0.663904896618708,7.060283439433592,6.4986196562467
2011-05-29 00:00:00,3.3880327031650226,0.25939949313127864,6.452636227051002,5.918394514374521
2011-06-05 00:00:00,2.8068177427338665,-0.5858049198376265,6.2007393438476495,5.253485468558603
2011-06-12 00:00:00,2.327034340891608,-1.2418939207097583,5.288014741652397,4.570760835831617
2011-06-19 00:00:00,2.1347407743539675,-1.0430913656407883,5.181455563299268,5.246603703461008
2011-06-26 00:00:00,2.2152494231660294,-1.060695465279295,5.401588292196893,6.535894500191577
2011-07-03 00:00:00,2.440042126004542,-0.5916590433352358,5.520034755762508,7.595012960515796
2011-07-10 00:00:00,2.6788524632232664,-0.46025613102853,5.990530708934433,13.25526318256151
2011-07-17 00:00:00,2.852161910568563,-0.4193708526901454,6.184666835226913,10.841805107310918
2011-07-24 00:00:00,2.9355978509596268,0.09870662815216491,6.201952292151181,6.2987945058169625
2011-07-31 00:00:00,2.9509293409095125,-0.22164703058324697,6.222399978978828,1.535166204310607
2011-08-07 00:00:00,2.939858107792771,-0.23168358864017202,6.090459146224279,0.0
2011-08-14 00:00:00,2.9145750647220408,-0.45279930675034663,6.067245873202688,0.0
2011-08-21 00:00:00,2.837969943174664,-0.3936476527905186,6.159779759059373,0.0
2011-08-28 00:00:00,2.675552975614334,-0.5549271958618847,5.844585623598208,0.0
2011-09-04 00:00:00,2.4915283157711707,-0.45430247900321685,5.596927800352077,1.767516472864998
2011-09-11 00:00:00,2.456747237871971,-0.6244094576030981,5.683936280258285,2.1658821545963
2011-09-18 00:00:00,2.7057072002043383,-0.7172001279722933,5.875269923797364,2.153578964887605
2011-09-25 00:00:00,3.160609018875405,0.17843858864472772,6.402317336768195,1.8957794076510983
2011-10-02 00:00:00,3.528711180061677,0.43797245016168507,6.681235873833714,2.805120375573644
2011-10-09 00:00:00,3.5293890913426016,0.285260837545918,6.549874887188546,2.2232189963738
2011-10-16 00:00:00,3.1536122659952386,0.07127265515574521,6.459402813181088,1.5995067391084608
2011-10-23 00:00:00,2.690662820076823,-0.5545685831600875,5.773486763494519,1.3549108889440955
2011-10-30 00:00:00,2.4790610457554036,-0.7446206896901084,5.71368508636342,0.7941557632363103
2011-11-06 00:00:00,2.622012318700046,-0.6118291112397833,5.61490203047669,1.426823345837845
2011-11-13 00:00:00,2.938731686514445,-0.38220296738163695,6.103687051677602,2.4194653649220466
2011-11-20 00:00:00,3.1682434644240556,0.22302054215237166,6.232309430547495,3.342312526003798
2011-11-27 00:00:00,3.1907768195778887,0.1892839188898856,6.311173377538537,8.466675157905762
2011-12-04 00:00:00,3.0571129855924113,-0.05034799739104612,6.186751330796304,7.609306761882641
2011-12-11 00:00:00,2.8608162859080024,-0.12415716782262809,6.124364586225329,5.23735935241775
2011-12-18 00:00:00,2.648908868083583,-0.5002714650529541,5.856853462386164,2.634930727793847
2011-12-25 00:00:00,2.467283205461869,-0.7524709594586345,5.472316568100885,0.8558814174061574
2012-01-01 00:00:00,2.4311834000038828,-0.6825882278380337,5.421613491544117,1.1264504272049964
2012-01-08 00:00:00,2.672058524025496,-0.8943648158886011,5.836631408153121,2.287489087258946
2012-01-15 00:00:00,3.1864718405384833,0.09536741020384065,6.1730208350036495,3.7129360681299
2012-01-22 00:00:00,3.768781298477159,0.7832515031495109,6.8518994384560115,6.35840762992583
2012-01-29 00:00:00,4.137602920387948,0.9751587816744971,7.3889823066271445,6.605578537209531
2012-02-05 00:00:00,4.14655597236757,0.6641834414434531,7.659436643435062,5.945409661046561
2012-02-12 00:00:00,3.8702171964305627,0.7150409497790593,7.116469956890713,4.826659171818077
2012-02-19 00:00:00,3.496322472281366,0.26692272362189295,6.6259823072678525,5.124255627988187
2012-02-26 00:00:00,3.161809531144883,-0.09660088532476863,6.313367515909132,4.168193146333936
2012-03-04 00:00:00,2.8994677999072085,-0.08736479245397444,6.187431957752245,3.5020763058390467
2012-03-11 00:00:00,2.700742353425496,-0.8071901684032539,5.618795486443867,3.029511919838831
2012-03-18 00:00:00,2.5674241770124198,-0.5503903431394868,5.7533551928258735,2.416485257025329
2012-03-25 00:00:00,2.481867195822134,-0.845012860527981,5.627688273517958,2.0688950489329203
2012-04-01 00:00:00,2.3735809030652675,-0.823805429292706,5.551117739834927,1.7641116320176464
2012-04-08 00:00:00,2.1824983927745736,-1.2734419159992734,5.456887706168892,1.6625260620241045
2012-04-15 00:00:00,1.9746696819281102,-1.3492999652499709,5.145420094171136,1.1249356434803877
2012-04-22 00:00:00,1.950414467783658,-1.2320482540606297,5.224642035546589,1.5752865662278972
2012-04-29 00:00:00,2.275781200918806,-1.0396701780190463,5.3879504215132235,2.279536421410013
2012-05-06 00:00:00,2.8814403649578186,-0.5534338325987527,6.223109523644699,2.9322593688817022
2012-05-13 00:00:00,3.450307419828798,0.27889189686745697,6.5402916440198124,6.15548186282157
2012-05-20 00:00:00,3.6412699647626887,0.23230594173695218,6.820311523513721,5.302134229131874
2012-05-27 00:00:00,3.3525811590919132,0.3578809516195631,6.524143142798685,3.33930902623754
2012-06-03 00:00:00,2.785092930692018,-0.4307468954572351,5.987561929189293,1.0271118818090157
2012-06-10 00:00:00,2.2664801397808096,-1.1384524398110152,5.299075152221683,0.0
2012-06-17 00:00:00,2.0175550860959808,-0.872110962772334,5.037078243109461,0.0
2012-06-24 00:00:00,2.056019688688611,-1.212561409161704,5.18102840083625,0.0
2012-07-01 00:00:00,2.2644879065426697,-1.0925703700618556,5.61797004352513,0.0
2012-07-08 00:00:00,2.507137950282872,-0.5374019167010609,5.8523479265956215,0.8377242083137725
2012-07-15 00:00:00,2.694280384594923,-0.6448870417415011,5.716978926972888,1.5516489119463284
2012-07-22 00:00:00,2.7921535464595175,-0.24464141636992087,5.876468504008155,2.388773194607652
2012-07-29 00:00:00,2.815441157610733,-0.5312543570020223,5.998779155059525,3.133871685132247
2012-08-05 00:00:00,2.805483052978289,-0.16009666083411078,6.328749904043599,7.3652026109932125
2012-08-12 00:00:00,2.784074594648385,-0.5774789406131049,6.127575402078403,6.95788436015628
2012-08-19 00:00:00,2.720585487984946,-0.4664690493686452,5.929600574522726,5.520680646209929
2012-08-26 00:00:00,2.5725878974905587,-0.37898236568327626,5.713875851408274,3.89228738264058
2012-09-02 00:00:00,2.381869948993561,-0.8314747527426554,5.629819558409187,2.275708028431275
2012-09-09 00:00:00,2.3068285843975858,-0.8745672414775978,5.56233482768619,2.926233978474168
2012-09-16 00:00:00,2.5032133259054796,-0.8455783802516379,5.904779013572699,4.467224210604658
2012-09-23 00:00:00,2.938536164427057,-0.5596801295972789,6.30841709476941,6.1548707824898985
2012-09-30 00:00:00,3.347105526389411,0.12966278654156094,6.497775634430447,11.94561299667126
2012-10-07 00:00:00,3.424085060672458,0.25777633460711113,6.656655598201295,10.562352083589484
2012-10-14 00:00:00,3.1008387012108267,-0.45305243537824946,6.1848124779725495,6.873433962400428
2012-10-21 00:00:00,2.6256129546887714,-0.5845578247397007,5.683655820680529,2.2666739573388264
2012-10-28 00:00:00,2.352333476034178,-0.8870450708912028,5.491327206263644,0.0
2012-11-04 00:00:00,2.438723517717206,-0.6056195236814776,5.601252701575767,0.0
2012-11-11 00:00:00,2.744836228422251,-0.43577897854162373,5.844635560727591,0.0
2012-11-18 00:00:00,3.0045024154901143,-0.2759440693039861,6.487112192004563,0.0
2012-11-25 00:00:00,3.0639311293780427,-0.3906706709712804,6.382045493264679,1.1276678301644203
2012-12-02 00:00:00,2.9506149641196657,-0.16766005977982967,5.901176463392018,1.796575754251828
2012-12-09 00:00:00,2.7606173582683913,-0.40611045565214576,6.108537119592893,2.328833775568272
2012-12-16 00:00:00,2.5493914236391597,-0.831254065052832,5.627471416352671,2.65894064001548
2012-12-23 00:00:00,2.3561313858209085,-0.8890087873490962,5.450114100613986,5.600583093951265
2012-12-30 00:00:00,2.283044191092119,-0.9970463417358117,5.447025570481371,4.885392689282087
2013-01-06 00:00:00,2.4689285550441262,-0.7233149430663874,5.7993463153094735,3.452886527886313
2013-01-13 00:00:00,2.9443253561190628,-0.40125438293566873,5.8804123331436955,1.639888688880336
2013-01-20 00:00:00,3.535837719158639,0.15410323688441485,6.823240020510681,0.0
2013-01-27 00:00:00,3.959722934155396,0.6652514093992485,7.313712062551001,0.0
2013-02-03 00:00:00,4.033356369738105,0.9053433275615581,7.33570238897185,0.0
2013-02-10 00:00:00,3.7950610804765916,0.49852090741027255,7.214250765265674,0.0
2013-02-17 00:00:00,3.425479373435906,0.38927250795881707,6.582809323828829,0.0
2013-02-24 00:00:00,3.0789661928246823,-0.2295731918326669,6.469603420879923,0.0
2013-03-03 00:00:00,2.8042876466181967,-0.35233595870581924,6.377676468912419,0.0
2013-03-10 00:00:00,2.5943939686898814,-0.4655625126452163,6.151143247232543,0.0
2013-03-17 00:00:00,2.4493450489389788,-0.8650647810703966,5.460199586411604,8.5101875307456
2013-03-24 00:00:00,2.3590707728382165,-0.8726903559457351,5.430166272830078,7.867917063471276
2013-03-31 00:00:00,2.261155038583911,-1.2145724948291985,5.543532133168295,5.183769584417039
2013-04-07 00:00:00,2.084799682572734,-1.2317422478274178,5.230375316072522,1.8062518213660832
2013-04-14 00:00:00,1.8678024149041752,-1.17134858783712,5.330914006719879,0.251055663414687
2013-04-21 00:00:00,1.7944916137490958,-1.5071728731028444,4.796440973547353,0.8090326710196649
2013-04-28 00:00:00,2.054024067062099,-1.4146161809876348,5.129017046559133,2.3791010325992343
2013-05-05 00:00:00,2.6276218271049148,-0.7477755217315512,5.863738173990761,4.350185632966413
2013-05-12 00:00:00,3.231380514862286,-0.021552156875769946,6.337518185774521,12.500697334570498
2013-05-19 00:00:00,3.506602859517734,0.2508447369476732,6.577595831392742,12.22140928653984
2013-05-26 00:00:00,3.2963120308817313,-0.08519579355528206,6.430691733136495,9.299784953849391
2013-06-02 00:00:00,2.7548372316435854,-0.5147727424376654,5.83997977808913,4.9249844250402735
2013-06-09 00:00:00,2.2058484771536198,-0.8348852167792957,5.479227838584527,3.234856279344637
2013-06-16 00:00:00,1.9017888427541076,-1.1547613013917317,5.240979347087611,0.6101475953094696
2013-06-23 00:00:00,1.8952845721625615,-1.1529305633071285,5.305150781211681,0.908211347668704
2013-06-30 00:00:00,2.0840931029026204,-1.1841928290207924,5.133712150933503,3.03615977767719
2013-07-07 00:00:00,2.3288739798874163,-1.0407885624044901,5.551147051803685,2.207042570270106
2013-07-14 00:00:00,2.5299490984704183,-0.3617362795208461,5.68738110008292,2.344931827910322
2013-07-21 00:00:00,2.643933264066892,-0.4823723113827607,5.8633184429255785,1.9297742252668209
2013-07-28 00:00:00,2.6777863866152236,-0.49689241880498525,5.759214378880792,1.3076263765527498
2013-08-04 00:00:00,2.670907017219807,-0.4120953696865124,5.787359825935777,0.8255223093704789
2013-08-11 00:00:00,2.6522880944713694,-0.37138682396618883,5.568003537158379,1.3053463312489375
2013-08-18 00:00:00,2.6002656475531887,-0.3813530103850633,5.8683016215793335,2.2583343152173434
2013-08-25 00:00:00,2.467896265300752,-0.7046976736776598,5.609010823865633,3.400172044163239
2013-09-01 00:00:00,2.2758746830601257,-1.1489659410445272,5.385224460954637,6.846686999830983
2013-09-08 00:00:00,2.1661032261488917,-0.8061922831618578,5.366712489206102,6.831577857192321
2013-09-15 00:00:00,2.3090366413037207,-0.8952202143521819,5.649815099983865,5.74488906752819
2013-09-22 00:00:00,2.715746300788004,-0.5435034414104125,5.692841765778969,3.9449720754485047
2013-09-29 00:00:00,3.1542397117585015,0.08953205679316234,6.392749609727264,4.948337141747369
2013-10-06 00:00:00,3.305083137293917,0.03742471584522811,6.5395560761294504,2.347898901799025
2013-10-13 00:00:00,3.0429092852895163,-0.04535548185588656,6.146808360788942,0.493138956453606
2013-10-20 00:00:00,2.5675899977634056,-0.5493637625696222,5.857067987651259,0.0
2013-10-27 00:00:00,2.237951957289445,-0.958988041080441,5.450821612062775,0.0
2013-11-03 00:00:00,2.262789897710934,-0.7652168411762816,5.52048092580273,0.0
2013-11-10 00:00:00,2.549096407119917,-0.4793723329192159,5.741374276333866,0.0
2013-11-17 00:00:00,2.8338339722995456,-0.4393750375838823,5.811586698543193,0.0
2013-11-24 00:00:00,2.931405567296821,-0.2786960085940442,6.059960188708174,2.4126961228861257
2013-12-01 00:00:00,2.8418360946471926,-0.5195416371371606,5.976552317343188,2.433649839423717
2013-12-08 00:00:00,2.6598073010046073,-0.5765633905364584,5.732551202342115,1.899371945538381
2013-12-15 00:00:00,2.450237739862033,-0.7150986215888655,5.592967671687827,0.9804660921517756
2013-12-22 00:00:00,2.248663839783121,-0.8697830054131375,5.691738178466261,0.0
2013-12-29 00:00:00,2.1434596343220074,-1.100884289545374,5.583093057954631,0.0
2014-01-05 00:00:00,2.275633960647034,-0.7297181259183811,5.619795461447657,0.0
2014-01-12 00:00:00,2.7062148030683515,-0.49656617508868406,5.714917438626866,0.0
2014-01-19 00:00:00,3.2972499904358714,0.22966394021139713,6.641763511856307,0.0
2014-01-26 00:00:00,3.770022958815198,0.693964388795745,6.859707058420354,0.0
2014-02-02 00:00:00,3.909808376455649,0.838824348516046,7.0711227529899325,0.0
2014-02-09 00:00:00,3.715826415356987,0.30906895055181716,6.989566638057731,0.0
2014-02-16 00:00:00,3.3556981739859753,0.12498418379573684,6.570943736944087,5.113077694817479
2014-02-23 00:00:00,2.9985594179332855,-0.09095861661002003,6.421744215642413,4.994909940983358
2014-03-02 00:00:00,2.7111166492183534,-0.535772948198586,5.879953273670596,3.704366997055175
2014-03-09 00:00:00,2.49012654114172,-0.7932600396448448,5.862291941430852,1.640013367143988
2014-03-16 00:00:00,2.333185324407601,-0.8883143539431169,5.72585646833064,0.0
2014-03-23 00:00:00,2.2360872184676004,-1.2392931722018936,5.696422568485163,0.0
2014-03-30 00:00:00,2.145918397704993,-1.134024393719404,5.426300454904462,0.0
2014-04-06 00:00:00,1.9853523096639403,-1.0583263362072048,5.447773273575941,0.0
2014-04-13 00:00:00,1.7654718519544939,-1.4144197852867642,4.917456454485836,0.0
2014-04-20 00:00:00,1.6497792450812578,-1.468422287884973,4.741352716055845,0.0
2014-04-27 00:00:00,1.8430653577555332,-1.233926419182093,5.002628590904288,0.0
2014-05-04 00:00:00,2.3749929979472153,-0.7133869477738273,5.668146010476407,0.0
2014-05-11 00:00:00,3.001389982001167,-0.12466548109599218,6.235126427103947,1.580520052217711
2014-05-18 00:00:00,3.3555513469990723,0.10234759445514507,6.894098294565834,1.887730572311389
2014-05-25 00:00:00,3.229009619513815,0.20168788363977108,6.367549468242788,2.09316763641016
2014-06-01 00:00:00,2.724573880801816,-0.4855409589694668,6.060862882554984,2.16476573906074
2014-06-08 00:00:00,2.1536109708945275,-1.1187283643797898,5.303900397522762,3.4610591776080097
2014-06-15 00:00:00,1.795934212290671,-1.3418331092923426,5.0182229293439455,2.7039680521640825
2014-06-22 00:00:00,1.7408519403894045,-1.592427827266372,4.800621734272168,1.486291841781945
2014-06-29 00:00:00,1.9053570437647687,-1.3968134761959523,4.991200356805264,0.0748649284459626
2014-07-06 00:00:00,2.149066555413942,-1.01751483902409,5.216648510005336,0.0
2014-07-13 00:00:00,2.3627092359877624,-0.9488232283887936,5.379631329873601,0.0
2014-07-20 00:00:00,2.4930626977206556,-0.6694080436428398,5.488389035514151,0.0
2014-07-27 00:00:00,2.538857154390317,-0.7020275593776697,5.62940934419921,0.0
2014-08-03 00:00:00,2.5361131551949176,-0.7662437124143757,5.640966760617633,3.102148601063028
2014-08-10 00:00:00,2.5195324277481235,-0.8349376687368624,5.642973078420675,2.908460681785848
2014-08-17 00:00:00,2.4771970991064,-0.6323617458165143,5.7872625654083585,1.7155747171511238
2014-08-24 00:00:00,2.360930253601905,-0.9369436146158447,5.686978585231625,0.0
2014-08-31 00:00:00,2.1723855825364655,-1.0502426390633808,5.099587826414391,0.0
2014-09-07 00:00:00,2.033885317930714,-0.9063513717498659,5.307298730861762,0.0
2014-09-14 00:00:00,2.1239947956001273,-1.1258876861603926,5.440159537849109,0.0
2014-09-21 00:00:00,2.494249248820192,-0.7970279096978463,5.507913434512533,0.0
2014-09-28 00:00:00,2.9516425344247654,-0.20987957272367286,6.065350205746979,4.733206473556685
2014-10-05 00:00:00,3.171952562102865,-0.16326504051797341,6.384261550000538,4.90377296723446
2014-10-12 00:00:00,2.977715716699326,0.05109680848043752,6.300043492698105,3.874378377705171
2014-10-19 00:00:00,2.514663888431917,-0.9088711904446094,5.751704234254989,1.9410101815036849
2014-10-26 00:00:00,2.135766896282633,-1.0485731870057697,5.255205825040129,0.0
2014-11-02 00:00:00,2.0956763669446583,-1.0469037091587046,5.273060742931621,0.0
2014-11-09 00:00:00,2.3530461071918234,-0.9976108217299169,5.522376333229861,0.0
2014-11-16 00:00:00,2.656636343976748,-0.3348696512901461,5.969006567678285,0.0
2014-11-23 00:00:00,2.792658563654153,-0.24432561915946494,5.824841973780368,0.0
2014-11-30 00:00:00,2.730242418861561,-0.6458324985728523,5.664807479403062,0.0
2014-12-07 00:00:00,2.5582310494785316,-0.8255093395429247,5.60666918661062,0.0
2014-12-14 00:00:00,2.351166834750484,-0.9471476139943737,5.702523912274671,0.0
2014-12-21 00:00:00,2.14407483657073,-1.073256796999149,5.564728291603718,5.198435713416136
2014-12-28 00:00:00,2.01165356293509,-1.2896007867808352,5.0961599590694355,5.063719796754497
2015-01-04 00:00:00,2.0924406709422274,-0.964421101708044,5.33295066491562,3.676919286289997
2015-01-11 00:00:00,2.4736447105306447,-0.5606921792968373,5.75750055953649,1.3936452035393705
2015-01-18 00:00:00,3.0547035736871284,-0.12738839191999007,6.401079225643401,0.0
2015-01-25 00:00:00,3.569072841474002,0.4394099351845988,6.751864956123886,0.0
2015-02-01 00:00:00,3.7751353358804587,0.6210227928027003,7.0727097204742195,0.0
2015-02-08 00:00:00,3.6313193719340875,0.463604880739821,6.831114341074392,0.0
2015-02-15 00:00:00,3.2863343929291577,0.22783464117182084,6.551218538151842,1.600561186592307
2015-02-22 00:00:00,2.9205687491595627,-0.07759907144688771,6.130572653558175,2.051482283519813
2015-03-01 00:00:00,2.620027130924972,-0.4669586092238447,5.862333835756994,2.124728821103116
2015-03-08 00:00:00,2.3878846690686824,-0.7285686454005105,5.3861120226083266,1.8895877087847648
2015-03-15 00:00:00,2.2190903883126296,-1.114511980630525,5.357938163872704,2.00788699852653
2015-03-22 00:00:00,2.113428866498838,-0.9679386297774593,5.300821747100519,1.8665839256622905
2015-03-29 00:00:00,2.0281926080775525,-1.08592691892235,5.362578989386231,1.8521659336025
2015-04-05 00:00:00,1.883548269404046,-1.4793548313938878,5.172749723096068,1.939723142208681
2015-04-12 00:00:00,1.6663106596006738,-1.580808664001018,4.628255227297744,1.9370779444915784
2015-04-19 00:00:00,1.5154160456381667,-1.8129438548914183,4.4905659923865375,1.95428769143895
2015-04-26 00:00:00,1.6437119650510041,-1.6258580292718547,4.615536458594923,1.920791214577091
2015-05-03 00:00:00,2.12574517122859,-0.9953087249319252,5.589553394822062,1.8542031494923807
2015-05-10 00:00:00,2.7622590061374983,-0.636916670877822,5.9892560151491185,1.7539261467688645
2015-05-17 00:00:00,3.188266789624741,-0.06175843059719899,6.334336633018731,1.818467094377704
2015-05-24 00:00:00,3.1490674195382113,-0.02793176609506709,6.193314726107863,1.959735804681386
2015-05-31 00:00:00,2.6923068067517066,-0.37851879935005606,6.175940333712321,2.134230954172045
2015-06-07 00:00:00,2.1087369835894867,-1.1961255575475098,5.23944764330619,2.764596383092673
2015-06-14 00:00:00,1.7002070009184118,-1.5279315262715816,4.621933551870573,2.4095041814289977
2015-06-21 00:00:00,1.5935534647735872,-1.3281484988078431,4.84312573065768,1.7172381004341088
2015-06-28 00:00:00,1.7290402000222762,-1.775565522952809,4.922012194238823,0.7750213350442202
2015-07-05 00:00:00,1.9681482441965863,-1.2879502986816034,5.060332762487638,0.0
2015-07-12 00:00:00,2.1926790674673335,-1.0572324237458592,5.480078997961964,0.0
2015-07-19 00:00:00,2.339389346931135,-0.971526301047402,5.480242150525228,0.0
2015-07-26 00:00:00,2.3983773717052017,-0.7249185070385757,5.483703712439594,0.0
2015-08-02 00:00:00,2.4010193906035964,-0.7247670284429266,5.594535146977984,0.0
2015-08-09 00:00:00,2.3860825673483586,-0.6981564211028988,5.5458378313358,0.0
2015-08-16 00:00:00,2.351640450777577,-1.0587991519447875,5.766940420590778,0.0
2015-08-23 00:00:00,2.2512939935487224,-0.9292269075867945,5.272489807431821,0.0
2015-08-30 00:00:00,2.07029518902105,-1.1971500389192435,5.15467224298086,0.0
2015-09-06 00:00:00,1.9093070809402952,-1.2918302659712704,5.1157468508698685,0.0
2015-09-13 00:00:00,1.9486093884348672,-1.2707282070440948,5.193001500572528,0.0
2015-09-20 00:00:00,2.2759384575881905,-0.807311329628281,5.450500931507618,0.0
2015-09-27 00:00:00,2.741068481109008,-0.7408493109195264,6.208331887946258,2.700071788367481
2015-10-04 00:00:00,3.0246521591407207,-0.13539274846214244,6.251256184190806,2.6469555767395714
2015-10-11 00:00:00,2.9033392730344594,-0.369374232448191,6.242137854823912,1.83041003644954
2015-10-18 00:00:00,2.46471929815814,-0.6440533204625107,5.652400807340237,0.4317545984434076
2015-10-25 00:00:00,2.045264112094274,-1.0671201667300712,5.171759482494873,0.0
2015-11-01 00:00:00,1.9386523936990008,-1.0221062434936532,5.053601500989251,0.0
2015-11-08 00:00:00,2.158327499795337,-1.0877152164785069,5.424417132449005,0.0
2015-11-15 00:00:00,2.473536793343223,-0.844961926479872,5.796880215891128,0.0
2015-11-22 00:00:00,2.647249251066961,-0.45227199830752784,5.846164328532071,2.5982310826663366
2015-11-29 00:00:00,2.615241132822496,-0.525229242715302,5.683566450501274,3.541348115634245
2015-12-06 00:00:00,2.4556852594206346,-0.714869101962238,5.760387978537961,4.280582856384779
2015-12-13 00:00:00,2.2519688526173436,-0.9435429098554513,5.34670553611585,4.79822194531464
2015-12-20 00:00:00,2.0416408400672257,-1.1349018946628653,4.941662784469254,6.562874497976707
2015-12-27 00:00:00,1.8867665887096627,-1.138100732171309,5.119029651754008,6.304959017053004
2016-01-03 00:00:00,1.9193757142092458,-1.1276147905650755,4.987040691077905,5.547740641047723
2016-01-10 00:00:00,2.2479458323331527,-1.007691975417338,5.5444538367362,4.412001843922569
2016-01-17 00:00:00,2.809959948618149,-0.40346085862933645,6.163319780588617,3.1757248953498087
2016-01-24 00:00:00,3.357699654544062,0.03477001450460637,6.550514621945918,3.193327932859403
2016-01-31 00:00:00,3.62875539118534,0.6115952941397504,6.7925571851494535,3.84718369924523
2016-02-07 00:00:00,3.54033283822963,0.5936389760477485,6.936430767101077,5.002147472545558
2016-02-14 00:00:00,3.2166104340919426,0.02217653251021634,6.47004331560504,6.728775964563712
2016-02-21 00:00:00,2.8448958078544457,-0.3913924117078862,6.204203548870602,6.650859483758834
2016-02-28 00:00:00,2.5311096532110198,-0.7534069606890563,5.680855731055891,5.630481401891076
2016-03-06 00:00:00,2.2876216362425406,-0.9175469857324434,5.637107512190202,3.8174591497863775
2016-03-13 00:00:00,2.1071406582332957,-1.1075285585570263,5.151091556991158,2.531812081454646
2016-03-20 00:00:00,1.9915626936632511,-1.0723311671141738,5.333114150823999,1.596605172142331
2016-03-27 00:00:00,1.9083973147422235,-1.4493086319813129,5.196207970809022,1.4613751255850316
2016-04-03 00:00:00,1.7789703900937537,-1.6629952448460736,4.865157693674584,2.0193996208179907
2016-04-10 00:00:00,1.569016514104676,-1.6569527840348335,4.848996116949725,2.1900835216618275
2016-04-17 00:00:00,1.3903402468732677,-1.8574405342107854,4.744948481716339,2.232423653416644
2016-04-24 00:00:00,1.4564423133192061,-1.57439622865838,4.6597535282604206,1.8988806045821944
2016-05-01 00:00:00,1.8819189752632002,-1.6327888518716405,4.8011640464771865,1.2878042203393356
2016-05-08 00:00:00,2.5160973647238625,-0.8012613821978647,5.766962274520942,0.7540640054946605
2016-05-15 00:00:00,3.00526783599949,-0.3908515244760329,6.082897450789766,1.1848354299455703
2016-05-22 00:00:00,3.0551168931988015,-0.14820297738342214,6.19203830748773,2.1458598255458403
2016-05-29 00:00:00,2.6559899220702157,-0.7255989250240251,5.759173510666479,3.5244327390139296
2016-06-05 00:00:00,2.069966904139274,-0.9081638822448657,5.583348704334192,6.894868078284071
2016-06-12 00:00:00,1.6146308805080043,-1.6494597641565951,4.685360884575202,6.969513827807178
2016-06-19 00:00:00,1.4541703544605264,-1.7572334465120854,4.649853010945866,5.689230032522076
2016-06-26 00:00:00,1.555947671123863,-1.5786400060207302,4.69615322758885,3.2739640613866734
2016-07-03 00:00:00,1.7866123958870288,-1.361845334137287,5.137573198619927,1.1360537047014163
2016-07-10 00:00:00,2.0200299833172157,-1.154742692598457,5.035688075931866,0.9171367016799667
2016-07-17 00:00:00,2.1828038432019183,-0.6960971925879971,5.3327007277146965,1.8354238932042768
2016-07-24 00:00:00,2.25607283355742,-1.1153831280185367,5.498205075405489,3.7205777004143408
2016-07-31 00:00:00,2.2654859104709395,-0.7597711610505895,5.398047415953576,6.619280824012176
2016-08-07 00:00:00,2.252160053020539,-0.8271473550662036,5.486550244418398,6.971774129321663
2016-08-14 00:00:00,2.2239080753718494,-0.8777383599245367,5.558789827263798,5.830257934170079
2016-08-21 00:00:00,2.1387413084274858,-1.0678065759978908,5.270133292536309,3.4062631124960854
2016-08-28 00:00:00,1.9685791006498508,-1.2189538552708261,5.210050996607258,1.2254228251690673
2016-09-04 00:00:00,1.7913605359049127,-1.5430133827284775,4.887695067469897,0.899447181755852
2016-09-11 00:00:00,1.7831073963579644,-1.2708831389308344,4.964889164130328,1.7653622665613955
2016-09-18 00:00:00,2.0625396651697603,-0.9779363448757095,5.148439338332562,3.664349726513685
2016-09-25 00:00:00,2.524440480626311,-0.5667657071312378,5.787828428896352,6.318092027959689
2016-10-02 00:00:00,2.8635278925726784,-0.369797305798945,5.817792548830976,6.78237671730646
2016-10-09 00:00:00,2.818110139301923,-0.5224537506132427,6.057754826842661,5.856458849918822
2016-10-16 00:00:00,2.4155189224406413,-0.9492248875992515,5.525735737983571,3.706818404815026
2016-10-23 00:00:00,1.9655712411358583,-1.342692475597083,5.113787756030348,1.7897179385451183
2016-10-30 00:00:00,1.7927427389955666,-1.5026380049626336,4.806347413383762,1.1394137100286432
2016-11-06 00:00:00,1.9666435044088408,-1.084895649050348,5.374181405204295,1.5962972210059505
2016-11-13 00:00:00,2.2853918082352656,-0.7716197845808468,5.3057914228248,3.029153130420287
2016-11-20 00:00:00,2.4948714795467914,-0.7061942505181613,5.734910100340173,4.543119012936752
2016-11-27 00:00:00,2.4962001031343917,-0.6647876263090051,5.472228543261956,4.7243410336503375
2016-12-04 00:00:00,2.351903541773468,-0.8422061307537354,5.569596568456335,3.8281872683184095
2016-12-11 00:00:00,2.1524862053033766,-0.8428753974653533,5.080390789263452,2.0135166850945
2016-12-18 00:00:00,1.940733723871115,-1.4977020055689354,5.023504416762654,0.5410502891411605
2016-12-25 00:00:00,1.7678930057792335,-1.4013924848653438,4.845376996840512,0.8005260106952656
2017-01-01 00:00:00,1.7562430626975767,-1.474088028142254,4.991718790754826,2.0521370513943182
2017-01-08 00:00:00,2.0302452161238405,-1.085813706432989,5.180652588236358,4.160868648769255
2017-01-15 00:00:00,2.5648091531575368,-0.5705616168336944,5.674679067608997,9.159992772491009
2017-01-22 00:00:00,3.1369717554733683,-0.04306423933384007,6.217404461909004,9.50847929551718
2017-01-29 00:00:00,3.4703098023578014,0.12069890265829208,6.6702378825983235,7.674833114506873
2017-02-05 00:00:00,3.441683551877773,0.17514410292216387,6.955539327262896,3.87502181748494
2017-02-12 00:00:00,3.145623410701209,0.0667655114708614,6.408420047923453,0.0
2017-02-19 00:00:00,2.77134589814511,-0.5207152941057784,6.198251205390316,0.0
2017-02-26 00:00:00,2.444461388751532,-0.7647281637634489,5.364508193359809,0.0
2017-03-05 00:00:00,2.189309860410359,-0.7602767341329835,5.447277491542721,0.0
2017-03-12 00:00:00,1.9973621664957542,-1.1017940575059209,5.11050640316809,1.920213050756271
2017-03-19 00:00:00,1.87089552286427,-1.2282335762426229,4.9530064774471025,2.514670917677288
2017-03-26 00:00:00,1.7870215544653905,-1.574076862829069,4.984071095758885,2.1646536823062257
2017-04-02 00:00:00,1.6714095794141597,-1.3954355541316783,4.849472677085978,0.9550443492602142
2017-04-09 00:00:00,1.4724314788235722,-1.6788138850940206,4.652160492932747,0.0
2017-04-16 00:00:00,1.273396268697235,-2.040480331780354,4.569174200068151,0.0
2017-04-23 00:00:00,1.2814888744062156,-2.0663182983791932,4.460546960412936,0.0
2017-04-30 00:00:00,1.6454540332184502,-1.4274883688443443,4.91027257254127,0.0
2017-05-07 00:00:00,2.265265500203937,-0.9919399976144834,5.615162544703006,2.09800390354582
2017-05-14 00:00:00,2.8075725224895467,-0.48371433228762095,6.006265035990632,2.4196141698505964
2017-05-21 00:00:00,2.9462320451978554,-0.3825509149494395,6.363609484669004,2.0350715677020927
2017-05-28 00:00:00,2.613759877505252,-0.7610076407301398,5.720054657505218,1.0018923589014908
2017-06-04 00:00:00,2.036030727718888,-1.1386027575482833,5.368602355707548,0.0
2017-06-11 00:00:00,1.5392410914509105,-1.5963789655425344,4.6596662433992755,0.0
2017-06-18 00:00:00,1.3236515357831597,-1.9985533851018173,4.454351688984105,0.0
2017-06-25 00:00:00,1.3871824974824654,-1.8208039203744866,4.600580215829177,0.0
2017-07-02 00:00:00,1.605297624566239,-1.5189197442372007,4.731837054255426,1.0168530310513837
2017-07-09 00:00:00,1.845291802486223,-1.1852224052742844,5.237085807646773,1.6347985906884843
2017-07-16 00:00:00,2.0235675941420674,-0.9465579618738884,5.041370633003224,2.1995804189020647
2017-07-23 00:00:00,2.1120262220308317,-1.0228882836879882,5.362172119764618,2.7033499593580674
2017-07-30 00:00:00,2.129688832636837,-1.1438845693908584,5.221910687962236,3.8266934146006086
2017-08-06 00:00:00,2.1183094467289347,-1.116990791169723,5.199296389543566,3.94586854042414
2017-08-13 00:00:00,2.094746522818837,-0.7681020405967951,5.302718615085097,3.75788547715275
2017-08-20 00:00:00,2.023592646165652,-1.4036838947879176,4.9584907022719324,3.2712105678225005
2017-08-27 00:00:00,1.866769117885816,-1.419648758045311,5.1202231412769965,3.487025599545843
2017-09-03 00:00:00,1.679406991385138,-1.594621755894432,4.5387383571135285,2.470380478279031
2017-09-10 00:00:00,1.627918283478544,-1.8934271550592836,4.433724129602496,1.3324347737812454
2017-09-17 00:00:00,1.8560731841023979,-1.2039838933420146,5.0316940767445,0.1109881483938803
2017-09-24 00:00:00,2.3043151354707168,-0.7976684021986702,5.560923619604317,0.0
2017-10-01 00:00:00,2.6898447206365326,-0.4982397970447012,5.943337120627209,0.0
2017-10-08 00:00:00,2.7212256656156866,-0.3025148212399422,6.058129514560591,0.0
2017-10-15 00:00:00,2.365358930849228,-0.7359827726767629,5.673437363842503,0.0
2017-10-22 00:00:00,1.8960841366149235,-1.0231033808967362,5.332824092277528,2.8759728179919164
2017-10-29 00:00:00,1.659312839682945,-1.8065796590533112,4.959662516043652,3.716018378035713
2017-11-05 00:00:00,1.7803535994238613,-1.476243312454625,4.94184790872735,4.117706182973651
2017-11-12 00:00:00,2.0939466258939876,-0.9577769348839436,5.464170707473194,4.091960620998719
2017-11-19 00:00:00,2.3360741975137707,-0.8977567961633164,5.45217179347288,4.53512795644951
2017-11-26 00:00:00,2.373182307948075,-0.6257020597345502,5.542134633509422,4.064845430423576
2017-12-03 00:00:00,2.2472764619491734,-0.8789299190039777,5.352925380541484,3.4618324112760326
2017-12-10 00:00:00,2.0533421453052494,-1.1637361259198418,5.136677356184007,2.7398522018508817
2017-12-17 00:00:00,1.841723597012128,-1.391611574310522,4.952215368175194,2.019219573463112
2017-12-24 00:00:00,1.6551589348103244,-1.3958274466811482,4.852538490589654,1.7184595382802492
2017-12-31 00:00:00,1.6038352938756995,-1.5858294268526563,4.983959721596887,1.704280475398117
2018-01-07 00:00:00,1.8227790189215152,-1.3072233706558478,4.874315951391589,1.958869412858523
2018-01-14 00:00:00,2.3225031030104235,-0.5596061097773748,5.351849994333252,2.3064810105265203
2018-01-21 00:00:00,2.9098024307986337,-0.38788698366669605,6.188620451834343,2.2172044357118263
2018-01-28 00:00:00,3.301458976640924,0.053861147766364414,6.701377592772142,1.801515771433912
2018-02-04 00:00:00,3.336171492765864,-0.036520803486737474,6.570854225808734,1.075627782327742
2018-02-11 00:00:00,3.074425990039311,-0.20362212889301246,6.273959971630656,0.0
2018-02-18 00:00:00,2.7018250392185252,-0.8738579957286374,5.835798694714821,0.0
2018-02-25 00:00:00,2.3625302384189037,-0.938507527433929,5.335722490713491,0.0
2018-03-04 00:00:00,2.09545356675363,-0.960253635665798,5.262397300980283,0.0
2018-03-11 00:00:00,1.8923912963361063,-1.222662268027824,5.070992311674961,0.0
2018-03-18 00:00:00,1.7545622244375265,-1.283442820826226,4.711160542445301,0.0
2018-03-25 00:00:00,1.6675392139359888,-1.667248406106538,4.686453841817542,0.0
2018-04-01 00:00:00,1.563843767419098,-1.6335323973557205,4.711580143223726,0.0
2018-04-08 00:00:00,1.3786084494656614,-1.967807061811098,4.490823772571228,1.0007316353594755
2018-04-15 00:00:00,1.166462139942821,-2.017958132216636,4.362427637041996,1.512118324412536
2018-04-22 00:00:00,1.121973481854755,-2.399596477907701,4.306763882204473,2.108893933951064
2018-04-29 00:00:00,1.421312804196197,-1.9597299279856388,4.440459611010157,2.7790851062769253
2018-05-06 00:00:00,2.0155264137514273,-1.1412103287587683,5.152047648866823,4.050401546020547
2018-05-13 00:00:00,2.599935651346517,-0.4220602973960115,5.632670005758831,4.157704686598723
2018-05-20 00:00:00,2.8252674958835677,-0.21855534059578385,6.101261096293376,3.748200722093976
2018-05-27 00:00:00,2.567336307065101,-0.4318763321448267,5.781002138559035,2.8453510452867534
2018-06-03 00:00:00,2.009063680878371,-1.1060241044495736,5.375044891208524,1.8854087067544407
2018-06-10 00:00:00,1.4775066381714579,-1.9668936071501717,4.460380533391843,1.523800356984508
2018-06-17 00:00:00,1.2065691733270327,-1.8484459709278154,4.51504587036111,1.6730321047047814
2018-06-24 00:00:00,1.2276590330970907,-1.6713509626258025,4.466203570772296,2.3185878315562696
2018-07-01 00:00:00,1.428958820709068,-1.9488457756464719,4.50571956295571,2.934295803339895
2018-07-08 00:00:00,1.6729703196305967,-1.465507311080625,4.5955732819702,3.5402621771930853
2018-07-15 00:00:00,1.8659760822908202,-1.2465142431751262,4.982584956139768,3.97866435269872
2018-07-22 00:00:00,1.9703920653650548,-1.1524906092822893,5.0245811457255005,4.244014666768298
2018-07-29 00:00:00,1.9978810350122431,-1.297464137729055,4.97838716996497,5.070227084947259
2018-08-05 00:00:00,1.9891886480611247,-1.2838536814675656,4.986717501353537,4.493390966883485
2018-08-12 00:00:00,1.969154513418131,-1.1842913324914512,5.129664871161454,3.379682033659316
2018-08-19 00:00:00,1.9106062114753923,-1.386693664324942,5.405852347111975,1.753936914509938
2018-08-26 00:00:00,1.768903694360294,-1.518298355566321,4.975615583227153,0.0
2018-09-02 00:00:00,1.5775177808226317,-1.6325191765722273,4.948082661142378,0.0
2018-09-09 00:00:00,1.4883579978443406,-1.8432884144384563,4.523262749744461,0.0
2018-09-16 00:00:00,1.6638499495095223,-1.676364537243118,4.913990736118759,0.0
2018-09-23 00:00:00,2.0892183140874057,-0.9511865251102516,5.353665081758745,1.2054502393038335
2018-09-30 00:00:00,2.5115259014007516,-0.912543681536508,5.8398383705525205,1.81681279911383
2018-10-07 00:00:00,2.6189250793411163,-0.6058794405553494,5.686115169835656,2.142137138611929
2018-10-14 00:00:00,2.319640304006212,-0.7480454113356445,5.570704504156339,2.184217822970407
2018-10-21 00:00:00,1.8433657195481636,-1.3402673183376672,5.114634351744382,2.497748589447684
2018-10-28 00:00:00,1.5472703438902342,-1.3265736196574345,5.082250246948637,2.150277908784865
2018-11-04 00:00:00,1.6100212680771584,-1.5342807323843948,5.008702901868372,1.6623072700547057
2018-11-11 00:00:00,1.909787126380741,-1.3582522438161102,5.22149535427387,1.038284231712746
2018-11-18 00:00:00,2.180626397317085,-1.0069616476685743,5.42167041020619,0.0
2018-11-25 00:00:00,2.2556808142159275,-0.9090899566047534,5.315609862143656,0.0
2018-12-02 00:00:00,2.151920507222679,-1.070689251100445,5.520366916215854,0.0
2018-12-09 00:00:00,1.9653583082826136,-1.1433690652890296,5.363256566558402,0.0
2018-12-16 00:00:00,1.7551564970258537,-1.50524353778754,5.044817250547194,0.0
2018-12-23 00:00:00,1.5586705336453093,-1.5060429646422064,4.834164441335062,0.0
2018-12-30 00:00:00,1.472615338297521,-1.7065121141684338,4.972220190929329,0.0
2019-01-06 00:00:00,1.6372692984796517,-1.522337672422673,4.801762257753097,0.0
2019-01-13 00:00:00,2.095837117853425,-1.3263959374290524,5.230167214833017,1.944140390018915
2019-01-20 00:00:00,2.688784668354618,-0.7729417022959626,5.582265594290086,2.208918947758943
2019-01-27 00:00:00,3.1335010473398914,-0.4056427136749674,6.3286542772791,1.9669355596429583
2019-02-03 00:00:00,3.233961037536882,0.08509661363131471,6.431121487431016,1.2286231025791836
2019-02-10 00:00:00,3.0131261973591648,-0.3933613157260467,6.018578037355085,0.0
2019-02-17 00:00:00,2.6471447832658197,-0.5881359217782798,5.729851231002094,0.0
2019-02-24 00:00:00,2.296651819291036,-0.7890695882682071,5.390564610780016,0.0
2019-03-03 00:00:00,2.0173845557226855,-0.8646405250800018,5.236779443876272,0.0
2019-03-10 00:00:00,1.8035192211654087,-1.1963023720428931,5.001155927829698,0.0
2019-03-17 00:00:00,1.6541887565554598,-1.4796951816907895,4.774824917143712,0.0
2019-03-24 00:00:00,1.5618867727910117,-1.8532702385493929,4.791595391273315,0.0
2019-03-31 00:00:00,1.4678674945917913,-1.7886055607187346,4.596277360305887,0.0
2019-04-07 00:00:00,1.2982230298507504,-1.9738995717419385,4.402575535249991,0.0
2019-04-14 00:00:00,1.0798263153682655,-2.315983268855116,4.193139066557553,0.0
2019-04-21 00:00:00,0.9891964833999698,-2.2120329311989257,4.130118888815139,0.0
2019-04-28 00:00:00,1.2226529654774598,-1.9541878514013789,4.323563179456787,0.0
2019-05-05 00:00:00,1.781131609217669,-1.6047183238440268,4.973131979744026,2.1878308315952184
2019-05-12 00:00:00,2.395907417068307,-0.6843037651164088,5.818988920285606,2.4330012466973705
2019-05-19 00:00:00,2.703915376921489,-0.35702776033961525,6.046428988131763,1.9558827415716595
2019-05-26 00:00:00,2.5270458655652415,-0.7379588914306949,5.883286852479285,0.7719031801357514
2019-06-02 00:00:00,1.9995477956311858,-1.4230538540278412,5.136845966547876,0.0
2019-06-09 00:00:00,1.441172360567884,-1.8790032713559839,4.57327402204268,0.0
2019-06-16 00:00:00,1.115884030760894,-2.066476377355185,4.226587148662472,0.0
2019-06-23 00:00:00,1.0908192110616066,-2.2060311808856294,4.4679680609802634,0.0
2019-06-30 00:00:00,1.2709383972481647,-1.9649519340892994,4.528982827039652,3.5382690372252843
2019-07-07 00:00:00,1.5161624460442074,-1.5062894403997729,4.659930437387693,4.335937562522893
2019-07-14 00:00:00,1.7229146746842952,-1.4553145208674505,4.8086211973019655,4.044675193449619
2019-07-21 00:00:00,1.8438993123302483,-1.2821287028974546,4.657371912958186,2.677527206802204
2019-07-28 00:00:00,1.882838626866854,-1.3087379985066918,5.15737054281937,0.0
2019-08-04 00:00:00,1.8779432900061637,-1.1680090063197963,5.1055120541675585,0.0
2019-08-11 00:00:00,1.8606789657225689,-1.354921485463675,4.981759372443807,0.0
2019-08-18 00:00:00,1.8132170565471766,-1.325501022428658,4.752329152296748,0.0
2019-08-25 00:00:00,1.6877393610568872,-1.5599626473495198,4.912146036681335,0.0
2019-09-01 00:00:00,1.4970416541906553,-1.761050995252817,4.649682585822649,0.0
2019-09-08 00:00:00,1.3755088045586024,-1.6210294345618208,4.404559365123594,0.0
2019-09-15 00:00:00,1.4976253718116452,-1.9117718768626784,4.730954877189333,0.0
2019-09-22 00:00:00,1.891089483378484,-1.4687574007720716,4.967089817761668,0.0
2019-09-29 00:00:00,2.3389500220053607,-1.0072768341760505,5.7575812167293225,0.0
2019-10-06 00:00:00,2.518681457345409,-0.5369875283442553,5.8766448209787,0.0
2019-10-13 00:00:00,2.2834288102270226,-1.0089881391937459,5.457673142505154,0.0
2019-10-20 00:00:00,1.812004622691292,-1.5864492914860007,4.824248184371136,0.0
2019-10-27 00:00:00,1.462185566903241,-1.591056688180989,4.760095876250599,0.0
2019-11-03 00:00:00,1.4618294622924757,-1.6926270447545813,4.6790181445708825,0.0
2019-11-10 00:00:00,1.7381117780403794,-1.4074178678695382,4.8636474114329635,0.0
2019-11-17 00:00:00,2.0316655662924044,-1.1340220212673686,5.262747471670795,1.4340345518762516
2019-11-24 00:00:00,2.145106593128219,-1.152911280589393,5.142540025631209,1.8635495451786976
2019-12-01 00:00:00,2.0664632393892637,-1.1260836290853327,5.233211259944764,2.0388641690569624
2019-12-08 00:00:00,1.8886424885517428,-1.4865079368100673,5.17917383006518,1.9617567338880888
2019-12-15 00:00:00,1.6804450626563683,-1.4580096602501693,4.947080777609198,1.8284443287445584
2019-12-22 00:00:00,1.476826647464359,-1.7992357763074853,4.500619904084066,1.7372178899546995
2019-12-29 00:00:00,1.3606205918805436,-1.892121128936692,4.420803576815505,1.779359776987352
2020-01-05 00:00:00,1.4723767437563962,-1.9393306651462279,4.505519489547099,1.9531830043133904
2020-01-12 00:00:00,1.8841509673364347,-1.2794876078435808,4.836950495146388,2.2349036777336093
2020-01-19 00:00:00,2.472785691148293,-0.7097610061479593,5.846616109405119,2.1509684761580505
2020-01-26 00:00:00,2.9635977519924146,-0.365433068170129,6.369079883054311,1.7820505957047152
2020-02-02 00:00:00,3.130425795144146,0.18537511729432432,6.363720607324539,1.130282250403626
2020-02-09 00:00:00,2.9563071630487054,-0.062454225579692046,6.179231193990332,0.0
2020-02-16 00:00:00,2.601995222816413,-0.6515729058200481,5.772059857606197,0.0
2020-02-23 00:00:00,2.241597649510333,-1.0528059183718677,5.47784724960418,0.0
2020-03-01 00:00:00,1.9494160101139277,-1.0263564999644554,5.248796571389676,0.0
2020-03-08 00:00:00,1.7244482193062363,-1.528091768731492,4.850434691928939,0.0
2020-03-15 00:00:00,1.5632211154263633,-1.8877395984547194,4.5366394012208495,0.0
2020-03-22 00:00:00,1.4633537449313212,-1.7064097014987936,4.449280833811685,0.0
2020-03-29 00:00:00,1.3759702528809619,-1.8325525440836574,4.281146794739195,0.0
2020-04-05 00:00:00,1.2222750546274193,-1.9449709681989766,4.610442542316613,0.0
2020-04-12 00:00:00,1.0033046444812148,-2.034856091500151,4.086839956783873,0.0
2020-04-19 00:00:00,0.8731191131771392,-2.1931047435202125,3.9723363775880935,0.0
2020-04-26 00:00:00,1.0406376248558522,-2.2411770258928287,4.4853527736794305,0.0
2020-05-03 00:00:00,1.5539791981263815,-1.7277454268218393,4.942412167335721,1.2606486929021727
2020-05-10 00:00:00,2.1863980081814764,-0.8750413156122412,5.3256323865798,1.7469228837060808
2020-05-17 00:00:00,2.5707115873372013,-0.8374746521609464,5.836008137379492,2.055515835544253
2020-05-24 00:00:00,2.479247778818949,-0.8492532464034914,5.873039944289495,2.186441587847493
2020-05-31 00:00:00,1.9931061366814495,-1.1353353007260343,5.28749168583891,2.3598360973203127
2020-06-07 00:00:00,1.416396792053705,-1.7267222669299955,4.507493036589738,2.120795300742519
2020-06-14 00:00:00,1.0384445175841444,-2.2763635122365935,3.964445098370337,1.6926439834289533
2020-06-21 00:00:00,0.9635224877031476,-2.0746373640222515,4.316240814589582,1.076253618508215
2020-06-28 00:00:00,1.1174558362155234,-2.07494794223064,4.484110380627536,0.0
2020-07-05 00:00:00,1.3602351417183107,-2.0545977262778807,4.541130802711082,0.0
2020-07-12 00:00:00,1.5789213105876785,-1.5332839312569075,4.7748797266200365,0.0
2020-07-19 00:00:00,1.7163033647056083,-1.7868624127433517,4.996283263898291,0.0
2020-07-26 00:00:00,1.7677022047915938,-1.341951027867601,4.753255450563499,0.0
2020-08-02 00:00:00,1.7674224842928186,-1.4391642669851783,5.166249252900937,0.0
2020-08-09 00:00:00,1.7519951387163644,-1.5423506736916748,4.884067739227721,0.0
2020-08-16 00:00:00,1.7134983361937435,-1.415713864976357,4.795192337836445,0.0
2020-08-23 00:00:00,1.6041239979556607,-1.4363337144342445,4.775193319663084,0.0
2020-08-30 00:00:00,1.4186207177672838,-1.8805804489260254,4.481514577745246,0.0
2020-09-06 00:00:00,1.2708394589761849,-1.993560350290407,4.271728929277738,0.0
2020-09-13 00:00:00,1.3407798922821739,-1.6332357418935,4.585629293539705,0.0
2020-09-20 00:00:00,1.6950277805465663,-1.816557555438214,4.692653486454091,0.0
2020-09-27 00:00:00,2.157320531604002,-0.9259021741831917,5.226371687015956,0.0
2020-10-04 00:00:00,2.4042457656265896,-0.6529627866500083,5.69643335929266,0.0
2020-10-11 00:00:00,2.239159394509809,-1.2745378782955301,5.3891827994819534,0.0
2020-10-18 00:00:00,1.784913015882231,-1.605511963880581,5.123950489575634,0.0
2020-10-25 00:00:00,1.3891351988113492,-1.752871095465295,4.7746071075051395,0.0
2020-11-01 00:00:00,1.3229918269127747,-1.8281657082238203,4.466805898427275,0.0
2020-11-08 00:00:00,1.5667723118304495,-1.7231836239433727,4.872587273975218,0.0
2020-11-15 00:00:00,1.8763987115875125,-1.2822636580640432,5.154616204283018,0.0
2020-11-22 00:00:00,2.0281205125297803,-1.271702628684701,5.242411418486066,0.0
2020-11-29 00:00:00,1.977960104352268,-1.0894899232861341,5.069337553603166,0.0
2020-12-06 00:00:00,1.8110858171829844,-1.4533497246172562,5.110352121130858,0.0
2020-12-13 00:00:00,1.6057248698205142,-1.4006576553276884,4.846519580965468,1.786721001047629
2020-12-20 00:00:00,1.3975610967637895,-1.6945560445637349,4.465388245616367,2.1832821125938566
2020-12-27 00:00:00,1.2560684426458413,-1.9149630361166796,4.364733914972317,2.0104787982651664
2021-01-03 00:00:00,1.3176242125323994,-1.815288140223374,4.424254404354182,1.269047088093347
2021-01-10 00:00:00,1.6785602276191807,-1.627013792348559,4.781333840326424,0.0
2021-01-17 00:00:00,2.2535260782923623,-0.9697775930753711,5.282301135034743,0.0
2021-01-24 00:00:00,2.7827449409423792,-0.4069172941235233,6.078710670932172,0.0
2021-01-31 00:00:00,3.0155076351718666,-0.3007065621895637,6.468627336922179,0.0
2021-02-07 00:00:00,2.89373244254105,-0.5314656414738668,6.112385105023432,1.206605824691247
2021-02-14 00:00:00,2.556967684311475,-0.5416649812903094,5.831669932781405,1.848480136072641
2021-02-21 00:00:00,2.188930621826746,-1.0253199959620845,5.3617124318708385,2.1332598274044066
2021-02-28 00:00:00,1.8835635107998425,-1.5160829049943034,5.152654362553841,2.061183211831705
2021-03-07 00:00:00,1.6473823603859696,-1.371298992095975,4.864626260132219,1.808452484802848
2021-03-14 00:00:00,1.4743576648503895,-1.7590279859141873,4.638290366042197,1.6662346647390265
2021-03-21 00:00:00,1.3653390563986436,-1.9268896079497226,4.692307681952803,1.741321842959063
2021-03-28 00:00:00,1.2817415074448457,-1.8973448029369342,4.410111122859284,2.0335200074990625
2021-04-04 00:00:00,1.1437806132889041,-2.0676030569921675,4.273973600389532,2.450618872762228
2021-04-11 00:00:00,0.9294212809222364,-2.195825661474853,4.081370864750072,2.5150586629361174
2021-04-18 00:00:00,0.7669877508369265,-2.404565068224822,3.8845883292131007,2.19967892576794
2021-04-25 00:00:00,0.8704585167976806,-2.132165614053161,4.082429329468935,1.5046625385337142
2021-05-02 00:00:00,1.3310451320020706,-1.6898862853529653,4.5101060672845215,0.0
2021-05-09 00:00:00,1.9685727676487266,-1.2795071803505556,5.244782915598487,0.0
2021-05-16 00:00:00,2.421438416310955,-0.6188219208223749,5.679250358596599,0.0
2021-05-23 00:00:00,2.418231391268456,-0.8377945686165549,5.410131173193879,0.0
2021-05-30 00:00:00,1.9838455505530939,-1.2137244418661237,5.46746699409027,0.0
2021-06-06 00:00:00,1.3985076290273464,-1.7265243155425143,4.387695210820198,0.0
2021-06-13 00:00:00,0.9711660890994898,-2.2615508747871367,3.9424800223875125,0.0
2021-06-20 00:00:00,0.8436798011954458,-2.3751959275043015,4.04187578281921,0.0
2021-06-27 00:00:00,0.9667096546990843,-2.109621846968298,4.0573615061254635,0.0
2021-07-04 00:00:00,1.203386913116908,-2.0595677062039686,4.393541752685383,0.0
2021-07-11 00:00:00,1.432199729220293,-1.6659837992976385,4.475916754714935,0.0
2021-07-18 00:00:00,1.5858554740755721,-1.6133336648975662,4.999492213501362,0.0
2021-07-25 00:00:00,1.6509046929981777,-1.3152784506904185,4.8285247782787115,1.5454073579166607
2021-08-01 00:00:00,1.6565523025571618,-1.3069185033302464,5.056095885112125,2.163977036030754
2021-08-08 00:00:00,1.6427126903274207,-1.509837993250919,4.876008104074955,2.476782840411671
2021-08-15 00:00:00,1.611411525615082,-1.1732349305251515,5.013084352726062,2.4838517656409143
2021-08-22 00:00:00,1.5177222963080925,-1.8699773985708612,4.554241334212044,2.3029369440052263
2021-08-29 00:00:00,1.3411770768058608,-1.6507684284336728,4.532999050907512,2.139830516116842
2021-09-05 00:00:00,1.1734209995028833,-2.233538832782007,4.72010936267934,2.085953961770288
2021-09-12 00:00:00,1.1937165897676394,-1.9265901184015393,4.138298240481504,2.1412975781076447
2021-09-19 00:00:00,1.502865407426532,-1.5470593059754352,4.725096759284357,2.259750961710659
2021-09-26 00:00:00,1.9684664939347178,-1.0871635091167637,5.046391549793871,2.2827923833633736
2021-10-03 00:00:00,2.2757327411339814,-1.0022510511503238,5.2765245071661955,2.1790223391259054
2021-10-10 00:00:00,2.185006242696116,-0.8705436739038066,5.300691163339858,1.948453315800062
2021-10-17 00:00:00,1.759918914943758,-1.500900520137599,4.993569166097329,1.6733342721358369
2021-10-24 00:00:00,1.327460368307746,-1.7868998952789226,4.448616874407479,1.7405460698219812
2021-10-31 00:00:00,1.1946855711777875,-1.9072914487901889,4.199565408637296,2.201113817162625
2021-11-07 00:00:00,1.397441258346503,-1.8887551390104633,4.591953180331297,3.055024840879557
2021-11-14 00:00:00,1.715545313206742,-1.5720409753454336,4.844038520401263,4.144824385436987
2021-11-21 00:00:00,1.9043316494416878,-1.2837356236478121,5.1370021481568635,4.7069309702037865
2021-11-28 00:00:00,1.8857999193873005,-1.193579655151237,5.027384854575696,4.616061185685901
2021-12-05 00:00:00,1.732461264376512,-1.3441081054900446,4.813080705213154,3.872221458673327
2021-12-12 00:00:00,1.5308094283852216,-1.6635627329023026,4.811671183767265,2.711822663654824
2021-12-19 00:00:00,1.3201873113468978,-2.182163584914349,4.335009525606081,1.9494846925281653
2021-12-26 00:00:00,1.1580765996355915,-1.7953017466005887,4.328156227259072,1.7863360381779902
2022-01-02 00:00:00,1.1729472060911414,-2.216144152127079,4.233123793061617,2.22237560563902
2022-01-09 00:00:00,1.480317361044007,-1.7626356858736014,4.830701251605081,3.1115851394759844
2022-01-16 00:00:00,2.0327845061277743,-0.8564128702448999,5.185283723289723,4.006620828419392
2022-01-23 00:00:00,2.5918685806738617,-0.5042314506738355,5.792014774977302,4.7825273444731815
2022-01-30 00:00:00,2.888710869800091,-0.1454039793936781,6.115014440322515,5.439304687631442
2022-02-06 00:00:00,2.8241998560150634,-0.12057336428773979,5.984139054080076,5.992538556175295
2022-02-13 00:00:00,2.511233142172152,-0.5650492320417566,5.751136031242768,6.41214889741327
2022-02-20 00:00:00,2.1385159041992674,-0.916197013384251,5.1755384770167945,6.712319420616937
2022-02-27 00:00:00,1.8199218442010507,-1.545654227517141,4.930504361533532,6.893050125794499
2022-03-06 00:00:00,1.5722814677375203,-1.719635424741138,4.894521205726709,14.70422356247632
2022-03-13 00:00:00,1.3876556122492296,-1.7358444503066832,4.39983971655151,0.0
2022-03-20 00:00:00,1.268287093441049,-1.899719875374971,4.277442555028453,1.347039155000547
2022-03-27 00:00:00,1.185632103654301,-2.2310192526957024,4.158656853840953,2.805988282523133
2022-04-03 00:00:00,1.0623983938819317,-2.266125817473047,4.454935711148126,2.2410340696956137
2022-04-10 00:00:00,0.8569110561512385,-2.0229389352267546,3.932186071986206,2.516103422823811
2022-04-17 00:00:00,0.6696730163941889,-2.542054964561614,3.7699950235421706,2.4946909265640995
2022-04-24 00:00:00,0.7124624217547608,-2.4268001097744474,3.834750972239722,2.176796580916476
2022-05-01 00:00:00,1.1142948566797848,-2.0919306590565334,4.384556900950316,12.382540157159132
2022-05-08 00:00:00,1.7446001660242567,-1.5695327981613194,4.997115679647152,5.855827724467564
2022-05-15 00:00:00,2.2567592084439347,-0.8993546990612473,5.348473064175453,0.6188831183733059
2022-05-22 00:00:00,2.342735496803239,-0.8480465199588583,5.6577122227500265,0.0
2022-05-29 00:00:00,1.9697137644909923,-1.291434462685765,5.2418194571579875,0.0
2022-06-05 00:00:00,1.3861575918481503,-1.8742060648077157,4.7514769941847605,0.0
2022-06-12 00:00:00,0.9139898347300099,-2.3864405661424932,3.9895302526882555,0.0
2022-06-19 00:00:00,0.7320451307789111,-2.468699136353039,3.9863232354369567,0.0
2022-06-26 00:00:00,0.8195199946038612,-2.182092681843325,3.867646589484057,0.0
2022-07-03 00:00:00,1.046135544168868,-2.1126471095768657,4.043100783455563,0.0
2022-07-10 00:00:00,1.2829427834689542,-1.6941960518566797,4.352407497409125,0.0
2022-07-17 00:00:00,1.452464377804827,-1.809201306105301,4.663211025218364,0.0
2022-07-24 00:00:00,1.5321754733453918,-1.7640643562901226,4.61983447041888,2.5446513364139096
2022-07-31 00:00:00,1.545172056190594,-1.7101501416790907,4.823973623433465,2.4824785704147527
2022-08-07 00:00:00,1.5330289961974868,-1.5144681922941277,4.597388526618372,2.319313330530046
2022-08-14 00:00:00,1.5072830774271733,-1.9140322993661458,4.706586201309882,2.082181762641292
2022-08-21 00:00:00,1.4283456428857924,-1.7698205233076747,4.6314642802170845,2.405970548815369
2022-08-28 00:00:00,1.2637273441840309,-1.8511936368838153,4.779244045615133,1.991572197649268
2022-09-04 00:00:00,1.0822012446366434,-2.122314745677465,4.2536638926788175,2.110382164162386
2022-09-11 00:00:00,1.0565468614449296,-1.933463300337313,4.288015965035205,2.9207000893729766
2022-09-18 00:00:00,1.3162479160954903,-1.9980201925565169,4.24270583919158,1.4532771339968644
2022-09-25 00:00:00,1.7743608710472376,-1.3593280732593787,5.0512896057290995,2.1226599498267755
2022-10-02 00:00:00,2.1336393646458105,-1.0445275125385525,5.352465222760191,2.7117631922917846
2022-10-09 00:00:00,2.119413613882611,-1.0437764053679226,5.335981463622316,3.1409247238845754
2022-10-16 00:00:00,1.7347547602563624,-1.6077779478581848,4.977644623709994,7.383997563050497
2022-10-23 00:00:00,1.2761496690424954,-2.036485874115649,4.392595193629159,7.5806861226261555
2022-10-30 00:00:00,1.0778248812918918,-2.3312929755946605,3.947437876961849,7.186245619201507
2022-11-06 00:00:00,1.2318310419287615,-1.9827209475602645,4.505945260746502,6.134946695121837
2022-11-13 00:00:00,1.5500512288534312,-1.723290114606478,4.843977375611958,17.800523765601998
2022-11-20 00:00:00,1.7734964580498107,-1.4085209845600972,4.946183515868354,8.940669020820042
2022-11-27 00:00:00,1.789341308412017,-1.3608045519167562,4.932212418993645,1.5446832135779598
2022-12-04 00:00:00,1.6524739566037254,-1.6170780866225862,4.846181332612426,0.0
2022-12-11 00:00:00,1.4555559272338958,-1.6347418662953008,4.519203323758903,0.0
2022-12-18 00:00:00,1.2441173262448144,-1.9170930064715064,4.505108158311898,0.0
2022-12-25 00:00:00,1.0657307244256553,-2.049159703045892,4.403837550526827,0.0
2023-01-01 00:00:00,1.038066331259343,-2.0381368978180694,4.3729465416061375,0.0
2023-01-08 00:00:00,1.2904610711658482,-1.982592240145487,4.378192318203493,0.0
2023-01-15 00:00:00,1.812348801839701,-1.453342916306887,5.131687164822937,0.0
2023-01-22 00:00:00,2.392127112778046,-0.7297298447232854,5.646214033738376,0.0
2023-01-29 00:00:00,2.7497724586854777,-0.38448939015917105,6.180809620298111,0.0
2023-02-05 00:00:00,2.7465464811046085,-0.7172098321321343,5.855383747387855,
2023-02-12 00:00:00,2.463842160204939,-0.781418160879721,5.700009017938153,
2023-02-19 00:00:00,2.090115604962367,-1.1878085261894693,5.148990409379538,
2023-02-26 00:00:00,1.7585867478556794,-1.4894073563974697,4.945163301494523,
2023-03-05 00:00:00,1.4991278204970842,-1.7770894804715378,4.7307817892115605,
2023-03-12 00:00:00,1.303122772870764,-1.8502586508054035,4.556267876594045,
2023-03-19 00:00:00,1.1725775959470481,-2.0806908677166636,4.322525267747458,
2023-03-26 00:00:00,1.0881507529990742,-2.3395080583842445,4.178542451927462,
2023-04-02 00:00:00,0.977971693289301,-2.549322115549794,4.0347883049010385,
2023-04-09 00:00:00,0.7846265173957478,-2.561697800551447,4.008069445357365,
2023-04-16 00:00:00,0.5799101785859297,-2.5960451589067883,3.8670335242282663,
2023-04-23 00:00:00,0.5666726067934189,-2.8520235730358037,3.5864629842559896,
2023-04-30 00:00:00,0.9054727193994487,-2.0958445229272904,4.274757016380457,
2023-05-07 00:00:00,1.5167535410198754,-1.7496023576869937,4.809512360261792,
2023-05-14 00:00:00,2.07768782503355,-1.031849767841321,5.178208695783937,
2023-05-21 00:00:00,2.251794292117229,-0.8884275439360989,5.630216071601837,
2023-05-28 00:00:00,1.9486796380511573,-1.3342544911036773,5.011654547099612,
2023-06-04 00:00:00,1.3777946647518196,-1.8070072349619113,4.777438325727534,
2023-06-11 00:00:00,0.8666387969122953,-2.33986719486536,4.297493448656522,
2023-06-18 00:00:00,0.6292863758920859,-2.4746075986163687,4.023954997777694,
2023-06-25 00:00:00,0.6767363448889456,-2.2472108729252387,3.5814084410451157,
2023-07-02 00:00:00,0.8890601233547932,-2.218602507245717,4.205711242104599,
2023-07-09 00:00:00,1.1313980370323324,-2.2530731180567143,4.376728891739652,
2023-07-16 00:00:00,1.3160860880154288,-1.8844953668927804,4.298673933804774,
2023-07-23 00:00:00,1.4112598256281432,-1.6557537023928783,4.259688665206855,
2023-07-30 00:00:00,1.4330758404476813,-1.788649667726752,4.581970798740311,
2023-08-06 00:00:00,1.423076603700966,-1.9030397038269937,4.792537284990713,
2023-08-13 00:00:00,1.4014589184438249,-2.1861817689872165,4.487453058529883,
2023-08-20 00:00:00,1.335941107515534,-2.0021146406176307,4.549162071813196,
2023-08-27 00:00:00,1.1854071643424244,-1.865132563698638,4.228103904334504,
2023-09-03 00:00:00,0.9960482475285188,-2.187109048325304,4.179848583405759,
2023-09-10 00:00:00,0.9291045372051991,-2.1452020276867314,4.065350191194473,
2023-09-17 00:00:00,1.1365928643559047,-1.969469461575474,4.447445772505242,
2023-09-24 00:00:00,1.5770574987985189,-1.5061636193437784,4.799214932253962,
2023-10-01 00:00:00,1.9788243272041122,-1.2629401220708396,5.301265782801879,
2023-10-08 00:00:00,2.0411424787085615,-1.2651713952748715,5.225506841828853,
2023-10-15 00:00:00,1.7071259895304771,-1.60685483512604,4.897271378823845,
2023-10-22 00:00:00,1.2338619649031364,-1.9561281839708657,4.516739421586269,
2023-10-29 00:00:00,0.9730207792328165,-2.0197554862554883,4.160596736930209,
2023-11-05 00:00:00,1.0716392933740917,-2.4501977597251257,3.9626478793107482,
2023-11-12 00:00:00,1.3810751102657375,-1.8886710138253138,4.641427517188642,
2023-11-19 00:00:00,1.6355479902198637,-1.656054025163252,4.590189032306263,
2023-11-26 00:00:00,1.6879391778209354,-1.2638012652784032,4.905283863147255,
2023-12-03 00:00:00,1.5707532262524126,-1.5663719260961786,4.987032279429432,
2023-12-10 00:00:00,1.3798426314756949,-2.016500922478669,4.666073902382117,
2023-12-17 00:00:00,1.1688651344150611,-1.8053153373832327,4.1718777098198405,
2023-12-24 00:00:00,0.9781185685138123,-2.19995550514658,4.20917881396237,
2023-12-31 00:00:00,0.9125121355844694,-2.2697505522161414,4.412181745514355,
2024-01-07 00:00:00,1.1097968221653596,-2.0721678799389736,4.351449845954527,
2024-01-14 00:00:00,1.5939677015057045,-1.4409138128202619,4.674257290569756,
2024-01-21 00:00:00,2.1848839962921587,-0.9965892214339158,5.196547562900009,
2024-01-28 00:00:00,2.5986809181129935,-0.4908884755781857,6.056928216936681,
2024-02-04 00:00:00,2.6596878737943035,-0.40427033546713176,6.033382069514124,
2024-02-11 00:00:00,2.4137414862259314,-0.9122039106958959,5.678382134123247,
2024-02-18 00:00:00,2.043374111626633,-1.0831983266488043,5.424892252554539,
2024-02-25 00:00:00,1.6996385852090727,-1.4908568945008844,4.816771832767055,
2024-03-03 00:00:00,1.4279318312766371,-1.8865381855324754,4.5948288289152455,
2024-03-10 00:00:00,1.2207312158007306,-2.31153082656877,4.386166366639116,
2024-03-17 00:00:00,1.078517886515077,-2.122982068935346,4.2078535710749385,
2024-03-24 00:00:00,0.9898355313015357,-2.044465456182384,4.034488149240718,
2024-03-31 00:00:00,0.890515682761204,-2.4719860774349787,3.959814465012439,
2024-04-07 00:00:00,0.7115677237840259,-2.4354692545560344,4.062944753295505,
2024-04-14 00:00:00,0.49634854841887877,-2.744158747658762,3.6501321751487215,
2024-04-21 00:00:00,0.43280466933998984,-2.7986638895098688,3.748342087846345,
2024-04-28 00:00:00,0.7060608699620656,-2.55374208895258,4.024856996949029,
2024-05-05 00:00:00,1.2873490592803867,-1.770027033366825,4.668285000290503,
2024-05-12 00:00:00,1.8855640353251655,-1.31410321015957,5.092767921310571,
2024-05-19 00:00:00,2.1447696291112828,-1.0536461388799436,5.540992816887747,
2024-05-26 00:00:00,1.9187865294331965,-1.3162366815793827,5.005619557632013,
2024-06-02 00:00:00,1.3716884523025716,-2.1634596272274633,4.523567505333517,
2024-06-09 00:00:00,0.8286052119055143,-2.5279956886079935,3.9167707148504474,
2024-06-16 00:00:00,0.5359588112143499,-2.648555938280132,3.9352609684695095,
2024-06-23 00:00:00,0.5392230789805519,-2.533128295247682,3.772826087385878,
2024-06-30 00:00:00,0.7328001122332286,-2.57622802315045,3.837724904572048,
2024-07-07 00:00:00,0.9778691687963657,-2.243502823772987,3.9916556646931034,
2024-07-14 00:00:00,1.17672587879329,-1.9266012717595817,4.319736203716175,
2024-07-21 00:00:00,1.2879275658998113,-1.9246244851260785,4.460531687592184,
2024-07-28 00:00:00,1.3200232116479924,-1.9895025157383186,4.456604063087338,
2024-08-04 00:00:00,1.3129196225165949,-2.122862688631124,4.587569703204698,
2024-08-11 00:00:00,1.2942828808645097,-1.7943688031483966,4.534826027822136,
2024-08-18 00:00:00,1.2405758621527694,-2.0394836134549044,4.463375123487948,
2024-08-25 00:00:00,1.1054892089326867,-2.0273327491696724,4.088107003500547,
2024-09-01 00:00:00,0.9137935608525365,-2.3643139750841824,4.267391630140568,
2024-09-08 00:00:00,0.810968580980352,-2.5067230457381093,3.9416097214110897,
2024-09-15 00:00:00,0.9650576597042428,-2.1176158130739244,4.01866838760885,
2024-09-22 00:00:00,1.378627217910327,-2.0360526075367993,4.613707777231353,
2024-09-29 00:00:00,1.8124761252169035,-1.265989137922508,5.145119671521796,
2024-10-06 00:00:00,1.949306679438411,-1.348550088745256,5.14751751236482,
2024-10-13 00:00:00,1.6747810744896976,-1.5832953589384027,5.048440209277116,
2024-10-20 00:00:00,1.1989607820559918,-1.7865454902676858,4.508504314797015,
2024-10-27 00:00:00,0.8805501013480252,-2.3461100269061808,4.101666071451126,
2024-11-03 00:00:00,0.9184918425626549,-2.271185573917027,4.005453845225549,
2024-11-10 00:00:00,1.2099654106009556,-1.9213121289879567,4.401046510198924,
2024-11-17 00:00:00,1.4906201232467229,-1.7042060116111375,4.838371713007996,
2024-11-24 00:00:00,1.5809752539912956,-1.6273100773201636,4.584087413805244,
2024-12-01 00:00:00,1.4868508176362154,-1.6569337847358154,4.622917577201551,
2024-12-08 00:00:00,1.303545702927342,-1.8703734003988144,4.455757752952705,
2024-12-15 00:00:00,1.094043480443546,-2.1137137452336896,4.186918556875178,
2024-12-22 00:00:00,0.8943606869358884,-2.10575232270251,4.25761085156871,
2024-12-29 00:00:00,0.7956551648813885,-2.16566956757699,3.986021495579539,
2025-01-05 00:00:00,0.9388857805343258,-2.2763814684748187,4.259407693281678,
2025-01-12 00:00:00,1.3793043854060096,-1.8916395340095589,4.822162133029575,
2025-01-19 00:00:00,1.9716732498782175,-1.1615953811255704,5.112932378151299,
2025-01-26 00:00:00,2.435687512884264,-0.8466257895310934,5.664245933259183,
2025-02-02 00:00:00,2.562657110697716,-0.7805083279312064,5.737770591160675,
2025-02-09 00:00:00,2.3597967388299406,-0.6030080421952584,5.580025103145791,
2025-02-16 00:00:00,1.997807513838898,-1.215883398636485,5.451702423266749,
2025-02-23 00:00:00,1.6431237339915046,-1.447891213276622,4.8070388563881075,
2025-03-02 00:00:00,1.3587337135796846,-1.890441061308449,4.653008471051038,
2025-03-09 00:00:00,1.1404318461518048,-1.8257458336187145,4.2405816373575735,
2025-03-16 00:00:00,0.9863401753748811,-2.2083580945248906,4.107775813313728,
2025-03-23 00:00:00,0.8912270357663545,-2.3293204471679028,4.138329952975832,
2025-03-30 00:00:00,0.8001988520964067,-2.541307253343933,4.113669336979885,
2025-04-06 00:00:00,0.6369045580501058,-2.620559702923642,3.577487740780165,
2025-04-13 00:00:00,0.41760112823719564,-2.867110823564059,3.7668301989749406,
2025-04-20 00:00:00,0.3102916987015176,-3.045488041212188,3.5452503372679844,
2025-04-27 00:00:00,0.5172472724895969,-2.906630559138656,3.8676518116917644,
2025-05-04 00:00:00,1.0586829066079562,-2.103490102468861,4.221260355906084,
2025-05-11 00:00:00,1.6820190654213834,-1.587452805338109,4.907895612653526,
2025-05-18 00:00:00,2.021374456818844,-1.0436115201366674,5.153516144499035,
2025-05-25 00:00:00,1.8782058617528707,-1.421104491857038,4.904197422945237,
2025-06-01 00:00:00,1.36596363631489,-1.927904626896864,4.730381768511754,
2025-06-08 00:00:00,0.7991435690034363,-2.365248881610886,4.127678142464051,
2025-06-15 00:00:00,0.45247859164968585,-2.4895073358274615,3.5926833521259036,
2025-06-22 00:00:00,0.407841988611227,-2.815369869650894,3.733228183732222,
2025-06-29 00:00:00,0.5780528068828144,-2.4737443425686934,3.9951812163010567,
2025-07-06 00:00:00,0.8227175192155918,-2.4385049570041275,3.9473739716851535,
2025-07-13 00:00:00,1.0344397143580002,-2.3961840163907677,4.190326713948631,
2025-07-20 00:00:00,1.1619803311366637,-1.998005398824838,4.402688220924487,
2025-07-27 00:00:00,1.205750590498817,-2.1311504885281396,4.229023661493601,
2025-08-03 00:00:00,1.2025536769454255,-1.9447398137997736,4.388791418261997,
2025-08-10 00:00:00,1.1860772998514335,-1.9297356876965353,4.345396016169021,
2025-08-17 00:00:00,1.1424180361930936,-1.800768156597346,4.4207553226979215,
2025-08-24 00:00:00,1.0233943897947604,-2.2501496881878458,4.253057549077845,
2025-08-31 00:00:00,0.83427370173023,-2.3766135442537832,4.107613915906718,
2025-09-07 00:00:00,0.7014931416048558,-2.6353896007233235,3.840552144004064,
2025-09-14 00:00:00,0.8025173775677077,-2.441201281775836,4.174479596572882,
2025-09-21 00:00:00,1.181095398603596,-1.9894334602857429,4.418510044268092,
2025-09-28 00:00:00,1.6360710677159207,-1.5851129942970186,5.045337497970593,
2025-10-05 00:00:00,1.8433974160914728,-1.4675869511543604,4.865240533879657,
2025-10-12 00:00:00,1.6355805751408583,-1.5574382113785057,4.833896519238602,
2025-10-19 00:00:00,1.1695592490023103,-2.325865447095455,4.147841445380538,
2025-10-26 00:00:00,0.8003350043210569,-2.333003121560485,3.9225654090280155,
2025-11-02 00:00:00,0.7738855110321319,-2.3616392248512126,4.06470405142511,
2025-11-09 00:00:00,1.0382284241059598,-2.212229982806626,4.412193298459988,
2025-11-16 00:00:00,1.339065314006148,-2.052318451261243,4.5054436792790025,
2025-11-23 00:00:00,1.4678913041131632,-1.4499030895418357,4.6732722683465715,
2025-11-30 00:00:00,1.400245659912398,-1.850666211967753,4.77531046489478,
2025-12-07 00:00:00,1.2265169438791106,-2.0830265490708646,4.402209244386331,
2025-12-14 00:00:00,1.0193546057921166,-2.0649993510106404,4.210902190392995,
2025-12-21 00:00:00,0.8136364924315644,-2.3988710142070593,3.929165407987015,
2025-12-28 00:00:00,0.6867397907741994,-2.4177895506303235,3.7566898404802567,
2026-01-04 00:00:00,0.778042375069198,-2.5541534652717077,4.12195178242418,
2026-01-11 00:00:00,1.1698934748057659,-2.0566600509802937,4.54298813971711,
2026-01-18 00:00:00,1.754159182703055,-1.4906441312018703,4.977878219214103,
2026-01-25 00:00:00,2.2613090841260406,-1.1492382446586107,5.552998369679047,
2026-02-01 00:00:00,2.4546420758603085,-0.5374155118556208,5.568973735269886,
2026-02-08 00:00:00,2.3008206026894915,-0.8200202357530078,5.504698732865592,
2026-02-15 00:00:00,1.952798039040581,-1.159446834948478,5.181127773996586,
2026-02-22 00:00:00,1.5890347129634133,-1.623267033569293,4.735669171889845,
2026-03-01 00:00:00,1.2916008630909548,-1.7571867771597294,4.332398889341787,
2026-03-08 00:00:00,1.0621688144103634,-2.1788024272695967,4.448837134432683,
2026-03-15 00:00:00,0.8962036699918365,-2.259181286186827,4.1152311339102345,
2026-03-22 00:00:00,0.7928443564722993,-2.1552832841410847,3.8931460871308134,
2026-03-29 00:00:00,0.7073198167720551,-2.344264512632198,3.8011839759568256,
2026-04-05 00:00:00,0.5599911005650462,-2.820997156243437,3.4645340413391663,
2026-04-12 00:00:00,0.3422926872683325,-2.8457043247050047,3.2495672120031767,
2026-04-19 00:00:00,0.1983175907943664,-3.2252309636739493,3.1507975113621463,
2026-04-26 00:00:00,0.33990374723892436,-2.8642210593982034,3.7616984713984563,
2026-05-03 00:00:00,0.8329697847517434,-2.3086680352196565,4.002096963037806,
2026-05-10 00:00:00,1.4689323291663423,-1.5072013258338735,4.667609434697006,
2026-05-17 00:00:00,1.8816864582694066,-1.3439877798556799,5.004763981411278,
2026-05-24 00:00:00,1.8252891277302958,-1.2410352902462876,5.0308555928665015,
2026-05-31 00:00:00,1.3586398568142724,-1.9205001570855096,4.586220963445933,
2026-06-07 00:00:00,0.777270259565507,-2.4672446712743854,4.09704634352625,
2026-06-14 00:00:00,0.37909731098704724,-3.0103609703395264,3.537514144544212,
2026-06-21 00:00:00,0.2834319779082708,-2.8267045937336706,3.4349074801933996,
2026-06-28 00:00:00,0.42556876975211355,-2.628172894863959,3.914989670755706,
2026-07-05 00:00:00,0.6663636351314637,-2.6175025683585975,3.963689548560138,
2026-07-12 00:00:00,0.8893353698736719,-2.258828122849203,4.256028233658463,
2026-07-19 00:00:00,1.0332574780405201,-2.166751363103141,4.399043940915192,
2026-07-26 00:00:00,1.0899828269947387,-2.0469873061027277,4.434840572572841,
2026-08-02 00:00:00,1.091909100890448,-2.2066941376499756,3.9512806647578076,
2026-08-09 00:00:00,1.0771264516899295,-2.0512105298573005,4.357492525132246,
2026-08-16 00:00:00,1.0417150954167527,-2.377251112809329,4.2608337366014615,
2026-08-23 00:00:00,0.9386963263835244,-2.1099026996329773,4.209796395468736,
2026-08-30 00:00:00,0.7563683606689866,-2.508849971912806,3.7323614140133072,
2026-09-06 00:00:00,0.5998434899914977,-2.6141861040118215,3.8066276833138595,
2026-09-13 00:00:00,0.6495529422854363,-2.6341896297335614,4.024600726371384,
2026-09-20 00:00:00,0.9863829899464294,-2.4614261328312868,4.342625212832511,
2026-09-27 00:00:00,1.4513228264019,-1.6497505770687573,4.6194629667531,
2026-10-04 00:00:00,1.7232952968642907,-1.4948033268385674,4.722528375728289,
2026-10-11 00:00:00,1.5875627951044846,-1.6822247247643527,4.684371727451355,
2026-10-18 00:00:00,1.1435741369161805,-2.2083252130148185,4.308603850485123,
2026-10-25 00:00:00,0.7319340284114715,-2.3703838882439143,3.8936493425329552,
2026-11-01 00:00:00,0.6391328976860973,-2.432990829002736,4.0417548989850385,
2026-11-08 00:00:00,0.8674882014960927,-2.25903335845788,3.953431230016177,
2026-11-15 00:00:00,1.1814646335960743,-2.034918931109692,4.401783917603469,
2026-11-22 00:00:00,1.3482234696499007,-1.7645321766217505,4.707139399302739,
2026-11-29 00:00:00,1.3103552748612302,-1.8378202362527505,4.528137312634506,
2026-12-06 00:00:00,1.1485639173364528,-2.069262159198648,4.611518284575964,
2026-12-13 00:00:00,0.9445757571803524,-2.131951563124466,4.1785243593211625,
2026-12-20 00:00:00,0.7352046679601381,-2.4205011186865137,3.8196004894728057,
2026-12-27 00:00:00,0.5849202285273136,-2.5698308347492613,3.7615306037542835,
2027-01-03 00:00:00,0.6273403138272255,-2.6451582132739135,3.719412076326085,
2027-01-10 00:00:00,0.9671030278946646,-2.2412190425949445,4.013965262788944,
2027-01-17 00:00:00,1.534091743413044,-1.729042446276726,4.719332251105081,
2027-01-24 00:00:00,2.076322192330775,-1.2696810989087415,5.227251111577523,
2027-01-31 00:00:00,2.335019435539343,-0.7163858775626428,5.598023891898441,
2027-02-07 00:00:00,2.2356056686739665,-0.6432838663438281,5.460019927311862,
2027-02-14 00:00:00,1.9075942231820417,-1.2090865831827688,5.219257304880273,
2027-02-21 00:00:00,1.5372901917810584,-1.8618043360808114,4.769845955715979,
2027-02-28 00:00:00,1.2266209366191587,-1.968884698636316,4.338478972380059,
2027-03-07 00:00:00,0.9858926764884248,-2.5433431212551323,4.215584394221646,
2027-03-14 00:00:00,0.8082009667369168,-2.320306581137392,3.8484616393055706,
2027-03-21 00:00:00,0.6951648181639816,-2.4807151133979577,3.8945269792337807,
2027-03-28 00:00:00,0.6122808171259131,-2.904636250116295,3.697284649664705,
2027-04-04 00:00:00,0.4803719573066305,-2.7356453445769313,3.7390477482554143,
2027-04-11 00:00:00,0.2691045572420665,-2.9432815474802014,3.337630272196299,
2027-04-18 00:00:00,0.09585707520537534,-3.4100468559517374,3.080528413319793,
2027-04-25 00:00:00,0.17457458715189378,-2.962359108210774,3.2889039325465053,
2027-05-02 00:00:00,0.6122847442886357,-2.435462453839331,3.874191824521974,
2027-05-09 00:00:00,1.248380688994592,-1.8382379297428928,4.44601713060357,
2027-05-16 00:00:00,1.7261512111789608,-1.3096425250234378,5.150631606974112,
2027-05-23 00:00:00,1.758616556367274,-1.5925499002879056,4.73642077249386,
2027-05-30 00:00:00,1.3476770610822868,-1.8509068909359483,4.60539791855617,
2027-06-06 00:00:00,0.761770389940787,-2.1992783089167283,4.065812788173927,
2027-06-13 00:00:00,0.3158786846298949,-3.0443091152097175,3.605577818353754,
2027-06-20 00:00:00,0.1667862521895549,-3.0532479463183986,3.42841052378584,
2027-06-27 00:00:00,0.27614484775240977,-2.7784353449136754,3.653938431300528,
2027-07-04 00:00:00,0.5092885780944447,-2.63699772597361,3.698256070626468,
2027-07-11 00:00:00,0.7415734658392876,-2.2917975433523994,4.414460147236474,
2027-07-18 00:00:00,0.9016406621279023,-2.3149874501273615,4.200558253571064,
2027-07-25 00:00:00,0.9724444245015831,-2.087590247357526,4.34041182099711,
2027-08-01 00:00:00,0.9808569346060816,-2.2314514445216638,4.23539430001055,
2027-08-08 00:00:00,0.9676633263967911,-2.4272705722626364,4.266166290551929,
2027-08-15 00:00:00,0.938770862034749,-2.3190283310352475,4.063396380485145,
2027-08-22 00:00:00,0.8511193791524652,-2.385991003544028,4.15367360998861,
2027-08-29 00:00:00,0.6790341047715875,-2.61412881212003,4.041301180352847,
2027-09-05 00:00:00,0.5050362201354299,-2.623692977876428,3.867085756958936,
2027-09-12 00:00:00,0.5064496591813517,-2.475105158772595,3.649413635572432,
2027-09-19 00:00:00,0.7962530390544085,-2.3358649429359755,3.8883165068614973,
2027-09-26 00:00:00,1.2601254388696195,-2.0669295323540755,4.653179520216938,
2027-10-03 00:00:00,1.5892696508231743,-1.3162144486979552,4.667610761055951,
2027-10-10 00:00:00,1.5290037441491486,-1.9193485775378871,4.820107521020946,
2027-10-17 00:00:00,1.1187871968913696,-2.075199674365396,4.267630478073464,
2027-10-24 00:00:00,0.6745453232509075,-2.582789981466277,3.936296595956298,
2027-10-31 00:00:00,0.5153113346511211,-2.665236114034406,3.850945459369393,
2027-11-07 00:00:00,0.6994395608333273,-2.4529117387164208,4.228604824650124,
2027-11-14 00:00:00,1.0186291349251213,-2.036982697786848,4.016295027832708,
2027-11-21 00:00:00,1.2216360194914424,-2.0269218346441855,4.3980809429724275,
2027-11-28 00:00:00,1.2165535354054344,-2.0198389486698476,4.634374773132942,
2027-12-05 00:00:00,1.0694337772343043,-2.19022782490254,4.267937508780212,
2027-12-12 00:00:00,0.8695405294225071,-2.2092692488031833,4.1496996580300936,
2027-12-19 00:00:00,0.6584172517875262,-2.748484798659237,3.9719789862409094,
2027-12-26 00:00:00,0.48929711037227763,-2.72990814041915,3.7831328895528538,
2028-01-02 00:00:00,0.4866265493550985,-2.7946782454367574,3.7819397500453675,
2028-01-09 00:00:00,0.7721028613978107,-2.3924945166310287,3.9640391491732836,
2028-01-16 00:00:00,1.3132590986253558,-2.053630287812224,4.652289161435105,
2028-01-23 00:00:00,1.881748599835457,-1.200107694573839,4.992513228845143,
2028-01-30 00:00:00,2.2033838338862575,-1.0428433357137137,5.2629737525817895,
2028-02-06 00:00:00,2.1629608066175594,-1.186168429580725,5.492732196683706,
2028-02-13 00:00:00,1.8613172903883557,-1.492734286023535,5.141138171382595,
2028-02-20 00:00:00,1.4877160916240957,-1.6528019535836656,4.78980300315429,
2028-02-27 00:00:00,1.1638908758847495,-1.8951036632367213,4.3168928890859455,
2028-03-05 00:00:00,0.9115713189843688,-2.209862173847716,4.264189570045177,
2028-03-12 00:00:00,0.7223679842788571,-2.4688681533504546,4.031866012791929,
2028-03-19 00:00:00,0.5986082091046545,-2.8060227541107112,3.7129583173792238,
2028-03-26 00:00:00,0.515559318404968,-2.6619882046380656,4.093853306629276,
2028-04-02 00:00:00,0.3977807719068247,-2.7274049748405504,3.509249917073883,
2028-04-09 00:00:00,0.19681463043819747,-3.0764722285986528,3.318569203916161,
2028-04-16 00:00:00,0.0017207986820406695,-3.087213771405895,3.237130368140475,
2028-04-23 00:00:00,0.021475901365987315,-3.350420046963217,3.0940509307447224,
2028-04-30 00:00:00,0.398510257769759,-2.7528340554044446,3.5572511149925123,
2028-05-07 00:00:00,1.0225818714297736,-2.4039917841838037,4.105607829916873,
2028-05-14 00:00:00,1.5555745578896838,-2.05551081096252,4.720921501986308,
2028-05-21 00:00:00,1.677040718595078,-1.6282253363102837,5.027962675191702,
2028-05-28 00:00:00,1.3310251094330234,-1.8627922360093834,4.58887690948081,
2028-06-04 00:00:00,0.7512120971357643,-2.354233202406533,3.8154566806653687,
2028-06-11 00:00:00,0.2626784496795429,-2.756752440645096,3.4383653786086366,
2028-06-18 00:00:00,0.05862750850760978,-3.0402793241502044,3.446548653506504,
2028-06-25 00:00:00,0.13061446298293555,-3.160252938793782,3.27118116382851,
2028-07-02 00:00:00,0.3520346807612569,-3.0817443841141126,3.3967436194519713,
2028-07-09 00:00:00,0.5913685831452933,-2.716692836093663,3.832214501714846,
2028-07-16 00:00:00,0.7670572456158331,-2.547460599634789,3.879507914248107,
2028-07-23 00:00:00,0.8528700053637914,-2.398163077971649,4.1699213512638575,
2028-07-30 00:00:00,0.8692171929582957,-2.2545945959658793,4.5132781691293715,
2028-08-06 00:00:00,0.8578600383440507,-2.4208101275615723,3.963100219239715,
2028-08-13 00:00:00,0.8339222722099797,-2.6363434778727415,3.98263041968027,
2028-08-20 00:00:00,0.7605308066004419,-2.685611003188157,4.0251496236243245,
2028-08-27 00:00:00,0.6013325730946877,-2.5034805319724187,3.7105929937655135,
2028-09-03 00:00:00,0.4159820030127326,-2.9871399746440987,3.4099930002878738,
2028-09-10 00:00:00,0.373205699271437,-2.8415892104049973,3.464702169799647,
2028-09-17 00:00:00,0.6122643692158345,-2.495443016645165,3.8062186100515296,
2028-09-24 00:00:00,1.0644918777118526,-2.015874295160166,4.460864344756557,
2028-10-01 00:00:00,1.4419652679658306,-2.0346569210596446,4.5298984809441745,
2028-10-08 00:00:00,1.4584693245959501,-1.5880703050469411,4.45386100316772,
2028-10-15 00:00:00,1.0929117030441056,-2.043999901095723,4.173019960783492,
2028-10-22 00:00:00,0.6270221868873045,-2.6260159083562424,3.8378626905086657,
2028-10-29 00:00:00,0.4032180842050459,-2.7822040721174517,3.3696484982687034,
2028-11-05 00:00:00,0.5357957474677564,-2.4746553204051205,3.93631036974021,
2028-11-12 00:00:00,0.8515919553512801,-2.104796341917437,4.314586778619083,
2028-11-19 00:00:00,1.087952784611843,-2.200666636926713,4.2177369540614675,
2028-11-26 00:00:00,1.1181941457128999,-1.9992498919513082,4.280419448431669,
2028-12-03 00:00:00,0.9888019547420204,-2.065268844546578,4.2040051483886405,
2028-12-10 00:00:00,0.7941173201468712,-2.4823504165215926,3.9188507372821624,
2028-12-17 00:00:00,0.582727034799202,-2.8179491722713808,4.002685767757501,
2028-12-24 00:00:00,0.39895299882450863,-2.9560766236670153,3.6364628850902303,
2028-12-31 00:00:00,0.35554236152807817,-2.7295129296306317,3.521687238525384,
2029-01-07 00:00:00,0.5858402576948056,-2.6911137913479406,3.7516330386328143,
2029-01-14 00:00:00,1.093439167537932,-2.1912117746660025,4.2525795215503015,
2029-01-21 00:00:00,1.6788324656037932,-1.815866299836864,5.131409844671764,
2029-01-28 00:00:00,2.0595709981873047,-1.0450396801479052,5.462348703732579,
2029-02-04 00:00:00,2.0817497539179453,-1.2186146620554998,5.505897529440129,
2029-02-11 00:00:00,1.812973935904719,-1.513036471217279,4.826005538989519,
2029-02-18 00:00:00,1.4400289859895439,-1.8466037081579385,4.624432242653918,
2029-02-25 00:00:00,1.1035023770387187,-2.1879709524615825,4.240247214253575,
2029-03-04 00:00:00,0.8391978085627116,-2.7937782935627915,4.030536092154734,
2029-03-11 00:00:00,0.6386965246532494,-2.7104712860092315,3.674521127760378,
2029-03-18 00:00:00,0.5035259475672649,-2.9227372784098486,3.644997296434454,
2029-03-25 00:00:00,0.41767913303736615,-2.805500048778895,3.601042080220741,
2029-04-01 00:00:00,0.312131469533375,-3.0135324147595295,3.575246568358981,
2029-04-08 00:00:00,0.12433128829199047,-3.074027278224344,3.3387500492956663,
2029-04-15 00:00:00,0.0,-3.342817933563073,3.100138348994209,
2029-04-22 00:00:00,0.0,-3.35800111256827,2.943248217952709,
2029-04-29 00:00:00,0.19329023989337468,-2.895438518763431,3.5100457244893035,
2029-05-06 00:00:00,0.7938338801181193,-2.419239268905045,4.065823327204653,
2029-05-13 00:00:00,1.3711042460046325,-1.7495704125509075,4.490347039745957,
2029-05-20 00:00:00,1.5797234705311058,-1.5064397381430874,4.507522456677314,
2029-05-27 00:00:00,1.3066762069068472,-1.7531287944914729,4.607419118691237,
2029-06-03 00:00:00,0.7439684413332892,-2.5719527263770896,3.8952024013827593,
2029-06-10 00:00:00,0.21912855065544257,-3.1201633994632045,3.432882649911682,
2029-06-17 00:00:00,0.0,-3.3631936923803973,3.0755390253872212,
2029-06-24 00:00:00,0.0,-3.57784632590991,3.3267707212168105,
2029-07-01 00:00:00,0.19520537293317108,-2.93556341389249,3.4862999632705898,
2029-07-08 00:00:00,0.43899055298006173,-2.886106152092222,3.708269520675298,
2029-07-15 00:00:00,0.6294827440736825,-2.2669032489873455,3.856455016563472,
2029-07-22 00:00:00,0.731013701133866,-2.581129860559228,4.174931231321832,
2029-07-29 00:00:00,0.756768820516214,-2.628012572777263,4.2440076970144895,
2029-08-05 00:00:00,0.7478219879826511,-2.400016773704145,4.081277030561846,
2029-08-12 00:00:00,0.7275168989376655,-2.5399552013590245,3.709242562472678,
2029-08-19 00:00:00,0.6669278123270779,-2.4629193418158675,4.124870908781871,
2029-08-26 00:00:00,0.5224524388025089,-2.822921835740818,3.8197548016911442,
2029-09-02 00:00:00,0.33152916591852377,-2.7945865881935985,3.6170230267403936,
2029-09-09 00:00:00,0.2495497798887487,-2.9568469100947095,3.293112896533618,
2029-09-16 00:00:00,0.43573379165729786,-2.612459700178059,3.6966029665457887,
2029-09-23 00:00:00,0.866490416332999,-2.5248456492102056,4.171860741055621,
2029-09-30 00:00:00,1.2823771877556818,-1.8925023689747364,4.350603018894345,
2029-10-07 00:00:00,1.3748579479839635,-1.9268533199799922,4.948518941830104,
2029-10-14 00:00:00,1.0636619023857872,-1.9999165012878724,4.280307364919415,
2029-10-21 00:00:00,0.5879006025099864,-2.6741409079763034,3.9411454150560665,
2029-10-28 00:00:00,0.30333365483530805,-2.7775843025755353,3.5866025802755095,
2029-11-04 00:00:00,0.3782325726017368,-2.9422487224878155,3.5844676930397,
2029-11-11 00:00:00,0.6815909427730353,-2.5635281585663874,3.829854830451519,
2029-11-18 00:00:00,0.9471845712744298,-2.017783813211005,4.081121482349806,
2029-11-25 00:00:00,1.014638892155461,-2.168097962094447,4.093284961750449,
2029-12-02 00:00:00,0.9062666001458513,-2.5250405975652894,4.155069171466392,
2029-12-09 00:00:00,0.7181863164281337,-2.5355243398683944,3.680693921007304,
2029-12-16 00:00:00,0.5076882489063437,-2.703482768865352,3.5977387519684916,
2029-12-23 00:00:00,0.3129853169074184,-2.785188661115848,3.9103994661352317,
2029-12-30 00:00:00,0.2335504449458814,-2.7198339802016305,3.5380074536166513,
2030-01-06 00:00:00,0.4090238068029852,-2.7990933857395834,3.8744612546316244,
2030-01-13 00:00:00,0.8763518822991729,-2.4343156801289556,4.193616804042849,
2030-01-20 00:00:00,1.4690099623601518,-1.7493169489802973,4.574923842241232,
2030-01-27 00:00:00,1.9036736583917269,-1.3860614235533193,4.869627291770769,
2030-02-03 00:00:00,1.9909304526163107,-1.353278764371741,5.093516740599361,
2030-02-10 00:00:00,1.7614754087678253,-1.4585773927626335,5.2139615985941035,
2030-02-17 00:00:00,1.3938229505797484,-1.6142898982683662,4.741072928991971,
2030-02-24 00:00:00,1.0455245377839533,-1.9830675969763591,3.9104530384644054,
2030-03-03 00:00:00,0.7687945146878907,-2.4415729221514715,4.080280353148823,
2030-03-10 00:00:00,0.5571484264013009,-2.860196776428226,3.647010227001165,
2030-03-17 00:00:00,0.41019535664272255,-2.763023114855854,3.838301012233463,
2030-03-24 00:00:00,0.3191824328922046,-2.856683877173416,3.582011906333249,
2030-03-31 00:00:00,0.22350306360845829,-2.9251629817189047,3.350713896445126,
2030-04-07 00:00:00,0.05072028002778328,-3.1520933025068016,3.2270355901735064,
2030-04-14 00:00:00,0.0,-3.3488153492413018,3.102752920435206,
2030-04-21 00:00:00,0.0,-3.445861639401951,3.0508287612456417,
2030-04-28 00:00:00,0.0,-3.4337712177897624,3.0244607229929867,
2030-05-05 00:00:00,0.5644523997649418,-2.811348381445521,3.7984912878303634,
2030-05-12 00:00:00,1.1742012820658543,-2.127111227841735,4.231821041428049,
2030-05-19 00:00:00,1.4661648199960589,-1.8393472710038457,4.713020146602574,
2030-05-26 00:00:00,1.2727185572327433,-2.159100011432826,4.452685514942274,
2030-06-02 00:00:00,0.7382466651802584,-2.3562157478488635,3.751256829377919,
2030-06-09 00:00:00,0.18462660424648192,-3.117327901982514,3.4383269275368384,
2030-06-16 00:00:00,0.0,-3.2081270903810157,2.8484283789115583,
2030-06-23 00:00:00,0.0,-3.4784510705603946,2.904987166877918,
2030-06-30 00:00:00,0.039463659057214606,-3.2522821299294957,3.4525032303123453,
2030-07-07 00:00:00,0.2847659291464002,-2.987468572551488,3.492452030239649,
2030-07-14 00:00:00,0.4889425588945846,-2.851435474902442,3.8410095491545007,
2030-07-21 00:00:00,0.6066572600798603,-2.3512508872095887,3.631078414127363,
2030-07-28 00:00:00,0.6432607298099506,-2.476165995201203,3.971198779815065,
2030-08-04 00:00:00,0.6375857063732409,-2.6127372422428037,3.5552858432992993,
2030-08-11 00:00:00,0.6198921580536652,-2.59422675269227,3.7771206487243845,
2030-08-18 00:00:00,0.5704204122284229,-2.619063451396636,3.683658740629056,
2030-08-25 00:00:00,0.4417247057032512,-2.65053469012473,3.5892056948581246,
2030-09-01 00:00:00,0.25050642323310446,-2.9643147501918863,3.380985731432638,
2030-09-08 00:00:00,0.13496696837742306,-3.1387044364714933,3.3742405074527935,
2030-09-15 00:00:00,0.2677078669212609,-3.1595154031076493,3.738773415115825,
2030-09-22 00:00:00,0.6681810530036494,-2.7846785298081755,3.850293540604267,
2030-09-29 00:00:00,1.1118145842574463,-2.114902451957506,4.445853530867811,
2030-10-06 00:00:00,1.2774321455445063,-2.0961608742456965,4.44397411302756,
2030-10-13 00:00:00,1.0288229525460881,-1.9834504081824864,4.345015236842346,
2030-10-20 00:00:00,0.5554379982593123,-2.8573835523070468,3.701265341684598,
2030-10-27 00:00:00,0.21579484178668573,-3.1477148489477234,3.4933008740011164,
2030-11-03 00:00:00,0.22833106542897075,-3.1751034324338363,3.5405087808643394,
2030-11-10 00:00:00,0.510042000081482,-2.6911031290606946,3.454405143026692,
2030-11-17 00:00:00,0.7995509654295629,-2.438742650376951,3.9353881771716916,
2030-11-24 00:00:00,0.9052894317856024,-2.2382723212432643,3.98574227198804,
2030-12-01 00:00:00,0.8213493851384255,-2.3072186011798665,4.116737891058082,
2030-12-08 00:00:00,0.6416165055334688,-2.5433149466063982,3.875036323041103,
2030-12-15 00:00:00,0.43295086247487524,-2.6739263564068816,3.8590490817227945,
2030-12-22 00:00:00,0.23053533318646968,-3.1558810317022283,3.3909036396308334,
2030-12-29 00:00:00,0.11996665746372903,-3.172256066774483,3.2899302004482047,
2031-01-05 00:00:00,0.2421157919155812,-2.611926781644798,3.5065195672951033,
2031-01-12 00:00:00,0.6636139124740446,-2.722017270489933,4.1115244269278834,
2031-01-19 00:00:00,1.2538723369195028,-2.000310973886492,4.249593379340723,
2031-01-26 00:00:00,1.7360494533116757,-1.5417465577477385,5.040764842387623,
2031-02-02 00:00:00,1.8895935791325575,-1.2175700211168543,5.040424078945357,
2031-02-09 00:00:00,1.705662488263262,-1.3759477064549088,5.060695247511376,
2031-02-16 00:00:00,1.3485608903998851,-1.857822501445134,4.487197664298105,
2031-02-23 00:00:00,0.9899846101954963,-2.04682891267586,4.031967569572824,
2031-03-02 00:00:00,0.7004130813941969,-2.5790204226566376,3.829234738088044,
2031-03-09 00:00:00,0.47767021022581724,-2.4599036678521635,3.7537201335721546,
2031-03-16 00:00:00,0.3188189382767279,-2.952783044540607,3.3591332553765048,
2031-03-23 00:00:00,0.22060390360540594,-2.8916766482181195,3.4114822021716016,
2031-03-30 00:00:00,0.13211909353167872,-3.3272611932367333,3.274721635364955,
2031-04-06 00:00:00,0.0,-3.286050699540806,3.074071751992685,
2031-04-13 00:00:00,0.0,-3.550084857471366,3.028260655573208,
2031-04-20 00:00:00,0.0,-3.732406063669595,2.7102321217279655,
2031-04-27 00:00:00,0.0,-3.34263437742175,3.004974812770808,
2031-05-04 00:00:00,0.33670826057911984,-3.1173795126848542,3.336838866515959,
2031-05-11 00:00:00,0.9666018113046275,-2.2355353946185588,4.270838157592626,
2031-05-18 00:00:00,1.33622254853955,-1.9921153562265257,4.524900528179501,
2031-05-25 00:00:00,1.227389518196229,-1.7006348639576583,4.382767468152719,
2031-06-01 00:00:00,0.7321243175478522,-2.5258791512325987,3.9115144131319317,
2031-06-08 00:00:00,0.15833151200148543,-2.9821590362158172,3.304994794628509,
2031-06-15 00:00:00,0.0,-3.4756725773686403,2.962079135442286,
2031-06-22 00:00:00,0.0,-3.4846779467104936,3.0296264808775697,
2031-06-29 00:00:00,0.0,-3.121761400001814,3.076959610005847,
2031-07-06 00:00:00,0.12907955632498025,-3.0975983711254536,3.429989333683636,
2031-07-13 00:00:00,0.3455132534883425,-2.9875332254604903,3.6297225995141664,
2031-07-20 00:00:00,0.47961677557009685,-2.8267831104752794,3.5358610933888635,
2031-07-27 00:00:00,0.5284233341257742,-2.6788792685496157,3.819474088418817,
2031-08-03 00:00:00,0.5271201503649336,-2.5923020016150593,3.6431343565413057,
2031-08-10 00:00:00,0.511356970901661,-2.6600531714264797,3.7828252625034455,
2031-08-17 00:00:00,0.4712111659156628,-2.7247798524823077,4.066088054435576,
2031-08-24 00:00:00,0.3586312026779743,-2.836951469866551,3.458318200630177,
2031-08-31 00:00:00,0.17176320318258353,-3.0286991193461636,3.2023551210550805,
2031-09-07 00:00:00,0.028731273537950575,-3.2004850924612818,3.159590304718205,
2031-09-14 00:00:00,0.10894484410317817,-3.0447711756409426,3.4325555326145762,
2031-09-21 00:00:00,0.47155419836943113,-2.772608324000423,3.6535059601082835,
2031-09-28 00:00:00,0.931855177534626,-2.476558389186275,3.9838236225738273,
2031-10-05 00:00:00,1.1658381460948957,-2.079548707633408,4.458895649517058,
2031-10-12 00:00:00,0.986318901621857,-2.145927756976251,4.178682903337838,
2031-10-19 00:00:00,0.527662022403439,-2.6144981382694628,3.6128431682472133,
2031-10-26 00:00:00,0.14037875525129984,-3.0022049288963233,3.277885544791954,
2031-11-02 00:00:00,0.08752079866053242,-3.028111647566745,3.412666523148095,
2031-11-09 00:00:00,0.33850375206490035,-2.6325086666975226,3.6570240293722542,
2031-11-16 00:00:00,0.6454951331663836,-2.759171126621921,3.918221487449477,
2031-11-23 00:00:00,0.789621155205668,-2.5450432987857,3.9095705528245674,
2031-11-30 00:00:00,0.7335029412063623,-2.4957617101693197,4.036373297364635,
2031-12-07 00:00:00,0.5642442000069314,-2.6827980316500604,3.800248331539585,
2031-12-14 00:00:00,0.3582491178229028,-2.9071619100318147,3.449672195439646,
2031-12-21 00:00:00,0.15081206135945946,-3.0121224294784597,3.3164992943130454,
2031-12-28 00:00:00,0.013994918154779157,-3.5161716659045252,3.1973671779778887,
2032-01-04 00:00:00,0.08533317138746144,-3.229749173015038,3.3541882311377704,
2032-01-11 00:00:00,0.45669748742816574,-2.696271860459591,3.988522770413981,
2032-01-18 00:00:00,1.0351237051717441,-2.430866805381104,4.284222962639579,
2032-01-25 00:00:00,1.5573203039547296,-1.6344121275981225,4.7055713234869625,
2032-02-01 00:00:00,1.7769986895660526,-1.305374877494633,5.07661338425139,
2032-02-08 00:00:00,1.644335655556743,-1.4527701603492358,4.959697131977011,
2032-02-15 00:00:00,1.3035711958349685,-2.0612777290398103,4.8009139418875515,
2032-02-22 00:00:00,0.9368479384858279,-2.4474580964738903,4.195501329867528,
2032-02-29 00:00:00,0.6341300747715339,-2.462486014491068,3.995431591322962,
2032-03-07 00:00:00,0.40020711396866604,-2.889512615486727,3.6572492426571532,
2032-03-14 00:00:00,0.22952827148290988,-3.0040940740814586,3.5716824143457133,
2032-03-21 00:00:00,0.12244812212196088,-3.1997614831729946,3.3649824685964402,
2032-03-28 00:00:00,0.03832294318004914,-3.149256492514197,3.2747241817756425,
2032-04-04 00:00:00,0.0,-3.5663515892898197,2.9618716620882504,
2032-04-11 00:00:00,0.0,-3.4599119670758745,3.0873602280419767,
2032-04-18 00:00:00,0.0,-4.075298337540478,2.4834178007907455,
2032-04-25 00:00:00,0.0,-3.5629355253121098,2.7117999445354886,
2032-05-02 00:00:00,0.11276703129284282,-3.130619410474635,3.479834367800727,
2032-05-09 00:00:00,0.7502706820742764,-2.4723366450570854,4.046013154511947,
2032-05-16 00:00:00,1.1901217190030366,-2.022817515694797,4.3380920194555515,
2032-05-23 00:00:00,1.1691264828438657,-2.153592158206714,4.282794773383941,
2032-05-30 00:00:00,0.7235914514143738,-2.675130616964892,4.073207382041122,
2032-06-06 00:00:00,0.13916591843094617,-3.0304577288645342,3.328236950552806,
2032-06-13 00:00:00,0.0,-3.4127170632049557,3.170357118303415,
2032-06-20 00:00:00,0.0,-3.452157256840322,2.882607682949705,
2032-06-27 00:00:00,0.0,-3.363716786473259,2.6791774063514042,
2032-07-04 00:00:00,0.0,-3.0198937724169115,3.2355712333183018,
2032-07-11 00:00:00,0.19932361554562927,-3.484975782338796,3.4055593927191437,
2032-07-18 00:00:00,0.34974804402319415,-2.945051454782668,3.5244786642643113,
2032-07-25 00:00:00,0.41198003206033995,-2.9390536837129737,3.632631131390193,
2032-08-01 00:00:00,0.4163310769582318,-2.7363368989835806,3.704191175905871,
2032-08-08 00:00:00,0.40217648754869173,-2.7204505811300965,3.571774777511777,
2032-08-15 00:00:00,0.3695728780693659,-2.809615169042881,3.523916511892671,
2032-08-22 00:00:00,0.272806425579178,-2.9696445853343745,3.3242516193195417,
2032-08-29 00:00:00,0.09420619138804653,-3.171717345163257,3.1126245963427936,
2032-09-05 00:00:00,0.0,-3.4895136700832,2.988540551396696,
2032-09-12 00:00:00,0.0,-3.3287500374711785,3.229828595293327,
2032-09-19 00:00:00,0.27847369221149587,-2.9642250865318953,3.1466144694560487,
2032-09-26 00:00:00,0.7442919225671574,-2.4284369762108655,3.813878549036339,
2032-10-03 00:00:00,1.0401128414182776,-2.1984262578233507,4.229105900660752,
2032-10-10 00:00:00,0.9342763317549714,-2.165653166154031,4.2442891408194034,
2032-10-17 00:00:00,0.5024277366165029,-2.8952374020468072,3.678381355056392,
2032-10-24 00:00:00,0.0764987009737843,-3.1672120791338862,3.383546832624008,
2032-10-31 00:00:00,0.0,-3.135949021581336,3.150982148159319,
2032-11-07 00:00:00,0.16863453279239482,-3.19696467363757,3.3884591732355958,
2032-11-14 00:00:00,0.48569048365887,-2.787365394395689,3.735853635768262,
2032-11-21 00:00:00,0.6672174953719034,-2.5117237644163533,4.051550447139941,
2032-11-28 00:00:00,0.6421248614595658,-2.542923937818819,3.8307418224045424,
2032-12-05 00:00:00,0.4858544909336313,-2.8244410164729805,3.9009622018866725,
2032-12-12 00:00:00,0.28338523196408283,-2.8614660096235482,3.468994868088648,
2032-12-19 00:00:00,0.07311020636027754,-3.186189853635189,3.415683464454506,
2032-12-26 00:00:00,0.0,-3.1733677075398585,3.3098002718212842,
2033-01-02 00:00:00,0.0,-3.464772112115962,3.0649207991288105,
2033-01-09 00:00:00,0.25689477716069775,-2.9094615274785376,3.653135355484566,
2033-01-16 00:00:00,0.8145350914726568,-2.484723114574982,4.096250475082547,
2033-01-23 00:00:00,1.3683630698303908,-1.9177245028030958,4.610576972681029,
2033-01-30 00:00:00,1.6526064516000665,-1.7224848224001743,4.936337839991314,
2033-02-06 00:00:00,1.5762894928969624,-1.7949845980152999,4.9737847640833595,
2033-02-13 00:00:00,1.2580503551666573,-2.364101751989841,4.584496619351232,
2033-02-20 00:00:00,0.8859982587655506,-2.1271675456361434,4.2227180460327,
2033-02-27 00:00:00,0.5700383956159336,-2.6844032073639754,3.784198904763181,
2033-03-06 00:00:00,0.32471547004673806,-3.0306450113023313,3.3409585110555042,
2033-03-13 00:00:00,0.14239192035421633,-2.855029180914153,3.6684828073471234,
2033-03-20 00:00:00,0.025171021740062027,-3.2331747485660634,3.3303140248686347,
2033-03-27 00:00:00,0.0,-3.3275667848532535,3.0481241598889737,
2033-04-03 00:00:00,0.0,-3.601288824727379,2.775218822790613,
2033-04-10 00:00:00,0.0,-3.345800566624728,2.9766856062080875,
2033-04-17 00:00:00,0.0,-3.7280441068446715,2.7583487008890133,
2033-04-24 00:00:00,0.0,-3.9068734039062285,2.4319783434265223,
2033-05-01 00:00:00,0.0,-3.5056684854498315,3.1160373253516975,
2033-05-08 00:00:00,0.5273481599554262,-2.6913106849823922,4.151492056322265,
2033-05-15 00:00:00,1.0284535368845038,-2.203282592158663,4.265196045070479,
2033-05-22 00:00:00,1.096613723211657,-1.9790923771006064,4.30432158799899,
2033-05-29 00:00:00,0.7105978341826358,-2.4042341403999448,4.138787690819076,
2033-06-05 00:00:00,0.12582599863341448,-3.106447253961629,3.5802977072998408,
2033-06-12 00:00:00,0.0,-3.541694131944146,2.717959794798342,
2033-06-19 00:00:00,0.0,-3.846925440806702,2.4665826806326514,
2033-06-26 00:00:00,0.0,-3.628622493461142,2.751729534591284,
2033-07-03 00:00:00,0.0,-3.5356166031530405,2.9705073306787666,
2033-07-10 00:00:00,0.050555707352657464,-3.1016977096774516,3.3808497266675177,
2033-07-17 00:00:00,0.2169506537403636,-2.9641590086207996,3.3131000443162515,
2033-07-24 00:00:00,0.29365817297437347,-2.7812572302104632,3.595108994593846,
2033-07-31 00:00:00,0.30506801613337897,-3.111168102808552,3.3853680169739224,
2033-08-07 00:00:00,0.2925602889374628,-2.9023948185221062,3.43827248649332,
2033-08-14 00:00:00,0.2658253847371941,-3.0637398762719146,3.6064341453732687,
2033-08-21 00:00:00,0.1840331405422786,-3.2255887085704718,3.3427996344397597,
2033-08-28 00:00:00,0.016830936207139935,-3.343423584472922,2.9746175338532073,
2033-09-04 00:00:00,0.0,-3.3910750911029774,3.0194894422283505,
2033-09-11 00:00:00,0.0,-3.6293095873587413,2.9179936902902615,
2033-09-18 00:00:00,0.09062599996492127,-3.127613235901893,3.3605592543936718,
2033-09-25 00:00:00,0.551073976751693,-2.563780773033897,3.746631395777059,
2033-10-02 00:00:00,0.9006780241097123,-2.360642621604681,4.25436431441667,
2033-10-09 00:00:00,0.8710814466510897,-2.3164445373208347,4.122968917214603,
2033-10-16 00:00:00,0.4774813000361653,-2.7421658936884787,3.5860293695089003,
2033-10-23 00:00:00,0.02321233931603528,-3.2795268312777184,3.252628712738299,
2033-10-30 00:00:00,0.0,-3.6101295451417172,3.0113579382995117,
2033-11-06 00:00:00,0.002143052790796407,-2.9857443492084315,2.9605169689413207,
2033-11-13 00:00:00,0.3210383815415063,-2.845504877706495,3.556996672704315,
2033-11-20 00:00:00,0.5378029617777709,-2.783006299047803,3.7928809538098185,
2033-11-27 00:00:00,0.5465778419889167,-2.6146007197499355,3.980681529183612,
2033-12-04 00:00:00,0.4061668956488449,-2.620060552371391,3.7243836113729314,
2033-12-11 00:00:00,0.20820942141020726,-3.0875878748684444,3.54567770531881,
2033-12-18 00:00:00,0.0,-3.2207233445202172,3.1206493291930384,
2033-12-25 00:00:00,0.0,-3.3308563490836613,3.0462800202624325,
2034-01-01 00:00:00,0.0,-3.3930560672250225,2.9175703186929267,
2034-01-08 00:00:00,0.06528905748231617,-3.17171934066268,3.4289711459983874,
2034-01-15 00:00:00,0.5938963783262714,-2.4200792432322427,3.830803911180674,
2034-01-22 00:00:00,1.170291652303409,-1.892929998342904,4.460942268563109,
2034-01-29 00:00:00,1.5161055505372012,-1.7304181114753137,4.725227361413508,
2034-02-05 00:00:00,1.5003501104727843,-1.6993777656980642,4.799784889530551,
2034-02-12 00:00:00,1.2110718886477612,-1.8358032517916394,4.380600700073003,
2034-02-19 00:00:00,0.8372195766062196,-2.501082715647806,4.129958582879404,
2034-02-26 00:00:00,0.5082348078228791,-2.847912144017889,3.8614053643867816,
2034-03-05 00:00:00,0.2511724915651594,-2.985705069519435,3.6467140160636644,
2034-03-12 00:00:00,0.05742653625954475,-3.3174704016863457,3.6357185232670544,
2034-03-19 00:00:00,0.0,-3.110952753326316,3.1177771967311942,
2034-03-26 00:00:00,0.0,-3.4654931485451996,3.1563426613246217,
2034-04-02 00:00:00,0.0,-3.2865580281728963,3.0781097159301116,
2034-04-09 00:00:00,0.0,-3.744169630294061,2.7852921741072887,
2034-04-16 00:00:00,0.0,-3.9250901833293623,2.472508373121364,
2034-04-23 00:00:00,0.0,-3.9472698885680684,2.449449415917792,
2034-04-30 00:00:00,0.0,-3.5356125932990166,3.0744406220294027,
2034-05-07 00:00:00,0.300091511095101,-3.0648647809357907,3.675325502402064,
2034-05-14 00:00:00,0.8521633997997649,-2.47270854500864,4.186103213571329,
2034-05-21 00:00:00,1.0088235141206259,-2.1635894495612122,4.391473328006559,
2034-05-28 00:00:00,0.69110386634715,-2.2961979227445637,4.241564774869212,
2034-06-04 00:00:00,0.11679881140726023,-3.3749580274713757,3.2451491663358207,
2034-06-11 00:00:00,0.0,-3.85968500989971,2.860185792020582,
2034-06-18 00:00:00,0.0,-4.072163215437366,2.7114804315607786,
2034-06-25 00:00:00,0.0,-3.7854408977835066,2.55574526954722,
2034-07-02 00:00:00,0.0,-3.719556912086433,3.1679720573804473,
2034-07-09 00:00:00,0.0,-3.4651061923484203,3.0206343306200916,
2034-07-16 00:00:00,0.08117098045032867,-3.437412950330775,3.4921345976149585,
2034-07-23 00:00:00,0.17319912445912222,-3.087836361227735,3.394522718790497,
2034-07-30 00:00:00,0.1931332858561361,-3.138318620825139,3.3644691654812,
2034-08-06 00:00:00,0.18265429483713502,-2.9064706961831996,3.466364004580633,
2034-08-13 00:00:00,0.16031249896219246,-3.137061841838274,3.398419036284252,
2034-08-20 00:00:00,0.09223239483247392,-3.3796823755076346,3.3648547983423995,
2034-08-27 00:00:00,0.0,-3.400385462847696,3.287961794550018,
2034-09-03 00:00:00,0.0,-3.2807996238959944,3.061044845448192,
2034-09-10 00:00:00,0.0,-3.828174979156043,2.6412257478611365,
2034-09-17 00:00:00,0.0,-3.5454694537636664,2.867415515322487,
2034-09-24 00:00:00,0.3542441162991776,-2.8599719704655486,3.6059009788202765,
2034-10-01 00:00:00,0.7483222477468128,-2.4061728175215187,3.9693309751481283,
2034-10-08 00:00:00,0.7954286266873556,-2.0484785957570324,4.246118162513003,
2034-10-15 00:00:00,0.45052795972067905,-2.8601397531268766,3.8231027655231835,
2034-10-22 00:00:00,0.0,-3.1830725209247817,3.340507977109059,
2034-10-29 00:00:00,0.0,-3.6713092597001253,3.1549058778970647,
2034-11-05 00:00:00,0.0,-3.527432462234647,3.281265831128472,
2034-11-12 00:00:00,0.15265646182269066,-3.1544327094061355,3.3288709411700483,
2034-11-19 00:00:00,0.4012731661876252,-2.723572985806621,3.741441250608962,
2034-11-26 00:00:00,0.4462152012552687,-2.6934882624008036,3.624250462876657,
2034-12-03 00:00:00,0.32482625389668907,-2.7995079459089007,3.5292411519291216,
2034-12-10 00:00:00,0.13259759357502432,-3.066588236742956,3.3344632707636466,
2034-12-17 00:00:00,0.0,-3.2885588763942586,3.332727236830892,
2034-12-24 00:00:00,0.0,-3.5288485071117366,2.8857760280433467,
2034-12-31 00:00:00,0.0,-3.616680117089727,2.759514969551244,
2035-01-07 00:00:00,0.0,-3.3384671874550653,3.2352651804298542,
2035-01-14 00:00:00,0.37496791902657667,-3.1957717503804517,3.624577490844761,
2035-01-21 00:00:00,0.9644310549593931,-2.519190522393937,4.386278969758542,
2035-01-28 00:00:00,1.3674330377452284,-1.9436907888691604,4.660437233127906,
2035-02-04 00:00:00,1.4154142169007444,-1.7746317717217939,4.729738789325559,
2035-02-11 00:00:00,1.161601680750287,-2.156014922387798,4.370660088100307,
2035-02-18 00:00:00,0.7901808150552203,-2.432060319310011,4.090722302376092,
2035-02-25 00:00:00,0.44880417923644256,-2.7287311730037063,3.6757367556360494,
2035-03-04 00:00:00,0.17958269714172514,-3.0547790506117076,3.2318959559911846,
2035-03-11 00:00:00,0.0,-3.2604626389879066,3.2083701514928222,
2035-03-18 00:00:00,0.0,-3.609652385425089,3.2533773086168587,
2035-03-25 00:00:00,0.0,-3.6408228276783277,3.041499072010094,
2035-04-01 00:00:00,0.0,-3.7578087289765882,2.990113888551827,
2035-04-08 00:00:00,0.0,-3.8956632486110534,2.6617641172510114,
2035-04-15 00:00:00,0.0,-4.001086754113565,2.6248823780057586,
2035-04-22 00:00:00,0.0,-4.090317262523892,2.6211444611659998,
2035-04-29 00:00:00,0.0,-4.0749120312292275,2.7858477429473933,
2035-05-06 00:00:00,0.0708133664098578,-3.070670552336111,3.7139793517759774,
2035-05-13 00:00:00,0.6625283491033858,-2.409724958243464,4.030069919861991,
2035-05-20 00:00:00,0.905050002906802,-2.3780229690602113,4.221489367190408,
2035-05-27 00:00:00,0.6631337024303912,-2.4978554440951717,4.060007851950171,
2035-06-03 00:00:00,0.11038717999886716,-3.1356673254627285,3.309191722869415,
2035-06-10 00:00:00,0.0,-3.428168317460429,2.8935822524013943,
2035-06-17 00:00:00,0.0,-4.056465347424322,2.4037678504801216,
2035-06-24 00:00:00,0.0,-4.119975509313152,2.519681145832388,
2035-07-01 00:00:00,0.0,-3.8711203313324605,2.816706351113422,
2035-07-08 00:00:00,0.0,-3.4474693092623294,3.0390137761047336,
2035-07-15 00:00:00,0.0,-3.28724772331893,3.0432625425247277,
2035-07-22 00:00:00,0.050367168096778325,-2.9381032689249267,3.306548361072989,
2035-07-29 00:00:00,0.08029245276832198,-3.3710379819403418,3.406663334994521,
2035-08-05 00:00:00,0.07253641653530085,-3.366380596391074,3.175861918960649,
2035-08-12 00:00:00,0.05338010418207162,-3.3853693030542633,3.2778267867056283,
2035-08-19 00:00:00,0.0,-3.1734993603979778,3.2396569820218106,
2035-08-26 00:00:00,0.0,-3.3367659652149344,3.1306440959974284,
2035-09-02 00:00:00,0.0,-3.486640336342897,3.1269054704736123,
2035-09-09 00:00:00,0.0,-3.772812680339963,3.0159594148151245,
2035-09-16 00:00:00,0.0,-3.675057324199895,3.199689591837267,
2035-09-23 00:00:00,0.1558748551922695,-2.887747364995799,3.4981892628658344,
2035-09-30 00:00:00,0.584171105738148,-2.756155952065847,3.798085168537561,
2035-10-07 00:00:00,0.7063587935265216,-2.8933039353638828,3.7992944655490852,
2035-10-14 00:00:00,0.41930198954634035,-2.919435189217978,3.5947916499361523,
2035-10-21 00:00:00,0.0,-3.4694702962194475,3.1398178276164335,
2035-10-28 00:00:00,0.0,-3.545677816162927,2.918013191136435,
2035-11-04 00:00:00,0.0,-3.479693777655652,2.8454720992978464,
2035-11-11 00:00:00,0.0,-3.181247883667062,3.4968515575309906,
2035-11-18 00:00:00,0.25772017369125333,-3.0819380992141756,3.653508314762812,
2035-11-25 00:00:00,0.3404107082446135,-2.972202393718672,3.525032908134583,
2035-12-02 00:00:00,0.24139965911328565,-3.3086625653647532,3.4285362027382797,
2035-12-09 00:00:00,0.05642816242073634,-3.1275291348053615,3.507774369433908,
2035-12-16 00:00:00,0.0,-3.2833341477373565,3.20248902676668,
2035-12-23 00:00:00,0.0,-3.551389415850001,3.371458807911391,
2035-12-30 00:00:00,0.0,-4.230570238748627,2.8246533564536054,
2036-01-06 00:00:00,0.0,-3.7007465995883244,2.80991091918093,
2036-01-13 00:00:00,0.15943357931128266,-3.170363907093286,3.4124009936040265,
2036-01-20 00:00:00,0.7522842393234475,-2.5330496697058065,4.161025504891309,
2036-01-27 00:00:00,1.2067871276883588,-2.256880212318922,4.5146375227579005,
2036-02-03 00:00:00,1.3204883228001756,-2.0595644475387154,4.99205806755669,
2036-02-10 00:00:00,1.1085194858236083,-2.236603190006859,4.367586169316637,
2036-02-17 00:00:00,0.7444243407323563,-2.7553311194425483,3.9786138427140796,
2036-02-24 00:00:00,0.39180125010380507,-2.5927231491821585,4.031220737459281,
2036-03-02 00:00:00,0.10998041053468466,-3.159961407477156,3.4247793129665363,
2036-03-09 00:00:00,0.0,-3.3305171496181316,3.322886762135005,
2036-03-16 00:00:00,0.0,-3.816861463318835,2.82346302331971,
2036-03-23 00:00:00,0.0,-3.5858255530395757,3.065046344078405,
2036-03-30 00:00:00,0.0,-4.120304204626453,2.6465190626951136,
2036-04-06 00:00:00,0.0,-3.673937330961791,2.668408331995507,
2036-04-13 00:00:00,0.0,-3.912901387013168,2.259367209140725,
2036-04-20 00:00:00,0.0,-4.242344981027991,2.2198475721870348,
2036-04-27 00:00:00,0.0,-4.167869578591548,2.66441764234152,
2036-05-04 00:00:00,0.0,-3.510270372916433,3.2512205391778837,
2036-05-11 00:00:00,0.46112451636132623,-2.5868330227511827,3.9913292229393287,
2036-05-18 00:00:00,0.7849345026370986,-2.563416057176097,4.181737545095245,
2036-05-25 00:00:00,0.6248289165331387,-2.571934697502323,3.55222667216814,
2036-06-01 00:00:00,0.10474177381623972,-3.1601071877902926,3.2385590326165588,
2036-06-08 00:00:00,0.0,-3.9728653951774833,2.8053127451144357,
2036-06-15 00:00:00,0.0,-4.007084195088451,2.6438254580470733,
2036-06-22 00:00:00,0.0,-4.087741447242355,2.5291606816370376,
2036-06-29 00:00:00,0.0,-4.0140159118059175,2.508185326160947,
2036-07-06 00:00:00,0.0,-3.9769436734755734,3.0053388020605487,
2036-07-13 00:00:00,0.0,-3.601919777516885,3.109841884939224,
2036-07-20 00:00:00,0.0,-3.161229164607832,3.248604763228168,
2036-07-27 00:00:00,0.0,-3.216593696930498,3.1301827749403217,
2036-08-03 00:00:00,0.0,-3.3848233044864324,3.4210629723615433,
2036-08-10 00:00:00,0.0,-3.5152400109048294,3.4636410212593765,
2036-08-17 00:00:00,0.0,-3.3296092198485656,3.2940249567465383,
2036-08-24 00:00:00,0.0,-3.5765106666401003,3.2815470472693793,
2036-08-31 00:00:00,0.0,-4.035841270325479,2.6300196884357505,
2036-09-07 00:00:00,0.0,-3.829265379373645,2.8140755230378858,
2036-09-14 00:00:00,0.0,-3.692238548607043,3.073990581170488,
2036-09-21 00:00:00,0.0,-3.294585340429105,3.414456113041154,
2036-09-28 00:00:00,0.40964713591041146,-2.8825422064547013,3.861866651999715,
2036-10-05 00:00:00,0.6032863063514502,-2.536876954296977,4.093693151611725,
2036-10-12 00:00:00,0.38163613659369977,-2.8900021511936727,3.688996960755258,
2036-10-19 00:00:00,0.0,-3.363841936842281,3.3210008173844408,
2036-10-26 00:00:00,0.0,-3.713722449810481,2.882611557045602,
2036-11-02 00:00:00,0.0,-3.903268945066867,2.745960437975625,
2036-11-09 00:00:00,0.0,-3.4690929961400085,3.477432457050429,
2036-11-16 00:00:00,0.10745165974781079,-3.2557861848896534,3.495033254665109,
2036-11-23 00:00:00,0.2285913870876608,-3.0865084464387866,3.5498430507936707,
2036-11-30 00:00:00,0.15537990132114454,-3.2449755616362896,3.466978676272256,
2036-12-07 00:00:00,0.0,-3.3282940327820993,3.238547262094752,
2036-12-14 00:00:00,0.0,-3.540562333723792,3.0422726355031884,
2036-12-21 00:00:00,0.0,-3.749302993650363,2.9887435940212606,
2036-12-28 00:00:00,0.0,-3.7377760208604816,2.7589243384587454,
2037-01-04 00:00:00,0.0,-3.894376034377122,2.8276177342212514,
2037-01-11 00:00:00,0.0,-3.3491744748092165,3.2793274661285094,
MAE,1.8625586840590058,,,
RMSE,2.4935096770669523,,,
