ds,yhat,yhat_lower,yhat_upper,actual
2001-01-07 00:00:00,13.822037074498127,7.507280270131972,20.873448691414588,17.54171534820835
2001-01-14 00:00:00,13.699318559325967,6.65415902526299,20.21457189455596,18.87342624991552
2001-01-21 00:00:00,13.675337039858732,6.509509690739053,20.763110177823435,19.48797073014672
2001-01-28 00:00:00,13.610685511816998,6.827118299387512,20.605141406544647,19.029448671729416
2001-02-04 00:00:00,13.386709901069135,6.23619563132272,20.295945068664704,27.03502895099177
2001-02-11 00:00:00,13.090056854230188,6.081763319340165,20.566451569642204,23.21707435719969
2001-02-18 00:00:00,12.915656383050809,5.666389902495358,19.740207308163953,19.204605971517136
2001-02-25 00:00:00,12.928747878782017,6.493176802191979,20.175040816513167,15.4668597202914
2001-03-04 00:00:00,12.990463211813234,6.284066943603402,20.28884224288953,16.664035581923937
2001-03-11 00:00:00,12.92745907993136,5.4591016130869985,19.8540156151016,12.462960425720077
2001-03-18 00:00:00,12.724161718995425,5.7849375861424095,19.600724235642154,10.254667387101511
2001-03-25 00:00:00,12.514081088044474,5.52153382464404,20.14541837157016,10.573376605254468
2001-04-01 00:00:00,12.41587050834822,5.343963173952621,19.365185850595804,4.386536861037016
2001-04-08 00:00:00,12.436777528622146,4.971780225407184,19.779647130252947,5.976063922805405
2001-04-15 00:00:00,12.539131558928924,5.598366693746526,19.859802069053682,7.1460845360835386
2001-04-22 00:00:00,12.732018470518376,5.233506228713285,19.68470720284293,7.468834680074038
2001-04-29 00:00:00,13.031217927443082,5.992620882415006,19.844658184725507,14.54166420040164
2001-05-06 00:00:00,13.340974468554395,6.827224904184323,20.148022710501582,11.947779661979808
2001-05-13 00:00:00,13.452528464750639,6.044052948163849,21.052089763671614,9.749956593596064
2001-05-20 00:00:00,13.221288632130198,5.96659195128368,20.015683467278564,8.720135544022485
2001-05-27 00:00:00,12.741463005708548,6.067939554923138,19.567295130614728,6.364799197985671
2001-06-03 00:00:00,12.303204497681843,6.264300712279785,19.383542668403585,7.195109372027969
2001-06-10 00:00:00,12.150430728964004,3.92751018107992,19.0134907147593,7.988997745837143
2001-06-17 00:00:00,12.278905942367718,5.278702594103412,19.347898862383836,8.424117684149214
2001-06-24 00:00:00,12.464545346666684,5.5314020058588875,19.252075754835687,8.25542249372964
2001-07-01 00:00:00,12.467671279275303,6.086440723899163,19.47317693472889,8.099368945182137
2001-07-08 00:00:00,12.211889508371362,4.998486373364673,18.74176684103497,8.571219315810483
2001-07-15 00:00:00,11.81861705712437,4.53983355439758,19.218443291789157,10.042517245277738
2001-07-22 00:00:00,11.531706357110922,4.1668936686459945,18.15437979931779,9.009284937910984
2001-07-29 00:00:00,11.598833330123114,4.771795434357808,18.364256603670736,11.299806305261113
2001-08-05 00:00:00,12.123231244128336,5.534172243228569,19.946570660761104,12.557438260796586
2001-08-12 00:00:00,12.92602796189334,6.0716535209195035,19.43191663240565,12.093006496031316
2001-08-19 00:00:00,13.561621237934808,6.708668308544178,20.636196810435344,33.99942590251341
2001-08-26 00:00:00,13.596234816229103,6.610115933635735,20.91177201872987,21.430036606210624
2001-09-02 00:00:00,13.000132090578814,5.886325403763852,19.830510670359722,10.437721597149409
2001-09-09 00:00:00,12.273871761452003,5.462224295504629,19.225406352274344,4.069872894126562
2001-09-16 00:00:00,12.080366687194262,4.878939404653759,19.465175963813333,1.1053533199553969
2001-09-23 00:00:00,12.644446309114063,5.5091751414237455,19.353829505211976,2.337518161168792
2001-09-30 00:00:00,13.501382980947149,6.262587262113105,20.699996155811352,4.495407029418185
2001-10-07 00:00:00,13.89878545362213,7.415410526192796,21.051845104145222,7.048233489457624
2001-10-14 00:00:00,13.49719579312559,6.7324436798611025,20.41355479761929,4.495599735465375
2001-10-21 00:00:00,12.674868303222146,5.766593910990807,19.844907624587066,5.938232419943218
2001-10-28 00:00:00,12.131739848640862,4.894155037097374,19.01193707725675,7.023577944998199
2001-11-04 00:00:00,12.215166100412757,5.436980132156436,18.985615602714795,7.520109899593205
2001-11-11 00:00:00,12.664050805863218,6.340681858104742,19.683829140425253,17.149310885559995
2001-11-18 00:00:00,12.989915144431759,6.454552157727234,20.878917334851607,15.700307757655114
2001-11-25 00:00:00,13.025854188698567,5.895324062680068,19.885242429452855,14.123530572140204
2001-12-02 00:00:00,13.04095787648583,6.244545819081375,20.316767538779104,12.972899784644683
2001-12-09 00:00:00,13.352213314124663,6.259655520808424,19.939489350269152,12.589059443715032
2001-12-16 00:00:00,13.926406639885162,6.498524423992034,20.69846144288682,12.274432547349711
2001-12-23 00:00:00,14.42166450697492,6.937710964896462,21.7937322633565,12.240108483399723
2001-12-30 00:00:00,14.573592240386787,7.546655363433763,21.641000038249917,12.411154525535537
2002-01-06 00:00:00,14.451038976061671,7.516892386649246,21.33848247405607,10.5575848846519
2002-01-13 00:00:00,14.310998702007304,7.552803931100176,21.520688525954416,11.012984450372045
2002-01-20 00:00:00,14.275594918890835,7.145373427714421,21.491399431608308,11.3972367367303
2002-01-27 00:00:00,14.231244347553588,7.33265168937662,21.153992706505917,11.595473928245752
2002-02-03 00:00:00,14.035695538347813,6.720038898742701,21.038616363332935,12.965440488319228
2002-02-10 00:00:00,13.737657864846591,6.863796882479011,21.087729868523247,12.762619691677012
2002-02-17 00:00:00,13.530326255959668,7.025695967293967,20.62623811468417,12.285359489730103
2002-02-24 00:00:00,13.515406154047767,6.453060602161584,20.245935747323628,11.50133533027366
2002-03-03 00:00:00,13.583384342486497,6.728927012856844,20.246444524726655,12.253518972839196
2002-03-10 00:00:00,13.549637742711742,6.707453173520572,20.700570286562666,10.734284201333908
2002-03-17 00:00:00,13.364075938240111,6.273851089611706,19.7582259392238,10.208534945968974
2002-03-24 00:00:00,13.143848796913073,6.233959237311907,20.255467889346278,11.36694187985792
2002-03-31 00:00:00,13.022004289413122,6.0406663500939315,20.11781093908488,6.967998612432696
2002-04-07 00:00:00,13.024754501936014,6.3645949371175705,20.522623906726803,9.106148573205578
2002-04-14 00:00:00,13.113644413409858,6.271029141491637,19.97984912028663,11.100061662743355
2002-04-21 00:00:00,13.287794973415796,6.932285790508511,19.954066910462927,12.437595151618368
2002-04-28 00:00:00,13.570647195643803,6.709454344868683,20.621482943582095,20.450982605101444
2002-05-05 00:00:00,13.89211488891692,7.116159386883745,21.53245671208758,20.49499194060024
2002-05-12 00:00:00,14.05455394803908,7.215166892342734,21.275356043664384,19.78938163336967
2002-05-19 00:00:00,13.88551081360267,6.266714804249739,20.491922815985596,18.48825282092864
2002-05-26 00:00:00,13.431906160166116,6.617038199941731,20.41911579775577,24.49077036701089
2002-06-02 00:00:00,12.963368556313792,5.984742794622631,19.919063955441356,20.931971303537328
2002-06-09 00:00:00,12.751655104207247,5.6148465931084095,19.76307940792051,17.8386413102707
2002-06-16 00:00:00,12.842185194832323,5.649834477977287,19.695724668122022,15.962226019181072
2002-06-23 00:00:00,13.037770682487237,6.51560786878051,20.5251986191414,11.670386454359596
2002-06-30 00:00:00,13.085127961363131,6.289933204922707,20.516586822776553,12.054334802558431
2002-07-07 00:00:00,12.8717788723959,5.671603066851829,19.974952124993926,12.672067454538547
2002-07-14 00:00:00,12.487298347009856,5.92616217141471,19.499009461711466,13.117966288543432
2002-07-21 00:00:00,12.16157202085811,5.283938029120007,19.210233445608257,12.452346240426918
2002-07-28 00:00:00,12.151609129199732,4.849757310380209,19.685045862579088,12.533645681970263
2002-08-04 00:00:00,12.598182228366733,5.463816542953481,20.221973207961454,12.423213677569816
2002-08-11 00:00:00,13.378399817403784,6.354348238657472,20.578670265899255,12.105549400033004
2002-08-18 00:00:00,14.081393303952936,7.068184152715942,20.971959630094126,13.637201718883167
2002-08-25 00:00:00,14.241409626001193,7.210171406862612,21.445556610703882,12.791244835567795
2002-09-01 00:00:00,13.734469476512885,5.979512338855892,20.874871628934486,11.921770596600268
2002-09-08 00:00:00,12.979492507897543,6.013566893796125,19.698129509639802,11.16453784894877
2002-09-15 00:00:00,12.654908370203046,5.967506272278413,19.839843178210618,10.012829837913394
2002-09-22 00:00:00,13.099586822938281,5.824182637368361,19.919530004361505,9.54148999068789
2002-09-29 00:00:00,13.960469329111564,7.3850215691371055,20.925266947542603,9.600523870193712
2002-10-06 00:00:00,14.484691189479463,7.710433151417561,21.343459369849057,10.456960301205005
2002-10-13 00:00:00,14.217217346770672,7.350452347851162,20.89138717701788,8.014490597904285
2002-10-20 00:00:00,13.418684066900884,6.2728295583572535,20.101462662586997,9.58225488420728
2002-10-27 00:00:00,12.782783672286444,5.806707880890389,20.12705293714529,10.826452913158382
2002-11-03 00:00:00,12.757882604977922,6.004452128991515,20.221865348076143,11.188605604730055
2002-11-10 00:00:00,13.178965143324216,5.987370008083027,20.27059837165912,16.787172217427102
2002-11-17 00:00:00,13.553374767417,6.784647237999828,20.95846613545266,14.689000862424832
2002-11-24 00:00:00,13.630800863959877,6.195344551312399,20.592869084407795,13.332962769760126
2002-12-01 00:00:00,13.620894393215286,6.625240112401674,20.671635331658976,14.167617150387937
2002-12-08 00:00:00,13.869126770829961,6.8013205287251,20.823290729978055,9.850210988468849
2002-12-15 00:00:00,14.4167742943984,7.358727789715244,21.473904922602376,12.759494021144231
2002-12-22 00:00:00,14.953167210948893,8.114842313263,22.112770384040637,15.26156821255928
2002-12-29 00:00:00,15.171309353573518,8.137236900518817,22.03164027352829,16.190750777827642
2003-01-05 00:00:00,15.079928336225532,7.846762705994157,22.146329092065223,30.29948847475521
2003-01-12 00:00:00,14.926753091547631,8.013540479832937,22.033276036305217,26.004060980097
2003-01-19 00:00:00,14.87564363163807,7.391395625064494,21.62335800546704,20.800544598780952
2003-01-26 00:00:00,14.846374541471931,7.813874406411556,21.745212087187724,16.27576494636683
2003-02-02 00:00:00,14.680960893133097,7.661403179160201,21.657429274490504,18.59984974377579
2003-02-09 00:00:00,14.388438302267058,6.829863368855366,21.349269375661866,14.03111885026696
2003-02-16 00:00:00,14.151784776556578,7.491733073874936,21.504551153501616,11.122698653259924
2003-02-23 00:00:00,14.104930329278075,6.507641774701377,21.367447654234645,10.30835675269733
2003-03-02 00:00:00,14.172637613693345,7.338916643035537,21.33627916425784,4.114394484804897
2003-03-09 00:00:00,14.166466899152553,7.252736110374894,21.251826851314956,5.295299295577805
2003-03-16 00:00:00,14.002859381816394,7.067374557558444,21.266494531665742,6.811986867720568
2003-03-23 00:00:00,13.777102004334736,6.766364219464718,21.111530967451003,8.351966351896731
2003-03-30 00:00:00,13.632302696211784,6.6590912325243385,20.856095335931933,10.408765922418002
2003-04-06 00:00:00,13.615328485299738,6.581169607109709,20.529318340270372,12.0302938190192
2003-04-13 00:00:00,13.690764730877493,7.017324798174979,20.809748963147833,13.190803839697358
2003-04-20 00:00:00,13.847312622492579,6.428138285036602,20.396523219688895,13.517430418865445
2003-04-27 00:00:00,14.111717059446526,7.3834568619531815,21.37701891037733,21.30254442772724
2003-05-04 00:00:00,14.438139680504882,7.211159405842979,21.822549493994813,19.146103182856432
2003-05-11 00:00:00,14.64536581347913,7.875594025726528,21.608786838035932,17.058716053498173
2003-05-18 00:00:00,14.539992312820843,7.409658903901059,21.343775470879805,16.213578335918147
2003-05-25 00:00:00,14.12186476352883,6.903813568379175,21.46191532467906,13.012580639690125
2003-06-01 00:00:00,13.632392548099624,6.65143377822607,20.654537938120498,14.301241819544318
2003-06-08 00:00:00,13.36322248102216,6.454166102048867,20.694848947643305,15.595256678728372
2003-06-15 00:00:00,13.408957859819312,6.6277727608530865,20.301630835617843,16.06767386203719
2003-06-22 00:00:00,13.605849282466256,6.562791178962439,20.984806829484555,19.55030881007713
2003-06-29 00:00:00,13.693706220207885,7.061405890346285,21.038876087705194,18.06030237682043
2003-07-06 00:00:00,13.525837658534257,6.512618418293906,20.268378402758394,16.289980739302457
2003-07-13 00:00:00,13.157773354215182,6.904653113427077,19.882153541605412,14.905620073799977
2003-07-20 00:00:00,12.801796055133725,6.1289065458558145,19.8295864106283,13.925128509439505
2003-07-27 00:00:00,12.719660288416268,5.935550294090812,19.33816574003567,13.361564005916064
2003-08-03 00:00:00,13.084615306651472,5.864241438078435,20.196911929684987,13.229004690245452
2003-08-10 00:00:00,13.828525085737597,7.219171551650383,20.827861519461074,13.546326794398974
2003-08-17 00:00:00,14.582902261295992,7.946188151525268,21.850299072809,10.86172209793136
2003-08-24 00:00:00,14.863724576000081,8.031326283901851,22.428656522209494,11.77569807411796
2003-08-31 00:00:00,14.46009455002435,6.993015175630678,21.512119947369744,12.797055843129076
2003-09-07 00:00:00,13.699804552703277,7.017947673091515,20.45151621100863,13.712817984821603
2003-09-14 00:00:00,13.256022053082848,6.204007137150112,19.91221909916689,15.156725397347502
2003-09-21 00:00:00,13.569196348920443,6.427469121605568,20.638775695501657,15.87009261579424
2003-09-28 00:00:00,14.407941355065184,7.182121458765479,20.698669588135857,16.35510115376122
2003-10-05 00:00:00,15.043222654995288,7.8996579435703715,22.34296699947157,16.50956383309704
2003-10-12 00:00:00,14.919028314659768,8.170421260325304,21.877029125354923,19.448256360036893
2003-10-19 00:00:00,14.168447225409796,6.735657477537592,21.14078736419775,18.83988989950908
2003-10-26 00:00:00,13.45515987258134,6.625672770316825,20.588071229779036,17.958280480057766
2003-11-02 00:00:00,13.315777760350603,6.3850766726131525,20.57002721873833,16.924305260396263
2003-11-09 00:00:00,13.691616019758886,6.968076969806965,21.015934927387605,17.799908933562833
2003-11-16 00:00:00,14.105953437681585,7.413470738187125,21.306224368708634,16.312545859810644
2003-11-23 00:00:00,14.232567619042216,7.69545731300905,21.54032444143084,15.020366616612966
2003-11-30 00:00:00,14.210011646201725,6.884208192831171,21.447655148812714,14.281812590013557
2003-12-07 00:00:00,14.396659929228473,8.027491155807637,21.302168335474185,11.498283927466725
2003-12-14 00:00:00,14.906748474672884,7.628730314604713,21.985495267155187,11.818138032749582
2003-12-21 00:00:00,15.47354000809826,8.526362097303405,22.994130194211664,12.40536348719391
2003-12-28 00:00:00,15.758436641983131,8.345167318960256,22.440821802393597,13.058702552589784
2004-01-04 00:00:00,15.707132604784379,8.513264308151827,22.506296265274912,12.980493056600515
2004-01-11 00:00:00,15.54652616185627,8.654389919286922,22.73257531279706,13.683743013719363
2004-01-18 00:00:00,15.47661543061559,8.863172977619849,22.88083683667312,13.906516265086983
2004-01-25 00:00:00,15.45662486334069,8.528912719789805,22.710401001823243,13.087784664593135
2004-02-01 00:00:00,15.321622417194801,7.997980964164327,21.82788579111843,18.9525278555385
2004-02-08 00:00:00,15.041149982768054,8.251937949591031,21.983231104012596,14.04296754846162
2004-02-15 00:00:00,14.779938269607149,7.681118399915273,21.521765379920666,10.185284093447398
2004-02-22 00:00:00,14.698443181959442,7.721538683100137,22.1096408965006,10.477757502552487
2004-02-29 00:00:00,14.75919469683237,7.797485667153913,21.802013421281337,4.807024074688713
2004-03-07 00:00:00,14.777721119506502,7.96793014669989,21.683638436472954,7.603527697089344
2004-03-14 00:00:00,14.639528258616256,7.809502075571846,22.116996173518487,10.335757847582864
2004-03-21 00:00:00,14.41324775420902,7.560335098894452,21.610478485633312,11.400031380639074
2004-03-28 00:00:00,14.246920767979876,7.399985052061351,21.101539489087834,31.043101615482115
2004-04-04 00:00:00,14.20873613035991,6.91504279172149,21.130789201809627,24.066929253007373
2004-04-11 00:00:00,14.270307606077536,6.69357098037598,22.056984325508004,16.074367156437578
2004-04-18 00:00:00,14.410465740135795,7.618363813678978,21.330277040133847,11.74243097507293
2004-04-25 00:00:00,14.655183855099112,7.606314772691743,21.660723204537334,6.370913748081854
2004-05-02 00:00:00,14.980422849801698,8.482707845914462,22.157376918689835,8.315256741198182
2004-05-09 00:00:00,15.225637848599902,8.101579637739873,22.1639904009914,11.124833732470291
2004-05-16 00:00:00,15.183768670258647,8.550178319059626,22.378165630397703,13.213385778249668
2004-05-23 00:00:00,14.809385309834084,7.816922632248956,21.71040891245179,15.74289107992501
2004-05-30 00:00:00,14.309014827499531,7.3715738878294275,21.561220614398607,16.242486883698252
2004-06-06 00:00:00,13.985574801789829,7.410105663248693,20.661766204856512,16.04537765480353
2004-06-13 00:00:00,13.980801583080591,6.812351589323823,21.03894645140721,15.383878381573206
2004-06-20 00:00:00,14.170093885617849,7.263176247896585,21.20825898312278,19.698275702468965
2004-06-27 00:00:00,14.293545986044549,6.986228351991036,21.41064455533168,17.567203920416194
2004-07-04 00:00:00,14.173079634738333,6.605672185053109,21.7215680570481,15.723457618247458
2004-07-11 00:00:00,13.828484628311909,6.648834396967607,20.68641558557389,15.303745758867374
2004-07-18 00:00:00,13.450953809324412,5.946622040795424,20.46470798312197,10.972043109970446
2004-07-25 00:00:00,13.302600443282012,6.766727364968103,20.652150875031666,12.677982319919057
2004-08-01 00:00:00,13.583982033708132,6.529726891561142,20.795791298056606,14.54053786684098
2004-08-08 00:00:00,14.279351484896015,7.356358219839622,21.532538003175816,15.46797370326952
2004-08-15 00:00:00,15.068547107668714,7.908597898244807,22.458872484098396,20.18163882522401
2004-08-22 00:00:00,15.462621595854161,8.652807183946335,22.40616845761995,18.775099259196047
2004-08-29 00:00:00,15.173270382551342,8.062403284096916,22.616838914401235,17.204456407763413
2004-09-05 00:00:00,14.4308298314759,7.507086155664441,21.111008183300225,17.00953750781652
2004-09-12 00:00:00,13.883220661936987,7.104133646603587,20.7844884037412,13.763020384273831
2004-09-19 00:00:00,14.057019894010061,6.701357484946453,20.731763859222184,15.833646714480931
2004-09-26 00:00:00,14.84838634464333,8.47751265461557,21.731476252973945,18.20880171008516
2004-10-03 00:00:00,15.57545175767373,8.954248436847635,22.607894461704543,19.778407191160085
2004-10-10 00:00:00,15.599258497691052,8.893396671483814,22.493526171582996,25.58487930225573
2004-10-17 00:00:00,14.919768098538162,8.070918828761366,21.671658232568305,25.32750541626556
2004-10-24 00:00:00,14.147595550655229,6.796246846977857,21.340679976301836,23.99574272072729
2004-10-31 00:00:00,13.891294464501854,6.814492006652558,20.64176735656487,21.64026756075144
2004-11-07 00:00:00,14.204953074029875,7.374691652934279,20.738200381333,31.715898450699
2004-11-14 00:00:00,14.64788187137713,7.689383432168054,21.574807929418082,24.111222955801527
2004-11-21 00:00:00,14.828877955432947,8.149693799380941,22.383386734877952,16.18844406004749
2004-11-28 00:00:00,14.806522181273186,7.757981607258186,21.89153229792683,10.05057053345198
2004-12-05 00:00:00,14.935625898640241,7.985951048112401,21.791555618993684,6.768446492777617
2004-12-12 00:00:00,15.398681704499797,8.279166436485255,22.404995368627137,4.206313991781188
2004-12-19 00:00:00,15.983986852339829,9.022861572530484,23.148458351428047,4.521172734608858
2004-12-26 00:00:00,16.333940373178706,9.311447896159958,23.530669991438337,8.641165780832338
2005-01-02 00:00:00,16.33091170222125,9.172826684681766,23.316158691813435,3.16883039668699
2005-01-09 00:00:00,16.169898785643163,9.061629999664877,22.874341368158944,5.417156523138951
2005-01-16 00:00:00,16.07950139998265,9.192663092133124,22.971673810595206,7.503978380812068
2005-01-23 00:00:00,16.062717700774357,9.105835258416235,23.053865053512844,8.04713369936199
2005-01-30 00:00:00,15.956973694238943,8.800170091342213,23.35553999157343,41.4977534175979
2005-02-06 00:00:00,15.69443224938141,8.567463286006948,22.94932915049626,24.93232084685877
2005-02-13 00:00:00,15.414377402906023,8.646444071767585,22.275179772252823,5.9812217355433255
2005-02-20 00:00:00,15.296878485227767,8.387720261605637,22.02086255901512,0.0
2005-02-27 00:00:00,15.344115837143319,7.944622213235648,22.95346754068615,0.0
2005-03-06 00:00:00,15.383349810371948,8.113871679765829,22.64487159376654,0.6566779289929537
2005-03-13 00:00:00,15.273098005825457,8.426137384676693,22.253272301753377,1.7417716000762713
2005-03-20 00:00:00,15.051509306300883,8.035301711055078,21.856373379137104,2.428970470930775
2005-03-27 00:00:00,14.865858891066509,7.970319943852546,21.9370813520674,17.265040779097934
2005-04-03 00:00:00,14.805207885534244,7.662654240859423,21.505347978889205,15.744166172043476
2005-04-10 00:00:00,14.84762544847129,7.710873334132973,21.75126306923895,12.982301924667285
2005-04-17 00:00:00,14.968058304778182,7.99545468422913,21.676118181999364,11.937528124191306
2005-04-24 00:00:00,15.188141341603174,8.46301793722072,21.843547888736694,9.962295887401366
2005-05-01 00:00:00,15.502344169326776,8.189686116977256,22.100596863593793,12.23779653206169
2005-05-08 00:00:00,15.77383079676839,8.80365829575897,23.12743653093655,14.909735960535842
2005-05-15 00:00:00,15.78925121433114,8.539313864419794,22.973417809252155,15.991788620001095
2005-05-22 00:00:00,15.46117980082321,8.53220797811072,22.306672247667215,26.408427340904986
2005-05-29 00:00:00,14.955860674912525,8.153636768441762,22.185935400117543,22.111635137029324
2005-06-05 00:00:00,14.578494677587122,6.976559659010051,21.614242702373765,16.411362202774885
2005-06-12 00:00:00,14.514358516088844,7.724673478287321,21.137947662259844,12.3072913192908
2005-06-19 00:00:00,14.6826504453202,7.328257510798341,21.913747222071777,8.170865054198108
2005-06-26 00:00:00,14.831231639575897,7.863891825603838,21.55301662163115,7.941530388200232
2005-07-03 00:00:00,14.754421942764033,7.342805430460135,22.028897911826753,9.45057704451767
2005-07-10 00:00:00,14.435187309975058,6.835405545152406,21.408097800724917,13.056385513083988
2005-07-17 00:00:00,14.040317403018765,6.201149714416361,20.597166384839255,9.201783920907216
2005-07-24 00:00:00,13.828093835650925,7.531253486572699,20.551024771627144,13.048372696306208
2005-07-31 00:00:00,14.021219648457164,6.968202419169224,20.934784335793402,16.896975485257304
2005-08-07 00:00:00,14.653030640627808,7.586462696217199,21.591410837226313,18.781904897529262
2005-08-14 00:00:00,15.455917261750274,8.08415205050943,22.574633826768483,43.14789100963354
2005-08-21 00:00:00,15.94860195000036,8.942162960259392,22.653331216356783,37.374072565947216
2005-08-28 00:00:00,15.776641391091953,8.550467261621693,23.4843427770614,29.15921170767027
2005-09-04 00:00:00,15.069808827147419,8.463268631243315,22.184794673896256,23.658507716749
2005-09-11 00:00:00,14.432219942417353,7.306044660515836,21.547541902768476,18.166812514726864
2005-09-18 00:00:00,14.458731327042504,7.423451908428561,21.405788330866294,19.106456254197443
2005-09-25 00:00:00,15.174661146559007,8.743955041221774,22.321546382251,21.42174833839981
2005-10-02 00:00:00,15.966878772536198,8.609718935681885,22.78059312172524,22.26121889267588
2005-10-09 00:00:00,16.134298098455737,8.761855250908587,23.102560603278988,25.830480181582697
2005-10-16 00:00:00,15.542737321201525,8.732779025168227,22.304735875682937,22.44367906508628
2005-10-23 00:00:00,14.728258427238453,7.996864889988039,21.804810000758458,17.969576023459794
2005-10-30 00:00:00,14.35207817159537,7.481450585244042,21.58098599919042,14.71250072987123
2005-11-06 00:00:00,14.583365038809971,7.464577342184933,21.15742121803595,11.252542596181817
2005-11-13 00:00:00,15.036736308170441,7.827121214194328,22.083644998046566,11.0336168869955
2005-11-20 00:00:00,15.27000586508041,8.029490867798351,22.33249580272787,11.908179524526222
2005-11-27 00:00:00,15.256130822473246,8.403606536033022,22.552108910489842,13.42697599229647
2005-12-04 00:00:00,15.329694650764278,8.034216834401793,22.62663484900967,10.512418936574514
2005-12-11 00:00:00,15.733708131617208,7.8894433175590635,22.834465195400682,12.33250358536797
2005-12-18 00:00:00,16.320465135126057,9.741024387091016,23.298132839177875,14.197988347260228
2005-12-25 00:00:00,16.71717051135234,10.005672555942988,23.797897640763757,15.340536130797288
2006-01-01 00:00:00,16.755158610650717,9.55585722058719,23.94072259554133,21.993679748348136
2006-01-08 00:00:00,16.587466288915355,9.58717067824915,23.633405783107627,21.28208899675016
2006-01-15 00:00:00,16.462113974712082,9.682965669095077,23.508570367651693,19.713376632693453
2006-01-22 00:00:00,16.42817834988655,9.516140249943964,23.77556383162971,17.96709062220826
2006-01-29 00:00:00,16.334831681044932,9.237351407633847,23.67819172920187,19.395678321838066
2006-02-05 00:00:00,16.08083493677779,8.767062406903019,23.5870941506174,17.09633846032592
2006-02-12 00:00:00,15.774003602371678,8.958855180676919,22.804843205770595,15.216012057022926
2006-02-19 00:00:00,15.60619738913697,8.38895888112404,22.594618893349004,14.961812160813102
2006-02-26 00:00:00,15.619413574896054,8.407249128467088,22.52891228046134,9.768543824871866
2006-03-05 00:00:00,15.660039389764467,8.5027157116381,22.51859174142311,11.7445142838101
2006-03-12 00:00:00,15.56482698872459,9.243384691360694,22.420947189832507,14.345973021000496
2006-03-19 00:00:00,15.33879577117177,8.207129937404336,22.567816256382315,16.524415870317537
2006-03-26 00:00:00,15.122439255745242,7.929313678183028,22.560906254397523,21.24543424496176
2006-04-02 00:00:00,15.024089202216153,8.362234026081785,22.53405920952626,22.44656784141459
2006-04-09 00:00:00,15.040799044026619,7.646795702808241,22.754438942078046,23.1256345004062
2006-04-16 00:00:00,15.1370485718119,7.957307272444635,21.900292614754143,23.662862413217454
2006-04-23 00:00:00,15.327269846074497,8.275099004700522,22.697416877143972,27.42410380019053
2006-04-30 00:00:00,15.620529344256227,8.901659161648652,22.849458513471877,27.842876851877687
2006-05-07 00:00:00,15.905468930235255,8.664628448317277,22.749617131452673,27.81473458866112
2006-05-14 00:00:00,15.969590334756028,9.226615925293265,22.83737302500405,26.447309759270667
2006-05-21 00:00:00,15.688068087012423,8.559549393316251,22.166865752074173,34.53364402625919
2006-05-28 00:00:00,15.182905869798297,8.835753298937629,22.249164041040572,28.20624973007101
2006-06-04 00:00:00,14.75254913563366,7.173543438044028,21.580311565109508,20.997433187266296
2006-06-11 00:00:00,14.620777248121625,7.9003149583729435,21.341801183374372,16.267435056403503
2006-06-18 00:00:00,14.753986064100904,8.007908541518262,22.07271888637283,9.669585573684424
2006-06-25 00:00:00,14.915348173666215,8.291771324202921,22.32729247248494,10.54290243520556
2006-07-02 00:00:00,14.876295220291105,7.804990585957687,21.56728758699784,12.7779946904019
2006-07-09 00:00:00,14.582597506727648,7.7861930803791495,21.174797837966437,14.630832300708118
2006-07-16 00:00:00,14.173545181944382,7.335921565926462,21.159836903449243,15.05974579776838
2006-07-23 00:00:00,13.899566763050085,6.940677003766792,20.669403476204703,15.540493962533567
2006-07-30 00:00:00,14.000451465460149,7.541554567748689,21.256324371323245,15.502648966908536
2006-08-06 00:00:00,14.554577475321931,7.594505464147081,21.502126222122072,15.290263272789517
2006-08-13 00:00:00,15.34944206004708,8.2906617429405,22.307599379308947,17.239882805916665
2006-08-20 00:00:00,15.92295354292044,8.993537245494036,22.863469943799487,16.730126076251835
2006-08-27 00:00:00,15.867092196745155,9.069174406873755,22.64588625354773,16.19623089318633
2006-09-03 00:00:00,15.201453259282303,8.399199396538151,22.210977855324398,15.949462224645163
2006-09-10 00:00:00,14.479451006377367,7.020589393940433,21.574138405999697,14.822740765486914
2006-09-17 00:00:00,14.344638919413722,7.463678268317812,21.214908152039825,15.227746106404206
2006-09-24 00:00:00,14.948877006974461,8.40713463998118,21.912282170816308,15.720282301774024
2006-10-01 00:00:00,15.766856247145842,8.6602785588596,22.84613924834074,15.622382826334851
2006-10-08 00:00:00,16.05822357673521,9.393980497701124,22.92478972810648,18.10729360923364
2006-10-15 00:00:00,15.558248266817714,8.542139836326538,22.371426472314695,16.238474943810797
2006-10-22 00:00:00,14.70931598619617,8.052534731773381,21.49477497866977,14.016127068724018
2006-10-29 00:00:00,14.203732562076144,7.225249081449588,21.008935115600053,13.031256378231548
2006-11-05 00:00:00,14.323753218160116,7.448362495101712,21.85899468360286,9.07564094292934
2006-11-12 00:00:00,14.756966925682725,8.18904154126894,21.940469226672285,10.475313230280175
2006-11-19 00:00:00,15.026763579392817,8.630167544072965,21.912105512221164,12.681332706646074
2006-11-26 00:00:00,15.018359802866819,7.5562469662494385,21.782949358422908,14.993215120144404
2006-12-03 00:00:00,15.029955508786099,7.494135934637762,22.193480984497334,17.304843371817924
2006-12-10 00:00:00,15.354576391291486,9.144308313665267,22.280225854612823,19.557307923213124
2006-12-17 00:00:00,15.914904112685104,8.926032590008546,22.63327864309374,21.457390320120474
2006-12-24 00:00:00,16.35691686490749,9.129905699331609,23.98310281815008,21.963811384848483
2006-12-31 00:00:00,16.44623185761923,9.463843466546447,23.289513831483646,32.88819370737787
2007-01-07 00:00:00,16.285352652432984,9.1188169959626,23.50919412956135,28.627798100051123
2007-01-14 00:00:00,16.131270458009112,9.599625249288524,23.474813549844725,22.92955567679208
2007-01-21 00:00:00,16.07926365787042,9.264215398344732,22.696290180748136,19.450556515778924
2007-01-28 00:00:00,15.999273799861426,8.876061131673389,22.960899284219188,13.27047322773013
2007-02-04 00:00:00,15.762338641278733,9.020928315577205,22.028426873879276,15.013414260558411
2007-02-11 00:00:00,15.440257526883679,8.882221972632413,22.805957684267536,18.070332305386128
2007-02-18 00:00:00,15.228296778613458,7.446095724228442,21.906436050402586,19.761482206325333
2007-02-25 00:00:00,15.20668983595753,7.860516639325938,22.18457144742063,27.056454284175267
2007-03-04 00:00:00,15.247637894793932,8.19434094127087,22.126247219491916,24.008562786435288
2007-03-11 00:00:00,15.172424433714728,8.479191837543178,21.997184624145095,19.037719410616724
2007-03-18 00:00:00,14.951639099749242,7.669893333869258,21.592449307866815,14.903166518772723
2007-03-25 00:00:00,14.712942175120762,7.976126782509544,21.288393263143867,12.915449976940168
2007-04-01 00:00:00,14.581206511899127,7.864483247406602,21.793344530276997,11.612958146630255
2007-04-08 00:00:00,14.571002567076544,7.715384045533185,21.624482130676448,11.485276530274602
2007-04-15 00:00:00,14.643907419325807,7.635906896242947,21.841214440246247,11.211817346154971
2007-04-22 00:00:00,14.805139924612744,7.688318589503577,22.526841255302124,9.518438776905878
2007-04-29 00:00:00,15.074075076004643,8.100316081756944,22.055556571498368,8.454594741839019
2007-05-06 00:00:00,15.3653235530043,8.451708766693775,22.388342610842788,7.36751362788468
2007-05-13 00:00:00,15.47387253842579,8.71112867394741,22.853901023494068,7.717303853370421
2007-05-20 00:00:00,15.238810604172532,8.449354810960724,22.207914110975345,5.097676586951237
2007-05-27 00:00:00,14.739892086561523,7.607140284631782,22.252086649083488,7.124453157828825
2007-06-03 00:00:00,14.260038677724063,7.177849238955071,20.923993537167718,9.671818323386788
2007-06-10 00:00:00,14.055203210270335,6.7400221958526245,20.555412654236218,11.163902931833151
2007-06-17 00:00:00,14.140967650079835,7.543768569321245,21.257442344602325,22.62587650920153
2007-06-24 00:00:00,14.303177540887159,7.289572403943556,21.941305422780836,19.82135186871422
2007-07-01 00:00:00,14.295947987308509,7.851235171279533,21.164580454566718,15.001812386813423
2007-07-08 00:00:00,14.028286532733468,6.439516757730186,20.800642046960988,11.77427323527083
2007-07-15 00:00:00,13.609166106497307,7.0007854438806385,20.564350472556868,7.753115336135949
2007-07-22 00:00:00,13.2772977924776,6.256835012109463,20.495947013901493,9.001279616506391
2007-07-29 00:00:00,13.284654529164026,6.234786483731753,20.53528902004677,11.51713091422917
2007-08-05 00:00:00,13.750080176662102,6.19237478129993,20.595881020938,13.262463133128488
2007-08-12 00:00:00,14.51716076249897,7.250809903491941,21.399627298747404,17.056838290840528
2007-08-19 00:00:00,15.15316338994429,8.546588789363058,21.83095919807943,15.98868185972844
2007-08-26 00:00:00,15.209870408923388,8.26331091279276,22.972880565785847,13.861079465132097
2007-09-02 00:00:00,14.619125528391558,7.8243559283350175,22.00669082006964,13.086939384298937
2007-09-09 00:00:00,13.850166521072481,6.297710008705316,20.76848234020837,10.150633455416118
2007-09-16 00:00:00,13.57462927044061,6.462473221849337,20.17145990541721,12.441501965488586
2007-09-23 00:00:00,14.064241054010548,7.46309719210644,21.0095513591773,15.601548117798025
2007-09-30 00:00:00,14.897486958749543,7.796026248005937,21.876482469364284,17.184968461297274
2007-10-07 00:00:00,15.318842650934643,8.605315285936747,22.452050513758348,30.57898142409096
2007-10-14 00:00:00,14.941110226212922,8.316212208873914,22.014929252823357,25.15815155843267
2007-10-21 00:00:00,14.096952831029856,6.65375535081797,20.32634910087203,16.723925723643756
2007-10-28 00:00:00,13.486670913296315,6.464453894883798,20.20710707836593,10.606918293832605
2007-11-04 00:00:00,13.499310697215536,6.379396368879556,20.457719321172803,5.303111166202157
2007-11-11 00:00:00,13.91075220293866,6.4890867387999265,20.57265946708018,6.302151040378447
2007-11-18 00:00:00,14.228464430833142,6.715730585151775,20.59142176085019,9.210298756472143
2007-11-25 00:00:00,14.251512046313172,7.508292845799128,21.32664858499775,11.48865203694725
2007-12-02 00:00:00,14.226765099518119,6.860009513383214,21.270735819698785,14.529685761535044
2007-12-09 00:00:00,14.484390333845539,7.6353153377799075,21.63408536997793,13.965401580352127
2007-12-16 00:00:00,15.020948929607043,8.310584335523881,22.183533080684853,12.0646962411284
2007-12-23 00:00:00,15.505440674737823,8.6369797655008,22.46706618624102,10.203980416984423
2007-12-30 00:00:00,15.65523159423402,8.715830520489845,22.844732427995133,10.265766859244334
2008-01-06 00:00:00,15.515632538837696,8.708564327762756,21.93649840250216,9.16722296306985
2008-01-13 00:00:00,15.341329289699221,8.167735192779318,21.89229667849324,8.63811940739697
2008-01-20 00:00:00,15.271678262568514,7.464521553866336,22.4943922830305,8.847991770288845
2008-01-27 00:00:00,15.205607914521337,8.00924221203556,22.251199685245297,6.2966613161854434
2008-02-03 00:00:00,14.993569538256468,7.863694462363332,21.843466239403973,7.443719489176883
2008-02-10 00:00:00,14.668505512646476,7.379018223961957,21.724257485751455,8.902613455306707
2008-02-17 00:00:00,14.420525300285393,7.696604782462744,21.71308150376077,9.661218739330964
2008-02-24 00:00:00,14.364819431671105,7.383041757927924,20.725063561008078,15.529693310773784
2008-03-02 00:00:00,14.405069799936571,7.772437115097539,21.47910421641529,13.383168655255488
2008-03-09 00:00:00,14.354205601443075,7.065014767282929,21.37245580315502,9.932214665468036
2008-03-16 00:00:00,14.148539360386437,6.702945246846048,21.572817949830956,7.303799368502695
2008-03-23 00:00:00,13.897102391270236,7.029089269170673,21.106549428061484,4.4956716166761925
2008-03-30 00:00:00,13.73753558322278,6.890817773709655,21.02746861060763,4.813274952177749
2008-04-06 00:00:00,13.704164759596702,6.463198613499716,21.29856020108921,6.109832571435367
2008-04-13 00:00:00,13.759277494973354,6.570315739255546,20.79446280968024,7.655658859710693
2008-04-20 00:00:00,13.897824872946506,7.277996426574063,20.90143195620287,7.457976034445556
2008-04-27 00:00:00,14.145081946863968,7.684333948021691,21.69972127138005,8.707556001170207
2008-05-04 00:00:00,14.440893410003827,7.550386151368578,21.003024023744675,9.913816516033478
2008-05-11 00:00:00,14.593605860162754,7.549453974847692,21.25290785223236,10.839752448350756
2008-05-18 00:00:00,14.42152830911158,8.076953720772238,21.621623138216876,14.541440669554351
2008-05-25 00:00:00,13.952635362799054,6.863195035389559,21.178575049525264,14.792490850379606
2008-06-01 00:00:00,13.446139213133053,6.672276896926305,20.684618453500732,14.62366295414238
2008-06-08 00:00:00,13.182750746407363,6.037645329673589,20.149072485213615,14.301794525923658
2008-06-15 00:00:00,13.227708078398242,5.840838240346878,19.926264025095023,15.360342012512543
2008-06-22 00:00:00,13.396454818492462,6.471258946681593,20.970342327587964,14.8833218288944
2008-06-29 00:00:00,13.432108932868166,6.065907336511051,19.57345430666934,14.337854344643777
2008-07-06 00:00:00,13.208229651360478,5.853559683885859,20.39118459532486,13.677870813949282
2008-07-13 00:00:00,12.801012008541598,5.844167511507065,19.750922155509254,13.466358547498391
2008-07-20 00:00:00,12.433728811983244,4.988661891089452,19.78042989053547,12.500940588571057
2008-07-27 00:00:00,12.365826471005796,5.299194786579371,19.84065771311054,11.569868033756004
2008-08-03 00:00:00,12.751684722503345,5.717549254045151,19.486078073341602,11.75923883017454
2008-08-10 00:00:00,13.490529605533009,6.729474592165213,20.670028864248312,8.720705286905263
2008-08-17 00:00:00,14.18762159313439,6.794327997738493,20.957355544084685,10.838120122753862
2008-08-24 00:00:00,14.368266154232357,7.875462100409319,21.644861921095718,13.73632738086945
2008-08-31 00:00:00,13.872706236564476,6.835774181694223,21.138704364524415,16.001253209471425
2008-09-07 00:00:00,13.084374991885639,6.2082855105755135,19.6825257001071,23.75759830266055
2008-09-14 00:00:00,12.682061055701597,5.654986008095262,19.262079504831526,23.56818618369319
2008-09-21 00:00:00,13.04694115792019,6.483813172714992,20.222378169833938,21.932460258900413
2008-09-28 00:00:00,13.873652036210526,6.919194561785052,21.369459675802382,20.37158425474585
2008-10-05 00:00:00,14.415980353064164,7.594373638112839,21.55799298554404,20.04875253168333
2008-10-12 00:00:00,14.176543007503078,6.7304537876631105,21.612045738891055,19.890844304210585
2008-10-19 00:00:00,13.365911998031827,6.524946184201121,20.115410774114068,20.32214234946893
2008-10-26 00:00:00,12.668606532372532,5.572684614374765,19.490940458810837,20.40510681463716
2008-11-02 00:00:00,12.570032066812084,5.99420307516465,19.942984298055748,22.001922734510966
2008-11-09 00:00:00,12.946679575615468,5.629228877317576,19.8827514145536,20.42796869200956
2008-11-16 00:00:00,13.309835787087895,6.310818868529703,20.056319484840007,18.105516294429783
2008-11-23 00:00:00,13.377726947620571,6.041011299765881,20.540732541248182,15.649946279049692
2008-11-30 00:00:00,13.332819159247657,6.455725010903561,20.235656323397095,15.530528741784275
2008-12-07 00:00:00,13.527679246714765,6.389082854214945,20.522291165003004,12.98863858915482
2008-12-14 00:00:00,14.03313020445356,7.125047052513434,21.336898019284508,10.762904250554728
2008-12-21 00:00:00,14.554626613803066,7.740302961304949,21.9785390224508,10.014334418506175
2008-12-28 00:00:00,14.771111535677608,7.938178011678391,21.78638599861274,5.874494300093978
2009-01-04 00:00:00,14.666305077841665,7.838541483816345,22.11604990557882,7.571789112167948
2009-01-11 00:00:00,14.480975720549754,7.287696475291892,21.632064140663754,10.141891783978862
2009-01-18 00:00:00,14.394224583134404,8.08216445413438,21.04609696491883,12.263756803759213
2009-01-25 00:00:00,14.340967610794523,7.217461968771644,20.61648873609459,19.0988371440956
2009-02-01 00:00:00,14.159348138195359,7.132393180399115,20.97323571857901,19.09246686016052
2009-02-08 00:00:00,13.842473781633352,7.030404447446702,20.556466850599527,17.68114821750174
2009-02-15 00:00:00,13.566948966441261,5.906488625847797,20.578874708604175,15.831410778242152
2009-02-22 00:00:00,13.478072027236534,6.542716733900974,20.361561205145485,17.50626172695726
2009-03-01 00:00:00,13.515380358925235,6.3983895727642155,20.299654093753247,15.25641169945832
2009-03-08 00:00:00,13.491080632278731,7.06217535114776,20.34199259659502,13.170367228348509
2009-03-15 00:00:00,13.3088544065217,6.721884099089008,20.272305075857055,12.326348345235909
2009-03-22 00:00:00,13.053852894968724,6.0664443493041045,19.641575664563362,8.197437136789562
2009-03-29 00:00:00,12.871809947958436,5.508762360331864,20.100606254628598,9.87008164894074
2009-04-05 00:00:00,12.818102320717857,5.533330539540404,19.977933697879124,12.449264745461102
2009-04-12 00:00:00,12.859647265736005,5.615588679458237,19.701101357982893,14.298130468808596
2009-04-19 00:00:00,12.981076464298779,6.072503034536418,20.033015002371805,21.894092758545387
2009-04-26 00:00:00,13.209291531759142,6.238732902039161,19.54720026130646,19.97932296514633
2009-05-03 00:00:00,13.50751936940093,6.735447764201011,20.588452744015516,16.052148526931987
2009-05-10 00:00:00,13.702369407050794,6.646232624667239,20.90228589154621,13.09085874937629
2009-05-17 00:00:00,13.594089551512662,6.311301941774823,20.700813737212417,9.023144951617098
2009-05-24 00:00:00,13.16411326204463,6.068411971497,20.318763626769524,10.512625264374208
2009-05-31 00:00:00,12.64063053841984,5.903027796137919,19.876235465622976,13.547149283070356
2009-06-07 00:00:00,12.320858385745444,5.596461148666936,19.2882898521879,15.740871500938333
2009-06-14 00:00:00,12.318587254126156,5.227454602884817,19.496772081825718,24.48889343851498
2009-06-21 00:00:00,12.485096337640703,5.488785957553744,19.581636556410345,21.301015936889144
2009-06-28 00:00:00,12.559424919992216,5.894003512257396,19.23186700769149,15.211590299675269
2009-07-05 00:00:00,12.381934018320589,5.376583906060066,19.39231472044549,10.014923324920613
2009-07-12 00:00:00,11.994028879750344,4.800384226683458,19.24788655025656,5.517127997187673
2009-07-19 00:00:00,11.599965750547437,4.398036335313624,18.4092354279028,6.080868063885724
2009-07-26 00:00:00,11.462158389296926,4.588298008589251,18.61581516857276,8.56222273613342
2009-08-02 00:00:00,11.76540087233915,4.751310915526816,18.61734490588096,10.909466202793183
2009-08-09 00:00:00,12.462853948737767,5.29303174069094,19.650941198906068,13.736888718985986
2009-08-16 00:00:00,13.20474375482427,6.02900233675696,20.334075829180534,13.43428167477974
2009-08-23 00:00:00,13.503510598935046,7.070672073082946,20.31910337049707,11.745775766126544
2009-08-30 00:00:00,13.11604435790824,6.0060167928908275,20.091238386967,9.906844840107734
2009-09-06 00:00:00,12.331734171121544,5.420921230575689,19.944626224763336,9.492462026763937
2009-09-13 00:00:00,11.815980541115925,4.552256926853374,18.787611454873915,8.736455056070849
2009-09-20 00:00:00,12.045686428896122,5.411723082772527,18.81883747268647,8.585138180516536
2009-09-27 00:00:00,12.84001627018079,5.927669959180045,20.037009766695938,8.694155736648685
2009-10-04 00:00:00,13.486083433257013,6.68575930982265,20.667871892792668,7.446988752411683
2009-10-11 00:00:00,13.39236233054163,6.807941273367044,20.477714448538286,7.626297066079857
2009-10-18 00:00:00,12.639107944454203,5.519579789462814,19.40402165982919,7.850603132765451
2009-10-25 00:00:00,11.871471956963125,4.9929606334579955,18.666508258759592,8.145796048743009
2009-11-01 00:00:00,11.656979693814854,5.040214865094271,18.57712860213318,8.137513621532909
2009-11-08 00:00:00,11.981508641887721,4.827212663615413,18.953843593772422,8.585222434496526
2009-11-15 00:00:00,12.380366427649829,5.0030588321138865,18.904702549642288,9.112118463063574
2009-11-22 00:00:00,12.499845183595076,5.07603392512934,18.836409766988844,9.673356480906994
2009-11-29 00:00:00,12.447402086469634,5.978233511683607,20.104960818495588,10.388023991664973
2009-12-06 00:00:00,12.581989117122218,5.452917288331788,19.286001286473528,10.968767506082028
2009-12-13 00:00:00,13.045883805504427,6.4285518212322765,20.140181120035287,11.512443516494416
2009-12-20 00:00:00,13.593139566798836,7.024033566935213,20.57972739558858,11.516028985758584
2009-12-27 00:00:00,13.875972290274543,6.866668405003939,20.42625865279622,15.351471557607471
2010-01-03 00:00:00,13.81463051987905,6.629176357775759,20.66903565793357,12.844405171391742
2010-01-10 00:00:00,13.624535493468844,6.177849435967336,20.79740110267071,9.265192564874756
2010-01-17 00:00:00,13.518129981782465,6.509990046000651,20.802959243952216,6.924194706126034
2010-01-24 00:00:00,13.471737399634645,6.715203137520999,20.754157468514904,3.492572247711818
2010-01-31 00:00:00,13.320237664041585,6.194886792364111,20.252245564130547,5.040448290220263
2010-02-07 00:00:00,13.017860408207603,6.273651666992107,20.511535768655015,7.806239430033687
2010-02-14 00:00:00,12.719962958573445,5.405986605867535,20.044379636168877,10.291898032034233
2010-02-21 00:00:00,12.595734438388444,5.766207051265321,19.393176053826892,18.741343540800155
2010-02-28 00:00:00,12.62343351548572,5.612534004701144,19.585468579476114,18.472892069478767
2010-03-07 00:00:00,12.622362531018483,5.772707867129545,20.01019442879258,16.134539685148123
2010-03-14 00:00:00,12.466683104586059,5.536562652952201,20.105061315522548,13.229120704572956
2010-03-21 00:00:00,12.213231290633114,5.20112973637318,19.937758787751573,14.127359182712768
2010-03-28 00:00:00,12.01044954387088,5.128397870571957,18.969569277354058,11.669727496626164
2010-04-04 00:00:00,11.934993910921936,5.119618095012266,19.004885133138277,9.873845161186404
2010-04-11 00:00:00,11.962395804500028,5.335341296245681,18.813822756741576,8.457747159474659
2010-04-18 00:00:00,12.067909104970328,4.982586289626568,19.462549647378985,6.749770425548337
2010-04-25 00:00:00,12.276164373341544,5.3436408523262395,19.313823545698057,5.746229632415145
2010-05-02 00:00:00,12.570960910187774,6.120143451077107,19.439935521441136,4.925683527897751
2010-05-09 00:00:00,12.800942939811005,6.306134269645178,19.567655460268185,4.642656414138767
2010-05-16 00:00:00,12.755656328386744,6.176594441625733,19.89781044663161,2.9954440551114847
2010-05-23 00:00:00,12.372401271834969,5.605385878614939,20.16856699065623,3.7673153166987454
2010-05-30 00:00:00,11.842162367885491,5.531033586668313,18.930652462804595,4.964833094744469
2010-06-06 00:00:00,11.469859078519882,4.321642616829875,18.364141333450043,5.923879533445299
2010-06-13 00:00:00,11.415158736313769,4.6242780118625575,18.41855927369022,9.67818451605308
2010-06-20 00:00:00,11.570487892283378,4.90968190629351,18.661829281666755,8.801504908175819
2010-06-27 00:00:00,11.678140900388215,5.243008784936504,18.366339829020927,6.834278138375614
2010-07-04 00:00:00,11.548491405743023,4.544782184335316,18.482396832803918,5.576107437395488
2010-07-11 00:00:00,11.186692066395171,4.327614393276411,17.93602765387542,3.444110640057416
2010-07-18 00:00:00,10.774561067373481,3.5009730244459263,17.526955421711204,5.072995972595309
2010-07-25 00:00:00,10.573173004929096,3.5673743566580693,17.421710255529824,7.778109658262261
2010-08-01 00:00:00,10.792557960986107,4.030337592927459,17.556459514171785,10.181991729085016
2010-08-08 00:00:00,11.43704441516418,4.808132544474887,18.59909467560501,19.728886770004863
2010-08-15 00:00:00,12.207079623722102,5.8155302704072405,18.95249417314833,18.887884539120265
2010-08-22 00:00:00,12.615326496531717,5.370488727895575,19.496115611615945,15.597574822890255
2010-08-29 00:00:00,12.345589679675216,5.244354801945114,18.761749162020063,11.978672867984626
2010-09-05 00:00:00,11.588173296449193,4.963346134456294,18.519026923737012,9.71521506722643
2010-09-12 00:00:00,10.97560350244438,4.455368194185062,18.13757495408283,9.051856151135471
2010-09-19 00:00:00,11.064023446831156,4.018735755131337,17.920269355685342,9.825252428039636
2010-09-26 00:00:00,11.801301158700044,4.590468481640739,18.542578855739368,11.123487353598469
2010-10-03 00:00:00,12.530598914006323,5.7377373325347145,19.731201161122854,10.26974061977725
2010-10-10 00:00:00,12.585477651379064,6.2400198635978015,19.563134273522632,10.905342751074048
2010-10-17 00:00:00,11.91210451332125,4.137470201957886,18.581989302065654,11.308671537369367
2010-10-24 00:00:00,11.09373649218511,4.222845060267519,18.275564815208995,11.64492409177933
2010-10-31 00:00:00,10.762450848835464,3.5917401422784385,17.705708751754674,12.4092624859931
2010-11-07 00:00:00,11.018329890836084,3.956498927515721,18.58522759011951,12.923070402654886
2010-11-14 00:00:00,11.440566780836003,4.6097754639868675,17.910967325145876,13.518633666024286
2010-11-21 00:00:00,11.61572957278482,4.4366476564260955,18.397151495249624,14.103448445327729
2010-11-28 00:00:00,11.568635384853547,4.3305412667851275,18.201964400019335,15.055025513477217
2010-12-05 00:00:00,11.647991594962724,4.855501857297531,18.7159991122359,15.459526278530973
2010-12-12 00:00:00,12.061588959868864,5.236224128572295,18.785048902567365,15.744071733264173
2010-12-19 00:00:00,12.6223832621289,5.75471212359016,19.631199393358315,15.521527474727636
2010-12-26 00:00:00,12.968962541922217,6.036973581848806,20.511129929752762,18.99650375362768
2011-01-02 00:00:00,12.958889904738841,5.939328879059774,19.903453533149836,16.398100688166505
2011-01-09 00:00:00,12.771513041910191,5.334952105574657,19.344049333276576,12.701619504329386
2011-01-16 00:00:00,12.644381982139425,5.659181827954512,19.54476974059531,9.271059053876437
2011-01-23 00:00:00,12.598769255916618,5.611173180117329,19.255700631408374,5.72126619786623
2011-01-30 00:00:00,12.475683188248478,4.916710131045114,19.123483356750135,5.545953332669376
2011-02-06 00:00:00,12.19334881700088,5.158949498642115,19.01826147256915,6.612325626110856
2011-02-13 00:00:00,11.879108842704087,4.797956012464059,18.13011519314384,8.59766284335354
2011-02-20 00:00:00,11.71872716289367,4.54033600165961,18.311722534338788,8.164670506080133
2011-02-27 00:00:00,11.730388918894077,4.329403833170944,19.22651157791944,10.481185718682962
2011-03-06 00:00:00,11.748150089541328,4.268379817127785,18.844516440989104,13.17729600430461
2011-03-13 00:00:00,11.621130072237213,4.533084084939018,18.77925909368549,15.097168770932292
2011-03-20 00:00:00,11.374471274085225,3.838692312964297,18.631027164845822,27.31203296891909
2011-03-27 00:00:00,11.153466571349611,4.539443843028462,18.637253026733564,23.636009765715745
2011-04-03 00:00:00,11.055141900327248,4.662415891548033,18.42090824634787,16.47681841950109
2011-04-10 00:00:00,11.067444255262982,4.500736518963775,17.644333883356147,9.35384584586407
2011-04-17 00:00:00,11.158118705694626,4.36247352951001,18.04538006432672,3.941327206701805
2011-04-24 00:00:00,11.346217799290725,4.125825050463465,18.100120017697712,4.242588427755621
2011-05-01 00:00:00,11.632546067017778,4.48782559751274,18.228808395942945,7.04160241544138
2011-05-08 00:00:00,11.890318431909481,5.0068230980820365,18.977654699491833,10.36738395010119
2011-05-15 00:00:00,11.90569098236625,4.820942338311798,19.36960846082728,14.318743341764522
2011-05-22 00:00:00,11.575659721071883,4.605120224202747,18.78166996104388,14.3847004605581
2011-05-29 00:00:00,11.049161890080967,3.739709139671417,18.425271755968243,12.503690708631568
2011-06-05 00:00:00,10.629772840993528,3.809321886058404,17.905411194101596,9.978669489045805
2011-06-12 00:00:00,10.518851214594136,3.6377446764571673,17.502857932542412,9.24691090048875
2011-06-19 00:00:00,10.654142450086654,3.9135948473919653,17.43032575014544,8.268178460943972
2011-06-26 00:00:00,10.788731562869682,3.8545369575590476,17.76142969900885,8.231419720638876
2011-07-03 00:00:00,10.70716741988735,3.443639416820554,17.679092480342707,8.377360917928403
2011-07-10 00:00:00,10.377539208047514,3.405236210187213,17.09202154662175,9.000791103687384
2011-07-17 00:00:00,9.955994314339678,2.7482399933274646,17.36312188288787,7.565137962108001
2011-07-24 00:00:00,9.698146424210442,2.539420672196046,16.604120400024748,5.345270008316389
2011-07-31 00:00:00,9.83413252603178,2.097263068327159,16.598574473349558,3.681702925888228
2011-08-07 00:00:00,10.41582457600714,3.0949028737958217,17.369643282731055,1.8038820735561256
2011-08-14 00:00:00,11.197439983763557,4.427249699424896,17.831907061724365,2.961541963876844
2011-08-21 00:00:00,11.704063640913226,4.718662259013726,19.4036140718938,5.054329474854223
2011-08-28 00:00:00,11.558257739686896,4.714339088495267,17.622745704695767,7.242181487712807
2011-09-04 00:00:00,10.849414464704983,4.0322636253265856,17.42135086569337,14.47915219853497
2011-09-11 00:00:00,10.159358988924073,3.7247166167016177,17.347416558598127,15.010436621689545
2011-09-18 00:00:00,10.104850378524592,2.5221553011538216,16.9199528025826,13.922684255268242
2011-09-25 00:00:00,10.762370302180889,3.960503867724251,17.716989254393997,12.039014924507244
2011-10-02 00:00:00,11.551788168414287,4.259370117203866,18.617468310983345,12.809645113228422
2011-10-09 00:00:00,11.753479895694875,4.734986175068911,18.392325775279257,11.088811120805328
2011-10-16 00:00:00,11.180356930229767,4.8341129882521905,18.423909583538613,9.71853918274764
2011-10-23 00:00:00,10.333148089470512,3.347056558887644,17.592880975703643,9.03784158321861
2011-10-30 00:00:00,9.888197976941829,3.1287856555603435,16.672113613629662,6.401497998320944
2011-11-06 00:00:00,10.060391700033584,2.5757651683530174,16.780468233756416,7.469806165717512
2011-11-13 00:00:00,10.491531041055072,4.318980665258337,17.534393203552128,9.288396727948864
2011-11-20 00:00:00,10.723549389830932,3.499804164981377,17.59336484210135,10.964169108012678
2011-11-27 00:00:00,10.694356405853013,3.9046634382305383,18.06072254296899,16.394196329100698
2011-12-04 00:00:00,10.725868513295756,3.3346388858718194,17.096875154574178,14.943853441887942
2011-12-11 00:00:00,11.082505690591486,4.256111527035432,18.59488981830244,11.551559542274257
2011-12-18 00:00:00,11.644106203452209,4.779307176228101,18.171003568918316,8.296194686737097
2011-12-25 00:00:00,12.049597460374555,4.954317071575564,18.96225741978055,4.65697351383909
2012-01-01 00:00:00,12.09734500377919,5.299650047366009,19.27719906024973,6.269663143003005
2012-01-08 00:00:00,11.921102697673296,5.014378801169584,18.771949158912598,9.668558692863252
2012-01-15 00:00:00,11.773790066021522,5.0808911795539515,18.831538196060315,13.528674650294649
2012-01-22 00:00:00,11.723075141126502,4.614531088959533,18.84216755621657,21.88108274345325
2012-01-29 00:00:00,11.62539059361398,5.106703434754537,18.615591490880046,23.273680485190308
2012-02-05 00:00:00,11.367638721789643,4.667088729858955,18.667292644571376,22.657013390756923
2012-02-12 00:00:00,11.043683123187954,4.400500448493554,18.223293225466012,20.86691138059951
2012-02-19 00:00:00,10.847771037197335,4.294719376014906,17.27901296721494,22.839450247776707
2012-02-26 00:00:00,10.837480965068291,4.002895004055201,17.48750396540362,20.81196709046217
2012-03-04 00:00:00,10.868773784196415,3.8050821054148685,17.227189402478942,18.90615366541148
2012-03-11 00:00:00,10.771406508266633,3.875889391088368,17.50285825649741,17.67552699634964
2012-03-18 00:00:00,10.53670300617427,3.296925175005173,17.36486811332141,13.917871949135764
2012-03-25 00:00:00,10.300741933659088,3.0726007097754424,17.506865896687305,15.304540035098734
2012-04-01 00:00:00,10.178859993852004,3.581997099710577,17.166761773427687,17.865900405444503
2012-04-08 00:00:00,10.174795122876738,3.923266056189732,17.21304387319937,20.476401610320995
2012-04-15 00:00:00,10.25146151299835,3.761677161947813,17.196954045053563,26.55081254677675
2012-04-22 00:00:00,10.419795372207036,2.908922586106277,17.22321906676053,25.58679617391908
2012-04-29 00:00:00,10.693504799946972,3.887298437057579,17.489310021519863,22.460987551168405
2012-05-06 00:00:00,10.971639616733995,3.9252874554215698,18.271541995225586,18.30288572813577
2012-05-13 00:00:00,11.043936987976126,3.581100120658479,17.98913429332914,17.188133941490218
2012-05-20 00:00:00,10.772153095176634,3.5880058088691893,17.84181015909481,14.156056326834168
2012-05-27 00:00:00,10.259835422016737,3.525600292708475,16.884768970863202,12.106847351171032
2012-06-03 00:00:00,9.800246313592444,3.463840150994942,16.731859736340144,11.44529238050458
2012-06-10 00:00:00,9.630859967087028,2.5999759650061804,16.622794600068243,7.631721417510502
2012-06-17 00:00:00,9.737591207530732,2.9448632794621457,17.142861281997583,9.683866970634131
2012-06-24 00:00:00,9.89181715957753,3.161397870769555,16.40698741728709,12.95703547889359
2012-07-01 00:00:00,9.857329485067071,2.770259656440441,16.158067150720672,16.178117132961773
2012-07-08 00:00:00,9.565093576953817,2.6306568339511305,16.78634483345628,26.887570012593176
2012-07-15 00:00:00,9.1425927464337,2.48280488635333,16.001344770213507,25.03144203898381
2012-07-22 00:00:00,8.836024049544225,2.177849563634627,15.472829086077162,19.62643114564837
2012-07-29 00:00:00,8.890628220762272,1.98214880464678,15.85616821543652,12.91044980277463
2012-08-05 00:00:00,9.40154258837206,2.333264248389394,16.061138564185935,8.289917203685006
2012-08-12 00:00:00,10.178665788776073,2.568705018847883,17.072635110749808,6.814275293992093
2012-08-19 00:00:00,10.770511449953888,4.11904935793879,17.929404094706843,7.989682187298642
2012-08-26 00:00:00,10.751345621134304,3.915368364982891,17.342939122629115,10.688482315024258
2012-09-02 00:00:00,10.11093953256547,3.096040398664475,17.282809870224696,10.081711279808342
2012-09-09 00:00:00,9.36477439981437,2.5037423972391064,16.957242425789012,11.396996953424804
2012-09-16 00:00:00,9.17014409110438,2.1932199804111736,16.29723488309841,12.249116315876796
2012-09-23 00:00:00,9.727874536323249,2.58703393959847,16.867749365643636,12.722916450890056
2012-09-30 00:00:00,10.552450224473768,2.736373161249629,17.847250106387722,14.990430236400158
2012-10-07 00:00:00,10.894517258003367,4.043826001655402,17.946314348352487,15.02667152857323
2012-10-14 00:00:00,10.439144877124448,3.231055553508341,17.250468908207917,14.815252765563136
2012-10-21 00:00:00,9.58656143268799,2.159402768519419,17.160758892201507,14.286770469463471
2012-10-28 00:00:00,9.035099385099315,1.5609349557295094,15.782963589801824,15.478841236969512
2012-11-04 00:00:00,9.110722970814791,2.0790749113655718,15.991821089521187,13.819433425606874
2012-11-11 00:00:00,9.53465363352954,2.5905851427369466,16.803305451422084,11.637449324086225
2012-11-18 00:00:00,9.821606672269544,2.680831676826788,16.89427638582585,9.737812013337384
2012-11-25 00:00:00,9.821937490122812,2.84179578093225,16.80023204306231,6.569960986164624
2012-12-02 00:00:00,9.81501703458939,3.178028377496486,16.546952666086003,7.820534905306138
2012-12-09 00:00:00,10.110389184419999,2.784371472924418,16.980629982397293,10.391836138097773
2012-12-16 00:00:00,10.660039181786383,3.4766510975500653,17.54572915665979,13.222819970431472
2012-12-23 00:00:00,11.11748379160303,3.8505615510182265,18.221122708945423,20.86789791962315
2012-12-30 00:00:00,11.227996601339077,4.251339773260899,18.319250065832442,19.475463806926623
2013-01-06 00:00:00,11.071883463820283,4.133076905690216,17.395394446570126,15.161326529425022
2013-01-13 00:00:00,10.906596743634756,3.8519903596164635,17.717870799096197,9.459378744025196
2013-01-20 00:00:00,10.845426564292119,4.140685726534157,17.38027867241215,6.580918688984842
2013-01-27 00:00:00,10.76898248504102,3.7608410944718518,18.589062030006275,4.065659107006019
2013-02-03 00:00:00,10.539139536377629,3.3641403325668087,17.498733325202515,3.9797943314472297
2013-02-10 00:00:00,10.212393466198108,3.510875105864131,17.479034524024677,5.674898872561909
2013-02-17 00:00:00,9.982972301336945,2.795975155713359,17.124399905545204,4.066463001976641
2013-02-24 00:00:00,9.945577437076883,2.6800580870258415,16.63808469011939,5.344031344655926
2013-03-03 00:00:00,9.984389132815021,2.518330084230941,16.686243134628146,6.777643139799237
2013-03-10 00:00:00,9.91645933303431,3.118307976838593,17.17523761090714,8.173387513568196
2013-03-17 00:00:00,9.698565056567032,2.8586829326683088,16.618289122694456,11.896130115887162
2013-03-24 00:00:00,9.451586337135733,1.4963847283114617,15.914561314533234,12.492574446573538
2013-03-31 00:00:00,9.306010275572746,2.4178630733149724,16.038835682413705,12.445015482614744
2013-04-07 00:00:00,9.284090300591316,2.4905750442355927,16.238433928905906,11.889329954924555
2013-04-14 00:00:00,9.347231758024227,1.8018247657015998,16.9164371153983,12.96364578317596
2013-04-21 00:00:00,9.496617226738307,2.3375586992735577,16.591005337027344,11.857736406567644
2013-04-28 00:00:00,9.754508800794447,2.5740586010042907,16.636035215316447,10.546293614668157
2013-05-05 00:00:00,10.045764504899365,3.671680163905261,17.318264078746346,9.295120195588243
2013-05-12 00:00:00,10.170060541474497,3.3570793423041962,16.70207274952196,7.437686448441654
2013-05-19 00:00:00,9.959980267013064,3.055785235524075,16.92649501132979,7.546986920364879
2013-05-26 00:00:00,9.471936819620893,2.55830318002309,16.581189774633657,8.2782882015845
2013-06-02 00:00:00,8.980307682940747,2.199898115899966,15.848259460870725,9.219071429608968
2013-06-09 00:00:00,8.75189162457907,1.9093285986846897,15.413854238242312,11.136002412332518
2013-06-16 00:00:00,8.822164166308086,1.512693583442955,15.437208272775907,10.361421584739874
2013-06-23 00:00:00,8.988012033321704,1.1943976990589125,16.198471865543357,8.569165016112835
2013-06-30 00:00:00,8.998355871637322,2.2855630664183977,16.821128579544567,6.475698986814769
2013-07-07 00:00:00,8.747814696241168,1.9635195308852147,16.37459543063184,4.120639696815867
2013-07-14 00:00:00,8.332522599997393,1.0678228865436523,15.40699983082251,4.776070703783059
2013-07-21 00:00:00,7.9854540005058805,0.8006546640652239,15.357275421844015,6.5915408236541015
2013-07-28 00:00:00,7.962125086747947,1.5173721109674059,15.057224657893553,8.873273775746974
2013-08-04 00:00:00,8.39619972971542,1.4424962640814698,15.389723292498427,13.769787958757943
2013-08-11 00:00:00,9.153648355163146,2.1320457200479535,15.995471058253544,13.21888618198183
2013-08-18 00:00:00,9.815990335796915,3.1216167169404354,16.90079052915687,10.641844014988305
2013-08-25 00:00:00,9.922767077527167,2.8575582509007287,16.80809445109958,7.032277844271919
2013-09-01 00:00:00,9.368338842003523,2.3530740571826936,15.877667612599044,4.107577448757325
2013-09-08 00:00:00,8.58881083804507,1.5156105957633113,15.699194492936565,3.826617517846875
2013-09-15 00:00:00,8.261185309790504,1.3609024704807702,15.366451865499014,5.086390780150549
2013-09-22 00:00:00,8.702415587690577,1.5939598309704248,16.15077000119883,7.280685253245252
2013-09-29 00:00:00,9.536180820402311,2.7693562173172666,16.619575690822785,8.89658914587158
2013-10-06 00:00:00,10.007750353324885,3.2686369027096145,17.061637143809165,9.597911620087576
2013-10-13 00:00:00,9.684156375935835,2.7617738540874672,16.302987856551006,9.42320797995516
2013-10-20 00:00:00,8.850486662727794,2.412478934994292,15.926273316761854,8.624579254085685
2013-10-27 00:00:00,8.203591302916134,0.9512815218768544,15.523074412529112,8.96633443270066
2013-11-03 00:00:00,8.172534295644754,1.1191244590657998,14.980887653397957,8.282006775904424
2013-11-10 00:00:00,8.572149254712182,1.6370653838280464,15.531557854950744,7.772824093484268
2013-11-17 00:00:00,8.909019859987746,1.9717801727455502,16.238987929183825,7.460867697910648
2013-11-24 00:00:00,8.949032044063971,2.5590086616216485,16.445326813221023,6.5258711804952325
2013-12-01 00:00:00,8.914737392731194,1.6550216569673513,15.8997968351206,6.713842239041552
2013-12-08 00:00:00,9.147117054166788,1.8486891099741936,16.363423833736483,7.137664343092595
2013-12-15 00:00:00,9.672569324193901,3.034684975021598,16.327380944155692,7.744107237370619
2013-12-22 00:00:00,10.173123138628085,2.5427433237154045,17.234552197873274,8.092779206205561
2013-12-29 00:00:00,10.34948194535574,3.5892668024237038,17.706327645522165,8.716148337407763
2014-01-05 00:00:00,10.222711740274331,3.471959661743451,17.00813999932693,9.345867153048491
2014-01-12 00:00:00,10.043326367898805,3.183943297648727,17.04001183759062,10.00140030333818
2014-01-19 00:00:00,9.967220253003607,3.161169773734703,16.897453233900237,10.756788342152577
2014-01-26 00:00:00,9.90695777883205,2.93217100519996,17.268205671045187,11.5884954564186
2014-02-02 00:00:00,9.707021776699158,2.469016847524502,16.23046388816522,12.51273266587054
2014-02-09 00:00:00,9.38443037162483,2.685954412694926,16.28353868721458,13.35024353555829
2014-02-16 00:00:00,9.12486744784946,2.34097862332767,15.936956531198195,15.714339566286768
2014-02-23 00:00:00,9.056230458463428,2.476384221271978,16.157163394999543,15.124935974122014
2014-03-02 00:00:00,9.09609882271845,2.295744136140728,16.32043924558318,13.697970160425106
2014-03-09 00:00:00,9.056178820841541,2.076424787058702,15.912741242511942,11.70572429916611
2014-03-16 00:00:00,8.859449623648285,1.9481639935227797,15.829568617130958,10.626335003656193
2014-03-23 00:00:00,8.605980750572352,1.90924221509729,14.962614006926355,9.263777325453942
2014-03-30 00:00:00,8.437255826050112,1.1247802151735975,15.694570342321807,8.365611444551295
2014-04-06 00:00:00,8.39592310528856,1.191710676470727,15.64297582875589,7.900471226338569
2014-04-13 00:00:00,8.445642541340714,1.4928118028020947,15.178871214883076,6.567419722925263
2014-04-20 00:00:00,8.577187200744774,1.5201618445115201,15.145017360632641,6.720820400513012
2014-04-27 00:00:00,8.816979701069481,2.1618016964743987,15.644109776395837,7.139127624483663
2014-05-04 00:00:00,9.114497537887582,2.3399490813184585,15.874654201917892,7.694117252078063
2014-05-11 00:00:00,9.284864370160319,1.7084609345829058,15.871654909450372,8.52687130530695
2014-05-18 00:00:00,9.138291340619842,2.0543941603632483,16.17561862275023,8.420213746152815
2014-05-25 00:00:00,8.683944733662171,1.4395058707571362,15.33457525294277,7.917038436661268
2014-06-01 00:00:00,8.169447446331395,1.3972216273876032,15.39129623170422,7.274716511878971
2014-06-08 00:00:00,7.8831557291398955,1.1281724400680968,15.26152734145579,6.133976305988418
2014-06-15 00:00:00,7.909934690888699,1.2672533898628124,14.515485254902973,6.972236488499797
2014-06-22 00:00:00,8.078860385360803,0.9097577645577921,14.97195200472453,8.573809001110586
2014-06-29 00:00:00,8.130561369522567,1.6293436721710428,15.03017737038525,10.4588182044012
2014-07-06 00:00:00,7.924993989023471,1.6031643226225434,15.451786870100074,16.193279681330555
2014-07-13 00:00:00,7.524650347509261,0.8103445660470427,14.80041823401709,14.321156779845502
2014-07-20 00:00:00,7.145617743280859,-0.13518837145900875,13.863230158723539,9.848949140900896
2014-07-27 00:00:00,7.049058839785964,0.16521059744015432,13.917247418196917,3.827519397923045
2014-08-03 00:00:00,7.402139593539246,0.0881664238591906,14.740028510783368,0.0214665343599468
2014-08-10 00:00:00,8.125928536571145,1.253966215169397,14.9644712300193,0.0
2014-08-17 00:00:00,8.842931378612292,1.4183930263110902,16.362380197221256,0.8588909660922277
2014-08-24 00:00:00,9.071694657408033,2.082711558474651,16.047089339839125,3.1369974995478254
2014-08-31 00:00:00,8.618007709389918,1.7718249640018051,15.828735036263293,7.047221525795887
2014-09-07 00:00:00,7.828497398813557,0.7629322099624449,14.387572615288107,8.457662514802776
2014-09-14 00:00:00,7.379017313764189,0.7462759422042264,14.417931721747681,8.694582800645003
2014-09-21 00:00:00,7.69084932939279,0.9647271178592973,14.840465345521913,7.939373158756338
2014-09-28 00:00:00,8.507668081876103,1.503227759793548,15.791846433238236,9.617257037676191
2014-10-05 00:00:00,9.093763414515031,2.1358310144655697,16.42825398472027,7.968400502566341
2014-10-12 00:00:00,8.911977482292286,1.9668920892761292,16.102147450202402,6.138824134293974
2014-10-19 00:00:00,8.121498369126519,1.194104161021773,14.879943336963613,4.397003325463495
2014-10-26 00:00:00,7.393888569147241,0.09484614955406379,14.48661690876615,2.3862960923301046
2014-11-02 00:00:00,7.2493088642778964,0.5985785059714495,14.28073475360367,2.901770806470588
2014-11-09 00:00:00,7.607165664319991,0.7660377056132059,14.322784220391771,4.303506091034931
2014-11-16 00:00:00,7.985930493928908,0.8582232536570658,14.975372905933106,6.313632010164376
2014-11-23 00:00:00,8.073794354068426,1.6345992614794067,15.541026968748437,9.66832111200115
2014-11-30 00:00:00,8.024336006407822,0.9671717775256816,15.236096581423617,10.49569458402236
2014-12-07 00:00:00,8.19464787580296,1.0883129055258447,15.463807578028147,10.310869471360586
2014-12-14 00:00:00,8.684649867009231,2.2510548938929738,15.816280314618377,9.288126832615909
2014-12-21 00:00:00,9.217870153101968,2.1089723032725054,16.42540578361975,9.679433927053996
2014-12-28 00:00:00,9.461067573744891,2.508392924881502,16.81572593616954,8.45079747964472
2015-01-04 00:00:00,9.372652109369637,2.747324875113067,16.276190905459103,7.3290135748469725
2015-01-11 00:00:00,9.18459712027775,1.6895838365942932,16.419857231672907,6.35116501845431
2015-01-18 00:00:00,9.090217662034329,1.6838870248770625,16.120106165064126,5.0979902625328055
2015-01-25 00:00:00,9.040441593442964,1.6322832805993421,15.857002448623499,4.807476257116562
2015-02-01 00:00:00,8.87099235553087,2.1247856213905862,16.09053836722916,4.830321271322475
2015-02-08 00:00:00,8.559202849752431,1.4294065295565463,15.66537932225995,5.145718209028157
2015-02-15 00:00:00,8.274061037672595,1.2993330816366964,15.67810946213027,4.938632675684495
2015-02-22 00:00:00,8.173813704539317,0.9313822963981142,15.092258931885493,5.538530645579283
2015-03-01 00:00:00,8.21065534141355,1.4630690169796061,15.462684440763327,6.289360561956213
2015-03-08 00:00:00,8.198693837537682,1.2601841063202972,15.14909575310105,7.091283116780009
2015-03-15 00:00:00,8.029349983125414,0.8692745617419231,14.867206275200692,8.832037728953518
2015-03-22 00:00:00,7.776926941553833,0.6510731762155917,14.778672741100772,8.64974390145909
2015-03-29 00:00:00,7.588920334204397,0.6146969549324481,15.164008710196494,7.82402097453103
2015-04-05 00:00:00,7.529253978250491,0.2378359347964185,14.189416348081702,6.504607395056366
2015-04-12 00:00:00,7.567817337062936,0.4955525340763547,14.410591625381207,5.555125237744247
2015-04-19 00:00:00,7.685323982428526,1.2592556341166699,14.994497067397722,4.875179620745634
2015-04-26 00:00:00,7.908206206264335,0.9184131278630332,14.677480020603074,4.642766279854233
2015-05-03 00:00:00,8.208304340587514,0.9971935283747744,14.789641213643055,4.808434861655889
2015-05-10 00:00:00,8.42065660820468,1.2636755114107512,15.870263512118694,4.401296681952151
2015-05-17 00:00:00,8.340342852337008,1.103680899207582,15.333225865545256,4.743625964032578
2015-05-24 00:00:00,7.930771139999996,0.3803458669630899,15.415153836383462,5.153787941555311
2015-05-31 00:00:00,7.405920390047973,0.07585968859815573,14.208327610354921,5.58279541245996
2015-06-07 00:00:00,7.06716573577397,0.009710862079261418,13.912490523334156,6.48357087494733
2015-06-14 00:00:00,7.047056017380906,0.2785556117972856,14.009991569210232,6.358705438609712
2015-06-21 00:00:00,7.212751325455093,0.6699416177334854,14.393194882719921,5.886404803157467
2015-06-28 00:00:00,7.303696557680732,0.0589538025746883,14.172439828493417,5.129125883285492
2015-07-05 00:00:00,7.147818585986103,-0.5880815191801716,14.424722091620305,4.718637969914718
2015-07-12 00:00:00,6.772162944827343,-0.2525676420243581,13.600737881031193,4.116696511153844
2015-07-19 00:00:00,6.372411582115935,-0.6958979078272947,13.547966899680299,3.675947570617698
2015-07-26 00:00:00,6.210948621659665,-0.9783778832206877,13.275058145014691,3.3939229483137416
2015-08-02 00:00:00,6.483283242017569,-0.16288161558379244,13.069743081475016,2.8645528574335666
2015-08-09 00:00:00,7.163427944213238,0.0698234045029178,14.441444336435081,2.86817419690442
2015-08-16 00:00:00,7.921163111531481,1.1083690336927816,14.501527624283666,2.9956276183305786
2015-08-23 00:00:00,8.26748975597646,1.0176294114947702,15.428556410644735,3.2005493273314345
2015-08-30 00:00:00,7.928732979748014,0.8080521112009755,14.874267540510647,3.6972214779341495
2015-09-06 00:00:00,7.1550719632103705,-0.11469786840997642,14.03495587951499,3.410414696412145
2015-09-13 00:00:00,6.6010156446221435,-0.38750451031349975,13.826549218724267,2.810721816524707
2015-09-20 00:00:00,6.777275849525142,0.19135085772678373,13.536278496797369,2.010546009128998
2015-09-27 00:00:00,7.554236412326809,0.6237726150221814,14.701636317927019,1.1610907762023617
2015-10-04 00:00:00,8.23880270760937,1.462051079580764,15.002200415032991,1.3937627987934391
2015-10-11 00:00:00,8.207019867553136,0.9895392137011694,14.734124328947136,2.1043811554905743
2015-10-18 00:00:00,7.485703970471187,0.5499187418528741,14.010586186874555,3.2150912695136245
2015-10-25 00:00:00,6.69786415462665,-0.5339066107848662,14.18552338064254,4.795414118938884
2015-11-01 00:00:00,6.439121811170375,-0.7999121107915759,13.187433692753311,5.705463543334756
2015-11-08 00:00:00,6.7457150789850555,-0.024694715004041967,14.152260120646913,6.348383835874213
2015-11-15 00:00:00,7.163143403754598,0.2400605205321913,14.226711774831376,6.773715501852147
2015-11-22 00:00:00,7.312171848610038,0.5702945637782797,14.393836334995306,7.550130314508405
2015-11-29 00:00:00,7.267936310233647,0.10426350786523386,13.826521669857442,8.294166926334658
2015-12-06 00:00:00,7.38729771685731,0.4504461963505051,14.276221295332597,9.250478054579636
2015-12-13 00:00:00,7.839622361231701,0.4813977360382342,15.03680391480491,10.3396907045773
2015-12-20 00:00:00,8.401408354277628,1.5407446153331712,16.02367180476423,12.17781056415294
2015-12-27 00:00:00,8.717787284676323,1.4728159296148213,15.601311925701637,12.336659908759444
2016-01-03 00:00:00,8.683687396485904,1.6860294566880594,15.999822617855457,11.865093402111269
2016-01-10 00:00:00,8.501331031483108,1.9650309853491077,16.02573716651544,10.866391124976358
2016-01-17 00:00:00,8.394284418612848,0.8954390060365487,15.534166532628065,10.04906463067704
2016-01-24 00:00:00,8.356539044877719,1.0665845847016744,15.515730060180047,9.630925746405444
2016-01-31 00:00:00,8.224294471754844,1.3306959999398593,15.52386139579803,9.64326888067915
2016-02-07 00:00:00,7.936929033298937,1.3760865808115081,15.268543736823624,10.04836974223837
2016-02-14 00:00:00,7.639340166136015,0.967397623722265,14.43679771734425,10.019514922096228
2016-02-21 00:00:00,7.508276005712283,0.9264679671240401,14.063726003110434,10.55875792709886
2016-02-28 00:00:00,7.537917620610769,0.32701651309920443,14.5724022523617,11.124996620856878
2016-03-06 00:00:00,7.552570566597645,0.5041160387924037,14.714036617001373,11.605522529948033
2016-03-13 00:00:00,7.415770560026287,0.4903832157081549,14.846928228405009,14.45645345656044
2016-03-20 00:00:00,7.1720152908859,-0.06201775563727985,14.557204067656409,12.36968188316949
2016-03-27 00:00:00,6.969208184978,-0.4095918791738562,13.898529147095948,8.708303361188728
2016-04-03 00:00:00,6.892327137457546,-0.6840604957074632,13.682761585999767,3.837190299081343
2016-04-10 00:00:00,6.9214321766572535,-0.3122974694247187,13.923233829598061,0.2206415792558749
2016-04-17 00:00:00,7.028500892264757,-0.17911343176568195,14.143797628389205,0.0
2016-04-24 00:00:00,7.2362899642989955,0.4618445318696409,14.336249725827656,0.7623500079400001
2016-05-01 00:00:00,7.535863735013854,0.3757232815343432,14.704511952842273,2.9541714128041248
2016-05-08 00:00:00,7.785461773609638,1.4561119389543773,14.740163368423245,6.795363161618946
2016-05-15 00:00:00,7.772409273910052,1.0151774235317674,14.659812616639888,8.301688285625774
2016-05-22 00:00:00,7.417351377986337,0.7198763486238882,14.347327139077427,8.591778424853784
2016-05-29 00:00:00,6.894953726181959,-0.6984799312683379,13.745156222645464,7.808473127901496
2016-06-05 00:00:00,6.510686603995886,-0.02634065028081345,13.583401141894846,7.594856265628064
2016-06-12 00:00:00,6.441477285997235,-0.2501538817961997,14.090603583216412,7.395403450994975
2016-06-19 00:00:00,6.597449642767551,-0.35282097583776206,13.702637884836534,7.800704575388128
2016-06-26 00:00:00,6.724306455713977,0.11878919414107081,13.26574793825635,8.706338707988833
2016-07-03 00:00:00,6.621539799999763,-0.4278060374623234,13.364664515752269,9.925127957880006
2016-07-10 00:00:00,6.2795343396354015,-1.0666181962366963,13.502593542768961,9.731079540765704
2016-07-17 00:00:00,5.870215795374763,-0.8314734488970981,12.591509580831188,8.735266782873136
2016-07-24 00:00:00,5.6581622533585305,-1.2014947083047574,12.926626663358768,7.04299171848115
2016-07-31 00:00:00,5.8568534412869075,-1.290191588386918,12.497666781323506,5.674821928896383
2016-08-07 00:00:00,6.490111241670332,-0.45026448117032025,13.434329399512979,4.757706576659747
2016-08-14 00:00:00,7.279558923624083,0.34194900451964827,14.364086032721673,4.476858658454204
2016-08-21 00:00:00,7.741424929423148,0.9635705904836485,14.367772934829564,4.776426835989668
2016-08-28 00:00:00,7.533523269925151,0.742003329924561,15.229939835856193,4.669254506397171
2016-09-04 00:00:00,6.8058346107661585,-0.27499522229928886,13.619693496878526,4.895071143369619
2016-09-11 00:00:00,6.172632389341987,-0.8907533478200147,12.592450467061772,4.985699330151164
2016-09-18 00:00:00,6.216638330583903,-0.8550941092531303,13.183013209009369,4.949234020082045
2016-09-25 00:00:00,6.937414305609282,0.20781245254100078,14.186953246796495,5.050444413932864
2016-10-02 00:00:00,7.706466159697047,0.9229687805797848,14.710956099569895,4.938226711584591
2016-10-09 00:00:00,7.833358654968183,0.6793376221581013,14.837454760234289,4.8089873029141526
2016-10-16 00:00:00,7.210597929794361,0.4027700928039568,14.613161706978271,4.7016005715683935
2016-10-23 00:00:00,6.390772982164203,-0.5268559225189904,13.53547912697297,4.278824999520156
2016-10-30 00:00:00,6.02623106516446,-0.9481154935759815,13.16373846918302,5.010385908006737
2016-11-06 00:00:00,6.263145379395957,-1.2014556320090488,13.721917843810802,6.239293944083582
2016-11-13 00:00:00,6.703596126230618,-0.35234270887436736,14.163239339600628,7.870606148389526
2016-11-20 00:00:00,6.914342835896551,-0.020897890044206946,13.591163239085297,10.732788211966104
2016-11-27 00:00:00,6.885753209265683,-0.2098394842327327,14.225741164428246,10.861221973383335
2016-12-04 00:00:00,6.957775259874444,0.21843507507615634,13.534733418212475,9.77131703435999
2016-12-11 00:00:00,7.362072847525903,0.784266295111129,14.658953500063625,7.633190780290569
2016-12-18 00:00:00,7.937541522077112,1.3720856802811614,14.665010525158754,5.314178078577394
2016-12-25 00:00:00,8.321199676646984,1.36712271188218,15.317738165091548,5.415923557023792
2017-01-01 00:00:00,8.346363089942848,1.3788193262373163,15.309617926018962,6.9235133656913925
2017-01-08 00:00:00,8.175200769622675,1.5324467748633026,15.022367553673242,9.645347998707422
2017-01-15 00:00:00,8.052650400152178,1.1498814372624935,14.903118519813908,13.894682911218515
2017-01-22 00:00:00,8.018491714497662,0.5047599889960832,15.477049806764766,13.936280510466563
2017-01-29 00:00:00,7.918807748334094,0.7591130700229591,15.19413025589276,11.654382145902684
2017-02-05 00:00:00,7.658636998533508,0.48937187695724305,14.411291630514595,7.312876432412241
2017-02-12 00:00:00,7.352503439442913,0.5878524729545553,14.340230527716006,3.22111515083988
2017-02-19 00:00:00,7.1905668029302685,0.23549313406578243,14.396902412893546,2.269071489591604
2017-02-26 00:00:00,7.206931723817524,-0.25444613856759446,14.18168371945301,3.471959790030147
2017-03-05 00:00:00,7.243597729323425,0.3298025947464378,14.575817293045462,6.637260569538368
2017-03-12 00:00:00,7.14119731680392,0.4055514097200863,14.299765956940629,9.980041737432243
2017-03-19 00:00:00,6.91152482207204,-0.17817658627159183,14.304382597909608,11.517102543429829
2017-03-26 00:00:00,6.69691724473528,-0.13982667151218386,13.667087009061287,11.470455498770926
2017-04-02 00:00:00,6.607173036183659,-0.2863728644717547,14.021440045454558,9.930770220367004
2017-04-09 00:00:00,6.631044499172252,0.10201489626613025,13.196876840258364,9.789080992888774
2017-04-16 00:00:00,6.733982786725839,-0.15270576586325824,13.998569135570678,7.6136676924624
2017-04-23 00:00:00,6.932050482552945,0.2790344112457426,14.232585529200499,5.72575907948482
2017-04-30 00:00:00,7.231729367274257,0.5648813691499388,14.139516180419292,4.170455235164005
2017-05-07 00:00:00,7.51648593890264,0.5459136725192142,14.596821333879618,2.4716919458417803
2017-05-14 00:00:00,7.573100778178778,0.605933458564575,14.97409691775685,2.8586958406432275
2017-05-21 00:00:00,7.283804432288909,0.006416627197376457,13.828193969499555,4.120917644801065
2017-05-28 00:00:00,6.779691375941964,0.14819115676711547,13.95198846312796,6.148101568713924
2017-06-04 00:00:00,6.361272852147662,-0.9542319032870665,13.436918037823972,10.04202608723459
2017-06-11 00:00:00,6.245095347065175,-0.4177245417187372,13.211390382845236,9.88617092509558
2017-06-18 00:00:00,6.387909121798251,-0.5861838007013063,13.661826953631664,7.666889461658745
2017-06-25 00:00:00,6.549226076612027,-0.4401034607959655,13.126977644712822,3.603727526011084
2017-07-02 00:00:00,6.504635880608854,-0.6908484407436415,13.937355456050378,0.3120983500780037
2017-07-09 00:00:00,6.207340313996063,-0.45877018362003597,13.182123645792007,0.2608117210213734
2017-07-16 00:00:00,5.802364791831503,-1.849416630974213,12.853488948966039,1.9607042730571749
2017-07-23 00:00:00,5.542022347360035,-1.1479634080199101,12.76966346072357,5.266089655843449
2017-07-30 00:00:00,5.663082867856414,-1.0876690147617811,12.64458058666313,12.624724934375807
2017-08-06 00:00:00,6.235267795659183,-0.5275693307068057,12.844631796902807,14.450285780587608
2017-08-13 00:00:00,7.034925955889147,-0.38160716994189237,14.098122669356945,13.522025754999069
2017-08-20 00:00:00,7.595268420988285,0.6564133401835477,14.083555735939155,10.031931530037513
2017-08-27 00:00:00,7.517939683413241,0.42382287232814875,14.528064433542468,6.571882227243812
2017-09-03 00:00:00,6.852159673862566,-0.028052883394709127,14.265496001744415,5.340019825342014
2017-09-10 00:00:00,6.154955375889794,-0.23204041450419233,13.157116932811984,6.233140357795636
2017-09-17 00:00:00,6.061767345238247,-1.3355610212035707,12.854401925897852,9.116709589618536
2017-09-24 00:00:00,6.699555038106294,-0.899272647847198,13.355258052831491,11.967648343259574
2017-10-01 00:00:00,7.524059674393898,0.0741285583029736,14.316057587155889,13.410214198886887
2017-10-08 00:00:00,7.800881359215325,0.8990088882959633,14.498966836256928,13.362854848846023
2017-10-15 00:00:00,7.290893082453338,0.4330553330878004,14.687156419592355,11.88825060900751
2017-10-22 00:00:00,6.456607373800744,-0.3166424767617393,13.229205155427664,11.290025415570875
2017-10-29 00:00:00,5.9859229166387,-0.9216070768780824,12.721302788931911,9.382172579836258
2017-11-05 00:00:00,6.138844913550597,-0.5883943700729866,13.320781319513397,7.801557689467289
2017-11-12 00:00:00,6.587057371303017,-1.091747153020405,13.145656683820055,6.577068315125574
2017-11-19 00:00:00,6.859407233829328,-0.5305664360510107,13.566011826143868,4.950163507564954
2017-11-26 00:00:00,6.858651966424364,-0.03529929609455351,13.305000240591495,5.569083039412258
2017-12-03 00:00:00,6.891512466347577,-0.3064339920034467,14.197222061984629,7.144293852465604
2017-12-10 00:00:00,7.241972105240777,0.5938634118250299,14.445789478811424,9.598211600557184
2017-12-17 00:00:00,7.8235241382726155,0.9494211601971791,14.18988293605791,13.338550495325505
2017-12-24 00:00:00,8.273961180540272,1.2832542058611178,15.619968759576638,14.009660180112068
2017-12-31 00:00:00,8.369538262451842,1.021363918775922,15.29962561289036,12.970316477058034
2018-01-07 00:00:00,8.223465121281876,1.2867666551674866,15.479966447962916,10.310440847504395
2018-01-14 00:00:00,8.091821284035111,0.8210526122773256,14.676068448302534,7.781582711628454
2018-01-21 00:00:00,8.060742667800804,1.1999192116074973,15.310862238421612,6.265875092876562
2018-01-28 00:00:00,7.995327612924248,1.110887075960143,14.778878674591198,6.0731182164133966
2018-02-04 00:00:00,7.771630108267676,0.31522216955494464,14.79585232151063,7.141175979081588
2018-02-11 00:00:00,7.468937372500934,0.41621693972148144,14.833955227030284,8.080625558187734
2018-02-18 00:00:00,7.282519384911056,0.18971848497626986,14.427242527286435,8.43770198207109
2018-02-25 00:00:00,7.285171685180492,0.23824479887262662,14.28582710959216,7.95295160375084
2018-03-04 00:00:00,7.343442473085907,0.1422191118687035,14.095632701286704,6.685008855990336
2018-03-11 00:00:00,7.281161892857622,0.5107799781569877,14.612335058466195,5.129701803462812
2018-03-18 00:00:00,7.07584084102681,0.17464496678274877,14.503953511482877,5.461295355506417
2018-03-25 00:00:00,6.858182312134139,-0.5999816797360733,13.347351786113718,6.997878532706274
2018-04-01 00:00:00,6.750021080911104,0.20775744341809066,13.995366487668852,9.6728763083245
2018-04-08 00:00:00,6.7622177070774585,0.21234591524472712,13.64469922314397,13.364460404637796
2018-04-15 00:00:00,6.856654594628708,0.03900832452075953,13.734927814025557,14.582908992487422
2018-04-22 00:00:00,7.040509227046574,-0.24081670214055428,13.65420869200858,14.229199044973404
2018-04-29 00:00:00,7.331447447210117,0.31981489740432956,13.945723283793079,12.346935557901384
2018-05-06 00:00:00,7.638906954445034,1.2310516238330909,14.522418757656345,11.459620422199908
2018-05-13 00:00:00,7.755880287344187,0.7278006612742747,14.836775738412822,8.80451368477655
2018-05-20 00:00:00,7.531679029376891,0.9221570641180623,14.645566400369866,6.452677841081556
2018-05-27 00:00:00,7.051114945675604,-0.07924382187062484,14.54293213732655,4.4394760519419885
2018-06-03 00:00:00,6.600892341929016,-0.733595029909015,13.852000061896984,2.526048005656904
2018-06-10 00:00:00,6.431091170153029,-0.8351862239999956,13.284819776960997,3.2021910653913936
2018-06-17 00:00:00,6.547368828304822,-0.43031402781287476,13.911605010977313,5.223973865852524
2018-06-24 00:00:00,6.730464632065778,-0.13179739969216975,13.536121990622966,8.520467063099177
2018-07-01 00:00:00,6.737473464861886,-0.3613057021908972,13.62076578276749,14.125568501531747
2018-07-08 00:00:00,6.4846794188590335,-0.5917322933352178,13.9013808212288,15.355394005065476
2018-07-15 00:00:00,6.0873283954735555,-0.8374222315784348,13.130809218983927,14.09385043070344
2018-07-22 00:00:00,5.786777126762422,-0.647986347252063,12.557111205436895,10.431282062699337
2018-07-29 00:00:00,5.832945072674137,-0.9915610383527795,13.002081602824147,6.611949037727808
2018-08-05 00:00:00,6.336968521419671,-0.5997549084433125,13.115928056412614,4.670292552772397
2018-08-12 00:00:00,7.13120820389126,-0.030005064626495326,14.580761222538374,4.833665102377125
2018-08-19 00:00:00,7.776317239320245,0.6030929429657537,15.04280688564016,7.029562307122667
2018-08-26 00:00:00,7.831024146928664,1.0178562566854072,14.807671816243081,9.449647971181513
2018-09-02 00:00:00,7.253971581811066,0.5919406976204336,14.364028761351934,10.13482078400532
2018-09-09 00:00:00,6.522600414901502,-0.49590997161402406,13.549031071855737,9.008159029756056
2018-09-16 00:00:00,6.30460463054312,-0.42819554092129763,13.189314146640745,6.125576215057115
2018-09-23 00:00:00,6.8484572647754,-0.07256293568892325,13.902448719601376,3.4852409860840607
2018-09-30 00:00:00,7.710774114855312,0.9599129586828212,14.520487698896556,1.3474308806479842
2018-10-07 00:00:00,8.137106545453827,1.1861921638149902,15.644053412330333,0.8653373908234663
2018-10-14 00:00:00,7.763896528863843,0.7973749016484568,15.107990675458296,2.0171467424444898
2018-10-21 00:00:00,6.9468665036570565,-0.22381489513650443,13.99733662341329,2.9307770212204933
2018-10-28 00:00:00,6.386610695145064,-0.581065229475211,13.153009818320246,4.693162387748675
2018-11-04 00:00:00,6.451523043364603,-0.2227292710634039,13.494428189004518,6.672576751049436
2018-11-11 00:00:00,6.898735172356333,-0.1801978708794234,13.697019056029003,8.848952839981395
2018-11-18 00:00:00,7.2373499160015875,0.6879270857527668,14.797965898748716,12.58461485155097
2018-11-25 00:00:00,7.28335549019855,0.21002614454144108,13.850583292982602,13.423561548965104
2018-12-02 00:00:00,7.295002849990043,-0.33890547470062593,14.260100441750186,12.949670426357743
2018-12-09 00:00:00,7.596158097239987,0.3072037614006007,14.7399125191134,11.19067017312618
2018-12-16 00:00:00,8.168474421570279,1.4433025700103208,15.07646547083101,9.54038342692041
2018-12-23 00:00:00,8.675241665600696,1.9536081802281249,15.961465053580216,7.86451124434183
2018-12-30 00:00:00,8.84275680164917,2.111176218512071,15.888143477805485,6.88023561788177
2019-01-06 00:00:00,8.728197746236473,1.1883391405846364,15.358265171997395,6.575495710855993
2019-01-13 00:00:00,8.587636923296616,1.6262919867344863,15.347445058064572,6.3264725388299725
2019-01-20 00:00:00,8.551892469804033,1.8547876930191478,15.755484603499204,6.1113583758402426
2019-01-27 00:00:00,8.51349087377611,1.5578807107868364,15.227198868968165,5.676369479249292
2019-02-03 00:00:00,8.326369899835377,1.1551730014529689,14.949263193205773,5.0312686060804905
2019-02-10 00:00:00,8.03138274523955,1.45149768975714,15.14440007081826,4.222164247362454
2019-02-17 00:00:00,7.820350696634076,1.052013274289731,14.58625433076735,4.2612328324057245
2019-02-24 00:00:00,7.8018130262247265,1.0740281078098395,14.56030010102019,4.843719344222143
2019-03-03 00:00:00,7.872760653885116,0.6656254113085378,14.374618798945384,5.960774576009676
2019-03-10 00:00:00,7.847195034243515,1.0001294467370005,15.010142559226272,7.260120849257258
2019-03-17 00:00:00,7.668200247786393,0.15145390054948926,14.500555590148826,8.366132459611737
2019-03-24 00:00:00,7.448974980881515,0.4523343213489408,14.565793320509101,9.232643302388594
2019-03-31 00:00:00,7.324954129249518,0.5359601837804782,14.91143569767166,9.859307388742412
2019-04-07 00:00:00,7.326376517249544,0.755512687536525,14.608663393381029,10.733685900694915
2019-04-14 00:00:00,7.415080503460279,0.4756928168153909,14.393296309748736,10.840396082515849
2019-04-21 00:00:00,7.588107172515235,0.8872112837428343,15.12630858675169,10.661126858958754
2019-04-28 00:00:00,7.8699013600442855,1.2771373929742715,14.956296242507195,10.19815115783048
2019-05-05 00:00:00,8.195375350698892,0.6713799616040763,14.814539850324307,9.827690557285944
2019-05-12 00:00:00,8.36977787286182,2.270175431900469,15.734301602990357,9.096511167007298
2019-05-19 00:00:00,8.215895913621427,1.2582966531067203,15.450321090131546,8.313605153979745
2019-05-26 00:00:00,7.771166316141256,0.7365714427165084,14.465614622350891,7.480397121727007
2019-06-02 00:00:00,7.300160066975823,0.537381073619974,14.170661101244852,6.707039918042955
2019-06-09 00:00:00,7.0792737372474726,0.394636547096594,14.561510379093853,5.984751000241525
2019-06-16 00:00:00,7.163851813190831,0.06584904067685571,14.258670107866603,5.371894171972689
2019-06-23 00:00:00,7.362893742765636,0.6790653152497637,14.339336916453663,4.867711909742833
2019-06-30 00:00:00,7.42118017594986,0.6276724532100442,14.647225095504684,4.418982639404264
2019-07-07 00:00:00,7.21921050046887,0.89432874876384,14.571020939901976,4.009209393279299
2019-07-14 00:00:00,6.839912048509678,-0.2655015535458194,14.19031939794275,3.615988686754756
2019-07-21 00:00:00,6.509936206618478,-0.8937850977216133,12.965404442489062,3.24341728056168
2019-07-28 00:00:00,6.487601733633167,-0.8944805327183865,13.318148491271852,2.7815451408256795
2019-08-04 00:00:00,6.9205868991619575,-0.1181563362108271,13.107538742289902,3.138935298845764
2019-08-11 00:00:00,7.697088662904864,0.511690589012666,14.942965301638875,4.002110739111584
2019-08-18 00:00:00,8.414156631176448,1.4913449887306474,15.688219859883219,5.365006821216972
2019-08-25 00:00:00,8.60129296439885,1.2496908124040083,16.27738692845814,7.146497391552929
2019-09-01 00:00:00,8.116472979584644,1.6493906071806066,15.07853958534782,8.378485705857743
2019-09-08 00:00:00,7.361050667540297,0.679779310942104,14.630624821705853,9.215687104479636
2019-09-15 00:00:00,7.014049726241815,0.16651478248625118,14.242997299351039,9.656424798109695
2019-09-22 00:00:00,7.435756292536573,0.46906177363871393,14.352949023060361,10.47685109487232
2019-09-29 00:00:00,8.296775173675062,1.46608083454921,14.851495610887355,9.706551354702963
2019-10-06 00:00:00,8.84708248000176,1.7850297510104713,15.798905887622144,8.212101601065013
2019-10-13 00:00:00,8.610161599363773,2.046280886219785,15.621217028672376,6.001590949359704
2019-10-20 00:00:00,7.821798909086596,1.367597120554528,14.69708547291679,4.217415545610059
2019-10-27 00:00:00,7.171575461367688,0.06979305407938696,14.396524480121395,2.130991484714682
2019-11-03 00:00:00,7.1266481604089345,-0.4154902327047232,14.467743101861547,0.8685474657645634
2019-11-10 00:00:00,7.542563483526537,0.562413550655199,14.613972787652786,0.4268445039106948
2019-11-17 00:00:00,7.928231770683697,1.3141841112787827,14.659994045227212,0.411953571066438
2019-11-24 00:00:00,8.017446343447988,0.5815690319711777,14.688155045737686,0.6826835993698405
2019-12-01 00:00:00,8.00648942770956,1.428403078109067,15.201599913650334,1.09086680379991
2019-12-08 00:00:00,8.244697408487642,0.9552038483510366,15.513300994441268,1.636395025763812
2019-12-15 00:00:00,8.788163365195503,1.2462600745890153,15.344762830637174,2.446680218073161
2019-12-22 00:00:00,9.334029852349488,2.1223915113569216,16.47444263455008,3.283216688463503
2019-12-29 00:00:00,9.568042462226893,2.346485206531707,16.578959347220653,4.24060583126489
2020-01-05 00:00:00,9.486473328551641,2.5374862734746966,16.41238048976657,5.317095262198444
2020-01-12 00:00:00,9.333802164541407,2.493797471439221,16.40992686754921,6.726398985805755
2020-01-19 00:00:00,9.281629990960976,1.8571695163648254,15.857197050074983,7.547930529412902
2020-01-26 00:00:00,9.257186324830446,2.59385759846338,15.922179165601433,8.054188405953527
2020-02-02 00:00:00,9.100371232844573,2.4404514664542063,16.656839014782296,8.246678078827816
2020-02-09 00:00:00,8.812244963500918,1.6220963302497466,15.845202101862462,8.396394045349563
2020-02-16 00:00:00,8.572757210702175,0.9402233509965381,15.381037446898533,8.473277334302455
2020-02-23 00:00:00,8.521641821750812,1.2388651931126695,15.79120970560546,8.638111869967243
2020-03-01 00:00:00,8.590984914324657,1.3268976269204629,15.973504821802639,8.88931175038074
2020-03-08 00:00:00,8.592513236234627,2.0667058905955678,15.90394592909423,9.259145384666848
2020-03-15 00:00:00,8.43623155550801,1.8128429221747968,15.161091008347928,9.081378200497335
2020-03-22 00:00:00,8.212451723068057,1.610040003292509,15.25356948414969,8.509530239154873
2020-03-29 00:00:00,8.065700197635683,0.639297097367681,14.999246410918598,7.547041175680944
2020-04-05 00:00:00,8.047089753660222,1.0643038469808364,15.274691313017142,6.379465306700185
2020-04-12 00:00:00,8.122291473042104,1.6225142239870092,15.164227274723109,6.092478847864973
2020-04-19 00:00:00,8.27795677368238,1.5004937952126731,15.491849144214545,6.546108222322157
2020-04-26 00:00:00,8.540989088200519,1.2809563149320358,15.123030549619052,7.735243623112685
2020-05-03 00:00:00,8.870135659102182,2.0705518273127783,16.122160444367424,9.382008372255047
2020-05-10 00:00:00,9.088013508386915,1.8280701364984502,16.031861726549984,9.63767878025361
2020-05-17 00:00:00,8.99789788663501,1.6343435390039982,15.60116252988633,8.647675106116417
2020-05-24 00:00:00,8.590386003157986,1.6418254139414614,15.619733296156046,6.419673741374927
2020-05-31 00:00:00,8.100406457767644,1.609186391072944,15.054484210957066,3.6775654734285
2020-06-07 00:00:00,7.822565999252639,0.8430030002584488,14.523897360460499,3.108198051767568
2020-06-14 00:00:00,7.861108863812374,1.3377647351892232,14.750930265717011,4.451687774364579
2020-06-21 00:00:00,8.059689293448052,0.9786883258086654,15.508287756370903,7.699790700439354
2020-06-28 00:00:00,8.157585993073205,1.0675769218296072,15.226022465065258,12.238581829741117
2020-07-05 00:00:00,8.00157359449793,1.254538255996538,14.642612381694327,14.427994306260542
2020-07-12 00:00:00,7.640151385078704,0.3559366029222968,14.782729819794664,14.349146532589335
2020-07-19 00:00:00,7.281658003338123,0.07741551469745467,14.390637922453948,12.008555331409008
2020-07-26 00:00:00,7.188264479176142,0.35403349239725834,14.076557328409276,8.8529493994926
2020-08-02 00:00:00,7.539096184314706,1.0396483288382132,14.425665308762746,6.378116762346725
2020-08-09 00:00:00,8.276717225868833,1.34146823056677,15.032935307600196,5.391434893975868
2020-08-16 00:00:00,9.041884988204366,1.7573126916538566,16.642151308529364,5.889637944184809
2020-08-23 00:00:00,9.348543424394686,2.244315716794212,15.595089401210569,6.93345210230636
2020-08-30 00:00:00,8.969490063688774,2.1024893791723596,15.860782005765909,7.779206695252213
2020-09-06 00:00:00,8.213429434300531,1.2484682541715717,14.654660459891119,7.997557519746918
2020-09-13 00:00:00,7.750041472476836,0.5812242929267821,15.094647284256986,7.589370682694509
2020-09-20 00:00:00,8.038322912549349,1.4214294744992468,15.343731752466462,6.995957101487908
2020-09-27 00:00:00,8.872062253445202,1.650757024483779,15.739904375071317,6.094411139898806
2020-10-04 00:00:00,9.529836815170334,2.028926910895457,16.69616924425895,5.230169658549069
2020-10-11 00:00:00,9.43750389591913,2.6432895278108894,16.269175142788036,4.404152100064216
2020-10-18 00:00:00,8.701829304995321,1.3103133008229157,15.85056284745201,3.599004036495089
2020-10-25 00:00:00,7.97768663064263,0.5149947280490821,14.817524702205997,3.815936106410318
2020-11-01 00:00:00,7.81748417615681,0.5582894800811768,14.589189707380799,4.843174765161178
2020-11-08 00:00:00,8.184705247946754,1.1501389717709607,15.353073464899492,6.679127091933416
2020-11-15 00:00:00,8.608241628430344,1.3847756017907393,15.645878546150985,9.096488945759448
2020-11-22 00:00:00,8.74789597142902,1.5446776927904544,15.415142737608036,10.586393944838276
2020-11-29 00:00:00,8.726839294964588,1.9505339553461791,16.014289031901658,11.160181272146485
2020-12-06 00:00:00,8.904067144995189,1.4977801600269807,15.628123081551642,10.818867837255794
2020-12-13 00:00:00,9.407943064060987,2.1460681042890535,16.08626331290721,10.068789552678124
2020-12-20 00:00:00,9.981910064152173,2.735465247476336,16.728982999753644,9.405741382762384
2020-12-27 00:00:00,10.282519115296433,3.102796232293443,16.726391265508685,9.137264193742006
2021-01-03 00:00:00,10.242736774254098,4.123846161688907,16.75217690738694,9.262688870817486
2021-01-10 00:00:00,10.083941774100994,3.138625174335763,17.058349820324594,9.614043141961275
2021-01-17 00:00:00,10.012512892258417,2.484984119953353,16.646912495194048,9.321491516109784
2021-01-24 00:00:00,9.996144936170321,2.9385871167428856,16.807615390906452,8.375342735567964
2021-01-31 00:00:00,9.869623988445152,3.1510402568651026,16.48852659018948,6.776158606360971
2021-02-07 00:00:00,9.594785748921858,2.792472768989814,16.574144268072185,5.0361483996360645
2021-02-14 00:00:00,9.331814584271745,2.18506277104915,16.148821517103368,3.2767828177324287
2021-02-21 00:00:00,9.245675923673424,2.945235210529912,16.295741460028058,1.960905788388439
2021-02-28 00:00:00,9.306733019776164,2.6532364302874356,15.96360672015037,1.088507994243066
2021-03-07 00:00:00,9.332246276415114,1.9822026818296887,16.30362713181097,0.5847506398797814
2021-03-14 00:00:00,9.201964853503345,2.131679947811131,16.284009068154795,0.575170401645493
2021-03-21 00:00:00,8.978695074133196,1.5584425014396839,16.132710789368065,0.942093206180968
2021-03-28 00:00:00,8.810794847371172,2.1966996077537253,15.604950135083474,1.6854337522937577
2021-04-04 00:00:00,8.770700152398312,2.1980287576069273,15.715583079566862,2.778641599579662
2021-04-11 00:00:00,8.83190602631313,2.244311964759447,15.243459666796461,3.998461421741673
2021-04-18 00:00:00,8.9714206796907,2.6476664111867017,16.00562581529855,5.336941857806684
2021-04-25 00:00:00,9.214615166953397,1.9020155649628876,16.442083005227456,6.793836120871981
2021-05-02 00:00:00,9.541438620763497,2.706767406805394,16.905813868833775,8.449067051020238
2021-05-09 00:00:00,9.795884851713703,2.9948124269953045,16.535935044835753,9.080195881883265
2021-05-16 00:00:00,9.769049308954353,2.552125573879719,16.327233729781145,8.824023149409294
2021-05-23 00:00:00,9.406795644698866,2.6104833447244644,15.841653643767373,7.680898917687206
2021-05-30 00:00:00,8.907982454535079,1.7788279453301161,15.698282920678356,6.05026097498225
2021-06-06 00:00:00,8.576709241057792,1.0869843663380152,14.884975998725027,5.16518954900165
2021-06-13 00:00:00,8.563755846061909,1.4156148450629615,15.75158211078979,5.229901373707477
2021-06-20 00:00:00,8.752946293787277,1.4480264559769758,15.937122824675413,6.244105102308622
2021-06-27 00:00:00,8.885324256382601,1.7721348575503555,15.895078510193677,7.788328486648467
2021-07-04 00:00:00,8.776957874965207,1.8600038898462934,15.871933626433776,8.408370930677673
2021-07-11 00:00:00,8.440337526292197,1.28051945248788,15.209880040861359,7.873116440686793
2021-07-18 00:00:00,8.062034278289008,1.0096209845085387,14.71352919626175,6.182793141987064
2021-07-25 00:00:00,7.903725947732973,0.9284795248013591,15.01581510508714,3.853423738321376
2021-08-01 00:00:00,8.170808607175962,0.5704888001820816,15.47586795741557,2.380811186709568
2021-08-08 00:00:00,8.857642662617453,2.121538921503932,15.866625830567513,2.0999074875025268
2021-08-15 00:00:00,9.654293259621703,3.0419332760795843,16.838516540475116,3.01058558746653
2021-08-22 00:00:00,10.072369622763755,2.8698108205302084,16.7494670294914,4.635020716333517
2021-08-29 00:00:00,9.809389740298846,2.9013787894759027,16.6298012684034,5.821112226701208
2021-09-05 00:00:00,9.075723045252438,1.6360029508945697,15.900342891940372,6.265394737088946
2021-09-12 00:00:00,8.511957911709185,1.4770482468498116,15.4837956058224,5.96792931987633
2021-09-19 00:00:00,8.659820499253984,1.2173236794644318,15.638240382928501,5.232265417604174
2021-09-26 00:00:00,9.441309100020124,2.611065767979989,16.295301573905352,5.029353657195465
2021-10-03 00:00:00,10.186647010529056,3.350078627660456,16.919801714964272,5.570917743064855
2021-10-10 00:00:00,10.242708902796547,3.362127908217605,17.366482877739948,6.856920182135508
2021-10-17 00:00:00,9.58256097808109,2.3107568412121413,16.43702389467198,8.60723167648744
2021-10-24 00:00:00,8.803562011851414,1.7631901930000335,15.824671934707222,9.727512112442732
2021-10-31 00:00:00,8.526424485566476,1.78895668285025,15.97841725646241,10.014075656873578
2021-11-07 00:00:00,8.82820434465116,1.6387732405366418,15.938140441755946,9.466942554196253
2021-11-14 00:00:00,9.277771871686278,2.0753242629704136,16.667575492938948,8.405541862045737
2021-11-21 00:00:00,9.472517714072637,2.355657308189473,16.472464064222585,7.921792201193817
2021-11-28 00:00:00,9.454240620085931,2.6586017105413866,17.07625660987938,8.2666738604019
2021-12-05 00:00:00,9.575033490335095,2.5731592974653807,16.279312923128188,9.440177076358546
2021-12-12 00:00:00,10.030204820525467,2.9243746457384994,17.30113733756126,11.108064429580295
2021-12-19 00:00:00,10.620210877920364,4.014512497230611,17.532857323051015,11.980673818026942
2021-12-26 00:00:00,10.985267485420964,4.0756005115521345,17.80452897474178,11.781032408941352
2022-01-02 00:00:00,10.995281808417106,3.4102851383891846,17.754618746229312,10.509143343451406
2022-01-09 00:00:00,10.837623422183968,3.7270663713936214,17.771251667202918,8.539659320423375
2022-01-16 00:00:00,10.745557201800143,4.27407304832001,18.012785825712527,7.2276907754492195
2022-01-23 00:00:00,10.731180688616584,3.506460474654393,17.627710701664558,6.907167977513378
2022-01-30 00:00:00,10.63352330514259,3.5234766559688895,17.9956394348283,7.578090926614027
2022-02-06 00:00:00,10.377692057421836,3.9119042146256087,17.698623654747543,9.219838849670117
2022-02-13 00:00:00,10.097115751130806,2.577449765293501,16.777552476809507,11.867731108496352
2022-02-20 00:00:00,9.974870863706096,2.955994669264113,17.315904737706404,15.504856629405833
2022-02-27 00:00:00,10.021143771103038,3.442742569885639,17.20796760507009,20.131215412427704
2022-03-06 00:00:00,10.066446504501153,3.080333478203748,17.108574736004627,79.75518166386809
2022-03-13 00:00:00,9.96448810835322,3.126875591634578,16.94948278958082,0.4350205682436586
2022-03-20 00:00:00,9.746962254963437,2.996372279984447,16.55884078263528,5.801467387692389
2022-03-27 00:00:00,9.56027434643843,2.5396808121997836,16.105287779057992,9.992164380195868
2022-04-03 00:00:00,9.497504594373114,3.3462734406973658,16.29470613730059,7.881400862877584
2022-04-10 00:00:00,9.543829824673224,2.928432234261532,16.537356138612143,8.995825955686009
2022-04-17 00:00:00,9.668306418383652,2.1865533631768006,16.14509693979784,9.397828796404198
2022-04-24 00:00:00,9.891332406022089,2.3080608034654553,17.1973511833689,9.087409385032212
2022-05-01 00:00:00,10.210625403673408,3.6414475077904047,17.039173714181302,24.54533263481273
2022-05-08 00:00:00,10.494344643511816,3.667524629080103,17.57198202145369,19.722022109420266
2022-05-15 00:00:00,10.52875148357914,3.5845748839237643,17.41710454941621,15.139737364276346
2022-05-22 00:00:00,10.218534062568825,3.570059021876159,17.485670922427655,11.31783889149066
2022-05-29 00:00:00,9.721356282266063,3.0206745543582265,16.706814921406036,9.468216922330049
2022-06-05 00:00:00,9.341786958967303,2.6079369456852444,16.79268053302099,7.170988230393213
2022-06-12 00:00:00,9.273250231214242,2.6972642664353454,16.60047399412184,7.588911980763204
2022-06-19 00:00:00,9.444155163922604,2.193737254541972,16.34134332264328,11.134347866513531
2022-06-26 00:00:00,9.604823894312144,2.309017714993656,16.782161903165946,4.070407813958651
2022-07-03 00:00:00,9.544592808319834,2.5387126825174793,16.8348728525951,6.061727400205984
2022-07-10 00:00:00,9.238993980163977,2.3900482785859083,16.428897828135696,7.390339242881271
2022-07-17 00:00:00,8.849556961297361,1.404209952117025,15.693695115898503,7.736429542954096
2022-07-24 00:00:00,8.633309121499058,1.2084032886968075,15.747648328525704,23.470530424944435
2022-07-31 00:00:00,8.816771223730258,1.7162230853077567,15.7551853891446,18.84798201456387
2022-08-07 00:00:00,9.44263072550729,2.149823035211618,15.713486837252045,15.120498084829244
2022-08-14 00:00:00,10.254147122898535,3.245695963895465,17.236349996436942,13.285920475662447
2022-08-21 00:00:00,10.772998344350086,3.908038328760221,17.61129999398618,9.752314967562292
2022-08-28 00:00:00,10.632987780895553,3.592407322884841,17.847222840441667,10.93044544862494
2022-09-04 00:00:00,9.943684252710558,2.8294213477276227,16.933929073655154,12.045886964162897
2022-09-11 00:00:00,9.298381251047024,1.9485441082899495,16.21641195099934,12.73737961964987
2022-09-18 00:00:00,9.303284663942577,2.579851497428308,16.235773549787552,13.503833052334748
2022-09-25 00:00:00,10.00936368729135,2.836120944765767,17.21702559557535,13.317107548266016
2022-10-02 00:00:00,10.819616583962315,3.779422504628535,17.511344034826408,12.545455865376049
2022-10-09 00:00:00,11.023223444856452,4.257910515197524,18.088118056498374,11.151411534023191
2022-10-16 00:00:00,10.45945869787006,3.8144976043423453,17.775471210940516,13.421512585882777
2022-10-23 00:00:00,9.647090092465504,2.5868254433838054,16.45853415081555,10.124544352624824
2022-10-30 00:00:00,9.255338430992701,1.8664290904933054,16.237325709531856,9.478635284608073
2022-11-06 00:00:00,9.476287745941729,2.7862581990145756,16.17137072524085,12.441334776884323
2022-11-13 00:00:00,9.937801357945126,2.909474310791218,16.854233332636404,5.540744363958343
2022-11-20 00:00:00,10.189411864342919,3.1399359562109206,17.658084938419492,8.240717423016998
2022-11-27 00:00:00,10.18658057062291,3.538044134712048,17.864554567870535,10.3078315221494
2022-12-04 00:00:00,10.257877923559574,3.209566767821273,17.366461538503348,11.27317169087526
2022-12-11 00:00:00,10.657240227884088,3.178306195650877,17.68131345523654,27.80779143644574
2022-12-18 00:00:00,11.250616379137973,4.228403285068083,18.10431293884401,25.13806841617919
2022-12-25 00:00:00,11.675726259744698,4.521048702746617,18.474231210219173,22.46304245824427
2023-01-01 00:00:00,11.742368073763341,4.646798354679273,18.58294166835021,20.574931689130803
2023-01-08 00:00:00,11.594102271081,4.523796457368573,18.737556673012463,20.145162300008284
2023-01-15 00:00:00,11.481612605443491,4.533144628329764,18.700969715412796,19.79059885953814
2023-01-22 00:00:00,11.463277845330484,4.656092003088414,18.098069347309988,20.04519688530354
2023-01-29 00:00:00,11.391721826488837,4.709427612943445,18.854994483536995,20.847533955150023
2023-02-05 00:00:00,11.159655920210167,3.939170330162675,18.080332009953004,
2023-02-12 00:00:00,10.86800447018793,3.717105328538641,18.213287967066318,
2023-02-19 00:00:00,10.709990589765118,3.201597342637367,17.32081420201192,
2023-02-26 00:00:00,10.735440811396074,3.8042614656665448,18.25973061276146,
2023-03-05 00:00:00,10.795398558364704,4.321008409462539,17.658196006418397,
2023-03-12 00:00:00,10.722988339136862,3.5919724431832236,17.433917725621907,
2023-03-19 00:00:00,10.516402262539348,3.711928229803908,17.212420842780645,
2023-03-26 00:00:00,10.314047363607287,3.205193853018768,17.20720147203585,
2023-04-02 00:00:00,10.227816966029458,3.099543395346661,17.35962819249223,
2023-04-09 00:00:00,10.258049002017774,3.0029593215651857,16.91422620267315,
2023-04-16 00:00:00,10.368375980315106,3.1093576815041244,17.420671806704497,
2023-04-23 00:00:00,10.571518695257334,4.0788459780679505,17.219030521200374,
2023-04-30 00:00:00,10.878955961046547,3.726031526350382,17.772379148559644,
2023-05-07 00:00:00,11.184524477109782,4.176516557953871,18.58997841642638,
2023-05-14 00:00:00,11.276713283300701,4.1808644606749645,18.442830305044538,
2023-05-21 00:00:00,11.023869572321313,4.060225414151077,17.9687967939035,
2023-05-28 00:00:00,10.538810382876454,3.806878602734267,17.319007077238165,
2023-06-04 00:00:00,10.117563637117845,2.6762769903693275,16.723498826357535,
2023-06-11 00:00:00,9.990887748670625,3.1006104498369345,17.03263424436963,
2023-06-18 00:00:00,10.134904061571492,3.0106189343898624,17.244765047932773,
2023-06-25 00:00:00,10.31674113267518,3.3063753913796132,17.22895155779038,
2023-07-02 00:00:00,10.303895799540927,3.1133388500271346,17.04860386781034,
2023-07-09 00:00:00,10.034723954295387,2.815355991277656,16.439136280561264,
2023-07-16 00:00:00,9.642667519207645,2.103102363462529,16.12788919220197,
2023-07-23 00:00:00,9.376115962629262,1.998249497395479,16.361641200786053,
2023-07-30 00:00:00,9.47768162385278,2.4218394514429917,16.183449908330243,
2023-08-06 00:00:00,10.034215775511537,3.1783246331768122,17.095741951828508,
2023-08-13 00:00:00,10.844402945806255,3.563504316076548,17.618831978711885,
2023-08-20 00:00:00,11.451256249485294,4.8561380199812545,18.325683706473725,
2023-08-27 00:00:00,11.437628402267626,4.312577511981306,18.67934422514129,
2023-09-03 00:00:00,10.812967801529199,4.055837327547379,18.330518852881546,
2023-09-10 00:00:00,10.107155872872886,3.1001156949530033,16.80317848007948,
2023-09-17 00:00:00,9.971032139147574,3.060274280191649,16.701325456922305,
2023-09-24 00:00:00,10.581089167757497,3.6772373155546694,17.778103322546727,
2023-10-01 00:00:00,11.431608213202926,4.799971376208843,18.317437882354767,
2023-10-08 00:00:00,11.777249597297144,4.538663619082595,18.634258895849165,
2023-10-15 00:00:00,11.32800306604228,4.2773528521620925,17.954339453182254,
2023-10-22 00:00:00,10.505483647926068,3.372602880717573,17.25499468205664,
2023-10-29 00:00:00,10.005477837538978,3.2298196052595873,17.030647494217344,
2023-11-05 00:00:00,10.132238516134803,2.988767606024407,16.93014282494002,
2023-11-12 00:00:00,10.589874497740922,3.7311287855055832,17.790107103866614,
2023-11-19 00:00:00,10.897061030242618,3.827580519681936,17.917458846155906,
2023-11-26 00:00:00,10.921537372250574,4.111764314251871,17.67242347929099,
2023-12-03 00:00:00,10.952382466418184,4.036323184233838,17.84086544649626,
2023-12-10 00:00:00,11.291147755390567,4.808958941350946,18.553548972130244,
2023-12-17 00:00:00,11.875108741369482,5.114271913693782,18.724551942347738,
2023-12-24 00:00:00,12.353731172304174,5.041459749696419,19.15321084226987,
2023-12-31 00:00:00,12.48229877564128,4.737762443962603,19.243063505828047,
2024-01-07 00:00:00,12.352341437858447,5.197559203037878,19.31052264146866,
2024-01-14 00:00:00,12.221309421801354,5.721634356637573,19.192250305433536,
2024-01-21 00:00:00,12.193538511816055,5.5989716500611575,19.00654232639127,
2024-01-28 00:00:00,12.144143493990965,4.892313462564888,19.600349947066363,
2024-02-04 00:00:00,11.939432381885343,4.602685330960354,18.771324095521706,
2024-02-11 00:00:00,11.643602509538445,4.208396318562094,18.93193428321786,
2024-02-18 00:00:00,11.45157273104865,4.400011971044333,18.525658226120452,
2024-02-25 00:00:00,11.45088281107254,4.843387419778303,18.427826367019716,
2024-03-03 00:00:00,11.519614485591879,4.243450454962896,18.07825509965609,
2024-03-10 00:00:00,11.476790109789235,4.738837252695693,18.44116162995453,
2024-03-17 00:00:00,11.286084054873472,3.977462764530544,18.195013131587004,
2024-03-24 00:00:00,11.071881131405599,4.347350750629522,17.691100520638056,
2024-03-31 00:00:00,10.961940891308348,4.03422012970759,17.713751400496943,
2024-04-07 00:00:00,10.974633773710442,3.7768470544710437,17.767428087108264,
2024-04-14 00:00:00,11.071376770507817,4.125127638529992,18.457970689618893,
2024-04-21 00:00:00,11.255387775704941,4.178280104672702,18.465959248213693,
2024-04-28 00:00:00,11.547573772703384,4.708030078979473,18.15834140475987,
2024-05-05 00:00:00,11.867688678411973,4.591991192721437,18.98144276451679,
2024-05-12 00:00:00,12.012949956675994,4.368004147392281,18.903341734669905,
2024-05-19 00:00:00,11.821250848489981,4.803645152217087,18.493745587928053,
2024-05-26 00:00:00,11.358492554870972,4.447602829756627,18.12267807499137,
2024-06-02 00:00:00,10.903485790343225,3.5864403398221896,17.67773518956534,
2024-06-09 00:00:00,10.717758848449414,3.7516853051513754,17.759714672838978,
2024-06-16 00:00:00,10.826837243618625,3.794229652475175,17.75797643018669,
2024-06-23 00:00:00,11.021950560422471,4.073339493104069,18.118670653891794,
2024-06-30 00:00:00,11.054487377908467,3.668849413411972,17.322688410914786,
2024-07-07 00:00:00,10.826231092743019,4.169125811440339,17.847710696092545,
2024-07-14 00:00:00,10.439782939507221,3.3064113495943506,17.621137256561816,
2024-07-21 00:00:00,10.131059524890674,3.186920242909924,16.64090845766728,
2024-07-28 00:00:00,10.153898819947592,3.2730108474983064,17.211892272682235,
2024-08-04 00:00:00,10.634654546529985,3.653492014756364,17.969551299035277,
2024-08-11 00:00:00,11.428119516778818,4.620865304069334,18.295744725384484,
2024-08-18 00:00:00,12.108520597662658,5.008299426154096,18.66697607245551,
2024-08-25 00:00:00,12.221244264066774,5.1026612063123435,19.18557318481379,
2024-09-01 00:00:00,11.679265118498444,4.617320571030636,18.760435041383953,
2024-09-08 00:00:00,10.935469181199245,3.7902721847282184,17.63009681002558,
2024-09-15 00:00:00,10.664594785458132,4.275487496554614,17.726002851627193,
2024-09-22 00:00:00,11.161205328326172,4.108780112974059,17.873658698495376,
2024-09-29 00:00:00,12.026150665699703,4.932337966359464,19.32935466685333,
2024-10-06 00:00:00,12.503812799660222,5.31079097070664,20.050883430571417,
2024-10-13 00:00:00,12.183846642177048,5.216564399109157,18.96511739466832,
2024-10-20 00:00:00,11.375359806715004,4.606942181348224,18.72805268101937,
2024-10-27 00:00:00,10.77740512775467,4.010160316873616,18.3815031853459,
2024-11-03 00:00:00,10.799262786984286,3.842561539905761,17.73579448193302,
2024-11-10 00:00:00,11.236055750309523,3.721813236474893,18.768571817310804,
2024-11-17 00:00:00,11.594411209586413,4.296413340329392,18.29836642935348,
2024-11-24 00:00:00,11.656683252232472,4.239939720209267,19.006941840417227,
2024-12-01 00:00:00,11.657836138872025,4.910522697637334,18.42641148236247,
2024-12-08 00:00:00,11.933745707579103,5.255842817967271,19.38251537642131,
2024-12-15 00:00:00,12.495896680158564,5.936129565698643,19.888060148011743,
2024-12-22 00:00:00,13.019538032831527,6.280760101168667,20.245726693570045,
2024-12-29 00:00:00,13.213499174450506,6.055941516573642,20.721685969086245,
2025-01-05 00:00:00,13.111047144376965,6.229719682615328,20.81324815454756,
2025-01-12 00:00:00,12.96501494002193,6.187804672978608,20.20205626406338,
2025-01-19 00:00:00,12.923123473146015,6.085875052033496,19.66011151166839,
2025-01-26 00:00:00,12.890984363927693,5.424210113011529,19.87923603825823,
2025-02-02 00:00:00,12.715894786776405,5.952102135497075,19.470881979427766,
2025-02-09 00:00:00,12.422846955244378,5.554490213812599,19.92883255712796,
2025-02-16 00:00:00,12.199903322357573,5.635770966792282,18.849304322057886,
2025-02-23 00:00:00,12.168711053998802,5.689807922476164,19.23319030073236,
2025-03-02 00:00:00,12.23981870820969,4.987172643474038,19.130099898267904,
2025-03-09 00:00:00,12.225389558651953,4.8385711535472575,19.066685300022076,
2025-03-16 00:00:00,12.055030511165452,5.1542322277986825,19.544268009688793,
2025-03-23 00:00:00,11.83339458847964,4.759527290310469,18.776917175458284,
2025-03-30 00:00:00,11.700141049699907,4.333278171856923,18.734722175311028,
2025-04-06 00:00:00,11.693734941092963,5.101232982237162,18.511584092954973,
2025-04-13 00:00:00,11.777070596027365,4.041740285242396,18.54928275217173,
2025-04-20 00:00:00,11.943007063217653,5.151098117185318,18.678269961746402,
2025-04-27 00:00:00,12.217477897725963,4.960144100429906,19.27478412261589,
2025-05-04 00:00:00,12.54518561676049,4.953321391934081,19.456988032269436,
2025-05-11 00:00:00,12.737771341852623,6.148737524705227,19.676084552805392,
2025-05-18 00:00:00,12.609351120932471,5.342088378331209,19.75005028397579,
2025-05-25 00:00:00,12.178471787491448,5.422145764091447,19.078939332068092,
2025-06-01 00:00:00,11.698693405981073,4.6684107925234795,17.72906724267435,
2025-06-08 00:00:00,11.454710184434184,4.691317970615804,18.488672083139875,
2025-06-15 00:00:00,11.521609709162759,4.4196964141148545,18.94139796033326,
2025-06-22 00:00:00,11.721530018366147,4.801268857045573,18.439980881550383,
2025-06-29 00:00:00,11.796203722972432,4.586913698151984,19.17474212953308,
2025-07-06 00:00:00,11.6123398162838,4.629893239267049,18.58303491105148,
2025-07-13 00:00:00,11.239320236235452,4.487320047983168,18.147135540162115,
2025-07-20 00:00:00,10.89689603560484,3.341240587817693,17.80605787868497,
2025-07-27 00:00:00,10.84546104641608,4.538484965175012,18.096380598496417,
2025-08-03 00:00:00,11.245891178476251,4.231524871390155,17.869360445231813,
2025-08-10 00:00:00,12.00837270976497,5.273615190470143,18.736467285910425,
2025-08-17 00:00:00,12.746656044396756,5.882297508377173,19.341863465003097,
2025-08-24 00:00:00,12.982395760958191,5.712906384953607,19.591820842044527,
2025-08-31 00:00:00,12.538433632469804,5.9662774950424575,19.74281112889301,
2025-09-07 00:00:00,11.779951971923644,4.6889480114545785,18.434861586111424,
2025-09-14 00:00:00,11.384680576293487,4.069776117764483,18.452581250641252,
2025-09-21 00:00:00,11.754136093759385,4.847403371020979,18.04852569536129,
2025-09-28 00:00:00,12.607322936160218,5.782709290288106,19.65138322217352,
2025-10-05 00:00:00,13.202801605634756,6.132667197813495,20.344856767414726,
2025-10-12 00:00:00,13.022966068518503,6.299022909235138,20.777320670589894,
2025-10-19 00:00:00,12.252843912606282,5.466672704151908,19.056440849828,
2025-10-26 00:00:00,11.570946245881464,4.395977509119185,18.142197439564708,
2025-11-02 00:00:00,11.480355961816114,4.2897415023765495,18.185478338746783,
2025-11-09 00:00:00,11.878860882840478,4.934788925527188,18.677644731480378,
2025-11-16 00:00:00,12.28093483594142,5.251664711307034,19.261945744799924,
2025-11-23 00:00:00,12.389594080678206,5.690829036714683,20.029734237171752,
2025-11-30 00:00:00,12.373062771339287,5.644166101006034,19.555057580422506,
2025-12-07 00:00:00,12.586495454767537,5.504163394132429,19.46027073023491,
2025-12-14 00:00:00,13.11533257157415,6.683122154851945,19.855311798110378,
2025-12-21 00:00:00,13.673828266418314,6.806048280434642,20.524290543411794,
2025-12-28 00:00:00,13.934592393400159,6.783438552775017,21.193815312114417,
2026-01-04 00:00:00,13.868717318573804,6.542941237494696,21.069155757210506,
2026-01-11 00:00:00,13.712801412146064,6.219793729100874,20.313522257001267,
2026-01-18 00:00:00,13.653189003343346,6.740180289523064,20.70536123600384,
2026-01-25 00:00:00,13.632700223952433,6.690815078425692,20.398917878279473,
2026-02-01 00:00:00,13.488084806258364,6.67851897189235,20.366923847744793,
2026-02-08 00:00:00,13.20453606262196,5.872639294653589,19.980956566138065,
2026-02-15 00:00:00,12.95500228095507,5.777969664497484,19.953627734098767,
2026-02-22 00:00:00,12.89009673779127,5.777209971635705,19.61723149911431,
2026-03-01 00:00:00,12.956923224532696,6.123785533756265,19.930784842530088,
2026-03-08 00:00:00,12.968482178870554,5.806107723905813,19.9665454103777,
2026-03-15 00:00:00,12.822256707676074,6.014289243817945,19.85241165475663,
2026-03-22 00:00:00,12.59805920950308,5.832505627168643,20.351244044358786,
2026-03-29 00:00:00,12.44261479398213,5.0731235614716175,19.690251375595324,
2026-04-05 00:00:00,12.415573559287365,5.321011861167247,19.65542500576502,
2026-04-12 00:00:00,12.485259108101506,5.4703751928991835,19.21942519076766,
2026-04-19 00:00:00,12.634321261350818,5.3680948559568264,19.72619112976932,
2026-04-26 00:00:00,12.889503220651893,6.252461370050377,20.293509044613984,
2026-05-03 00:00:00,13.218398507185515,6.772554151011886,20.710664607487836,
2026-05-10 00:00:00,13.451760173429566,6.333192925219238,20.32200771166027,
2026-05-17 00:00:00,13.387104126236004,6.229812714857472,20.73447337126057,
2026-05-24 00:00:00,12.99679681083957,5.936152336305452,19.76393869594707,
2026-05-31 00:00:00,12.50204161714645,4.867522933794002,19.547591055909187,
2026-06-07 00:00:00,12.202312666653992,5.219639957899355,19.202002380986322,
2026-06-14 00:00:00,12.22083940809135,5.319395636331968,19.30885591656436,
2026-06-21 00:00:00,12.416739149161643,5.072770970609521,19.1447358181044,
2026-06-28 00:00:00,12.529105788583585,5.942363259042042,20.252390422706856,
2026-07-05 00:00:00,12.392015181705835,4.854537259914322,19.202179278586748,
2026-07-12 00:00:00,12.039719699359564,4.739137634751294,19.002386874568405,
2026-07-19 00:00:00,11.672256233641553,4.440345752239898,19.017943211078965,
2026-07-26 00:00:00,11.552109061618777,4.91330994382791,18.79552155470167,
2026-08-02 00:00:00,11.86953349142881,4.873574523843817,19.007931105973203,
2026-08-09 00:00:00,12.588175576343263,5.6570242932245165,19.631448983818018,
2026-08-16 00:00:00,13.367940386600951,6.390080245361742,20.30211903014133,
2026-08-23 00:00:00,13.720289266719156,6.481150180160075,20.684821416026264,
2026-08-30 00:00:00,13.38661658763061,6.445168005070703,20.246042038887317,
2026-09-06 00:00:00,12.63679441166172,5.31203570945029,20.01786671032791,
2026-09-13 00:00:00,12.131162414963725,4.846543575490908,19.503461591250343,
2026-09-20 00:00:00,12.363868334074297,5.278265000133123,19.07024674778322,
2026-09-27 00:00:00,13.179619787180604,6.25772553256765,20.287498151240932,
2026-10-04 00:00:00,13.874977556194992,6.848728261595621,20.33783971418885,
2026-10-11 00:00:00,13.84180453753982,6.736533070729006,20.83581670972997,
2026-10-18 00:00:00,13.133693578463687,5.862964391931753,20.180568502859273,
2026-10-25 00:00:00,12.385170683677021,5.041734035403661,19.07595112818902,
2026-11-01 00:00:00,12.178173516086218,5.269470324762314,19.405210534923796,
2026-11-08 00:00:00,12.521167322287793,5.464298454043976,19.06172775025916,
2026-11-15 00:00:00,12.956672741801498,6.15237611209144,19.95119748996148,
2026-11-22 00:00:00,13.11796115809554,6.3296569514274665,20.086093487564348,
2026-11-29 00:00:00,13.096469405899644,6.300935568111375,20.455214989905247,
2026-12-06 00:00:00,13.250438463942299,5.798678310487247,20.364754919899426,
2026-12-13 00:00:00,13.735821582533088,6.458017445784318,20.58743910571027,
2026-12-20 00:00:00,14.317696276177713,7.316570299019757,20.91279001452853,
2026-12-27 00:00:00,14.644469049721073,7.576013112400702,21.694774463456593,
2027-01-03 00:00:00,14.62370176627905,7.878208514525394,21.23323524319524,
2027-01-10 00:00:00,14.464427498906375,7.182904748991433,21.684567587825207,
2027-01-17 00:00:00,14.384822580847436,7.496676065325759,21.703713198106193,
2027-01-24 00:00:00,14.369981399217977,7.012075119710405,21.21299880643174,
2027-01-31 00:00:00,14.255254805157564,7.63033904405121,21.051796891893396,
2027-02-07 00:00:00,13.987381648274825,7.262754771219707,21.459166266243784,
2027-02-14 00:00:00,13.716620455668831,6.43695752528728,20.580968231887113,
2027-02-21 00:00:00,13.616090362614496,6.409984350884302,20.50945234954777,
2027-02-28 00:00:00,13.671993911024341,6.671881039724384,20.89064489535264,
2027-03-07 00:00:00,13.705982813692984,6.525823425577762,20.85947625580257,
2027-03-14 00:00:00,13.586810786345957,6.166295678728437,20.71698656924411,
2027-03-21 00:00:00,13.365207841815415,6.517030613130476,20.833521799976914,
2027-03-28 00:00:00,13.189465792216863,5.676601371363105,19.775906101049486,
2027-04-04 00:00:00,13.140424414603057,5.954066233942855,20.19626658554647,
2027-04-11 00:00:00,13.19580433724356,6.103719420065177,20.275309928478947,
2027-04-18 00:00:00,13.329180251561795,6.8012180961253925,20.72943614491239,
2027-04-25 00:00:00,13.564309373538338,6.425801909231508,20.568359931865743,
2027-05-02 00:00:00,13.888697738166597,6.924218931569674,21.278007338999277,
2027-05-09 00:00:00,14.15574156257554,7.300540658295288,21.326676882058674,
2027-05-16 00:00:00,14.153730568697313,7.562936632893859,21.262717109280704,
2027-05-23 00:00:00,13.811555257377778,6.7007798848325635,20.86840583199217,
2027-05-30 00:00:00,13.312132041012731,6.436817753345791,20.765270373493294,
2027-06-06 00:00:00,12.960837446921337,5.579329486137029,19.941230798995015,
2027-06-13 00:00:00,12.92605849020965,6.207157613110054,20.284338369754565,
2027-06-20 00:00:00,13.108991692263816,6.042894620911595,20.263029797919888,
2027-06-27 00:00:00,13.253484271339278,5.845673395634908,20.20947131909588,
2027-07-04 00:00:00,13.164382028958237,5.716021797793444,20.15284014390706,
2027-07-11 00:00:00,12.839467150674121,5.775162058696463,19.86016984919959,
2027-07-18 00:00:00,12.455675466608133,5.49205317832072,19.617027525830927,
2027-07-25 00:00:00,12.273313545182397,5.226285693261548,19.49312648315609,
2027-08-01 00:00:00,12.5068400689475,5.045432969418147,19.54775317860786,
2027-08-08 00:00:00,13.17040596606337,5.738084535745345,20.66850875268547,
2027-08-15 00:00:00,13.974982342389895,7.037323649137852,21.166116826206004,
2027-08-22 00:00:00,14.434774744305845,7.261504387047496,21.499174366619922,
2027-08-29 00:00:00,14.220349703470413,6.683272323824369,21.597041689370748,
2027-09-05 00:00:00,13.501873268201123,6.407819382526257,21.13038908613333,
2027-09-12 00:00:00,12.903094626313738,5.550583304428394,20.269037067071622,
2027-09-19 00:00:00,12.993826753959306,6.138067092602932,20.09073828046107,
2027-09-26 00:00:00,13.747803539660586,6.873223436360449,21.42127871145322,
2027-10-03 00:00:00,14.521954774175839,7.869880960228798,21.786823240631655,
2027-10-10 00:00:00,14.637399286096183,7.266619450055073,22.035016874401443,
2027-10-17 00:00:00,14.013438514712222,6.8035094034939565,20.85566746991836,
2027-10-24 00:00:00,13.218399861287756,5.618004337079251,19.95857881978253,
2027-10-31 00:00:00,12.894911661072312,6.117298715846182,19.48110636761394,
2027-11-07 00:00:00,13.166106829508859,6.118967826665082,20.166986405766117,
2027-11-14 00:00:00,13.622252811589917,6.679601442162476,21.38525842469633,
2027-11-21 00:00:00,13.839700420348978,6.894600468639873,21.228475855836965,
2027-11-28 00:00:00,13.826113619364765,6.9068110002787675,21.494968896801623,
2027-12-05 00:00:00,13.926150131251875,6.199109797253811,20.358184984016802,
2027-12-12 00:00:00,14.35972658034385,7.442791912363496,21.07600525891246,
2027-12-19 00:00:00,14.952618732138282,7.827303735775873,22.58178204339066,
2027-12-26 00:00:00,15.342347415677725,8.581360023721993,23.029148196028355,
2028-01-02 00:00:00,15.374271460975251,8.215275597886368,22.27729321005439,
2028-01-09 00:00:00,15.21933438279447,8.041639329014801,22.24480472463671,
2028-01-16 00:00:00,15.118980551488175,8.00804733093169,21.944207414626337,
2028-01-23 00:00:00,15.103715743869536,7.796754136604491,22.061217079346644,
2028-01-30 00:00:00,15.01690046574649,7.88143867133819,21.448827141146012,
2028-02-06 00:00:00,14.770065687770192,7.128974279314643,22.174074120357517,
2028-02-13 00:00:00,14.484248547872147,7.6426728947836295,21.53073139054043,
2028-02-20 00:00:00,14.347575533722015,7.540501146994316,21.283327593247105,
2028-02-27 00:00:00,14.386209224957078,7.245530833390096,22.06633745115747,
2028-03-05 00:00:00,14.43803666142972,7.1473710558033945,21.522356691154023,
2028-03-12 00:00:00,14.34781550981483,6.936568406717411,21.862245818911195,
2028-03-19 00:00:00,14.134051455395904,6.891186824311414,21.111553343443337,
2028-03-26 00:00:00,13.940681339612803,6.375936872586775,20.869132911104245,
2028-04-02 00:00:00,13.868594302937222,6.644557416045039,20.915372476183244,
2028-04-09 00:00:00,13.90864324671129,6.912546014914729,21.401517628069694,
2028-04-16 00:00:00,14.02736957746461,7.25257647449974,21.781280172623674,
2028-04-23 00:00:00,14.242378400517563,7.071824797520492,20.742844373813682,
2028-04-30 00:00:00,14.557396642773206,7.256535431784182,21.56428509332913,
2028-05-07 00:00:00,14.850745076621104,7.591998569053984,22.29720148800194,
2028-05-14 00:00:00,14.90875422875719,7.758340292004386,22.15133615831848,
2028-05-21 00:00:00,14.620931289757946,7.779504153215772,21.26358012344364,
2028-05-28 00:00:00,14.127352829703025,7.026954207397675,21.028085245898236,
2028-06-04 00:00:00,13.730240952102713,6.713830057887582,20.965071052301877,
2028-06-11 00:00:00,13.638665207586211,6.575396829001743,20.843981910880455,
2028-06-18 00:00:00,13.79982187478179,6.538520219300603,20.939113788908067,
2028-06-25 00:00:00,13.969859708767673,7.11754056445305,21.0828782263061,
2028-07-02 00:00:00,13.928743036827992,6.534905835207942,21.361307813801297,
2028-07-09 00:00:00,13.637115463591538,6.456285968655394,21.203706791007,
2028-07-16 00:00:00,13.24562225968064,5.903682472195528,20.336217907750466,
2028-07-23 00:00:00,13.008305252134585,5.984636361165493,20.068641469378814,
2028-07-30 00:00:00,13.158717373157536,5.529923234848746,20.51442286052915,
2028-08-06 00:00:00,13.757743332171927,6.477043452166525,20.85782468210723,
2028-08-13 00:00:00,14.570634531678383,7.5261225591397265,21.52252364250043,
2028-08-20 00:00:00,15.126323840275626,8.02775753871769,22.113039749085296,
2028-08-27 00:00:00,15.036651642340848,7.922664069855967,22.339942697439437,
2028-09-03 00:00:00,14.3708857682166,7.422448109816539,21.452207671488917,
2028-09-10 00:00:00,13.698755981381565,6.764692930397947,20.98908819307311,
2028-09-17 00:00:00,13.646768993188108,6.539297978951902,21.01972830199461,
2028-09-24 00:00:00,14.316747422636663,6.708413200996811,21.831240520499613,
2028-10-01 00:00:00,15.146150000000937,7.6143676115530265,22.596443928700634,
2028-10-08 00:00:00,15.407489345318265,7.8060842915476645,22.15405346978475,
2028-10-15 00:00:00,14.887531073079966,7.408959510455386,22.082079446039405,
2028-10-22 00:00:00,14.068244018991725,6.042448024362691,21.241346870588387,
2028-10-29 00:00:00,13.632202821948892,6.312599766845692,20.928157166349617,
2028-11-05 00:00:00,13.816944505871469,6.343560734048975,21.187175858697472,
2028-11-12 00:00:00,14.278884029578684,7.189542585221304,21.415405411432353,
2028-11-19 00:00:00,14.553054352343619,7.0329934655083,21.660674028574952,
2028-11-26 00:00:00,14.559787257631772,6.9099107546626355,21.58021561651184,
2028-12-03 00:00:00,14.613712749429697,7.261953113171847,22.32457559869018,
2028-12-10 00:00:00,14.989272851903856,8.418441300282947,22.903775046966025,
2028-12-17 00:00:00,15.580406691685688,8.169258805914826,22.690538695106383,
2028-12-24 00:00:00,16.027821165829796,8.567995790374622,23.249984359345163,
2028-12-31 00:00:00,16.11869402710206,9.47126826014894,23.337296498402846,
2029-01-07 00:00:00,15.976657110192635,8.611000619222677,22.77953109733118,
2029-01-14 00:00:00,15.856430749242131,8.89812370761029,23.57721391665938,
2029-01-21 00:00:00,15.834941383996746,8.860833589856375,23.693471284365074,
2029-01-28 00:00:00,15.772782010176885,8.596344823641946,22.81674330137639,
2029-02-04 00:00:00,15.551298553650978,7.661854355299278,23.181214011287246,
2029-02-11 00:00:00,15.25713766103392,8.025972334261875,22.55235531033874,
2029-02-18 00:00:00,15.08522934407636,7.642215473103434,22.445513595871766,
2029-02-25 00:00:00,15.100812994029392,8.296985065336152,22.63299284491896,
2029-03-04 00:00:00,15.165020481282285,7.965748671651942,22.262245196413616,
2029-03-11 00:00:00,15.104508503622622,7.734102798077748,22.555731406588755,
2029-03-18 00:00:00,14.903703296908493,7.41725175662771,22.57913947026283,
2029-03-25 00:00:00,14.696114820179481,7.556337924017917,21.61787676718357,
2029-04-01 00:00:00,14.600396394705037,6.878733987523611,21.812597855654662,
2029-04-08 00:00:00,14.623795569200801,7.768648930379557,21.82915258900607,
2029-04-15 00:00:00,14.728641753729727,7.4207923165624,22.154677915042583,
2029-04-22 00:00:00,14.924020819540663,7.055314989420671,22.176607028055994,
2029-04-29 00:00:00,15.225712430687505,8.103858749483363,22.946079691010652,
2029-05-06 00:00:00,15.537961126020505,8.150127381231382,22.74304280866105,
2029-05-13 00:00:00,15.652007276438788,8.768646986286917,22.983437065480544,
2029-05-20 00:00:00,15.423259598040097,8.340425838784892,23.177743053008488,
2029-05-27 00:00:00,14.945926125840442,7.468317819592102,22.22079908593981,
2029-06-03 00:00:00,14.5101597720354,6.650223608698015,21.97675648167732,
2029-06-10 00:00:00,14.35987815753945,6.995964484134623,21.27502684288138,
2029-06-17 00:00:00,14.490845525165081,7.150639453204899,21.67246120745486,
2029-06-24 00:00:00,14.678977083685897,7.374526111053957,22.01120106171478,
2029-07-01 00:00:00,14.684595170516591,6.9442013661713045,21.90031323632988,
2029-07-08 00:00:00,14.431305553834461,7.5799501556987705,21.943334941106414,
2029-07-15 00:00:00,14.040525256809067,6.531114845918263,21.899905334213216,
2029-07-22 00:00:00,13.756106711017654,6.280050474101576,20.742986831959733,
2029-07-29 00:00:00,13.825725838251838,6.701969950570098,21.14073556796008,
2029-08-05 00:00:00,14.352615906478826,6.946897418679238,21.444977594387638,
2029-08-12 00:00:00,15.157904778466136,7.89305607929471,21.83391391957725,
2029-08-19 00:00:00,15.795990208729041,8.586083345617089,23.26250249136049,
2029-08-26 00:00:00,15.833095941245457,7.792296762734532,23.23763288419369,
2029-09-02 00:00:00,15.239485369816752,8.159898828025874,22.362707190979187,
2029-09-09 00:00:00,14.51571719491207,7.454733517499983,22.324056584190124,
2029-09-16 00:00:00,14.32470427487596,6.469929469776435,21.426067731789274,
2029-09-23 00:00:00,14.891276051017435,7.631848318543446,22.094891161238202,
2029-09-30 00:00:00,15.750704877248001,8.870270613070247,22.752284290389976,
2029-10-07 00:00:00,16.150599504320155,9.290907422218625,23.371921368297812,
2029-10-14 00:00:00,15.751501998220677,8.231996277377835,23.015085634593603,
2029-10-21 00:00:00,14.931666662714939,7.173226279190225,22.77377595014989,
2029-10-28 00:00:00,14.391030362530332,6.706554700835694,21.57023400197978,
2029-11-04 00:00:00,14.476948768699641,7.151100339635419,21.130106579936925,
2029-11-11 00:00:00,14.928325628547386,7.304007521089358,22.565540214796624,
2029-11-18 00:00:00,15.256682121512904,8.080912035960658,22.926731088344553,
2029-11-25 00:00:00,15.295113320176782,8.11171699524257,22.375839786030397,
2029-12-02 00:00:00,15.312709162361323,7.588550416038082,22.649494200335425,
2029-12-09 00:00:00,15.626456754397086,8.437358628253989,23.161927173398787,
2029-12-16 00:00:00,16.20314223455486,8.400983304515037,23.370222131156368,
2029-12-23 00:00:00,16.7008922560418,9.013326542623425,23.76231683666184,
2029-12-30 00:00:00,16.855312143850977,9.011813611136162,24.34711343978538,
2030-01-06 00:00:00,16.735251033923284,9.819712595076885,24.40272459727404,
2030-01-13 00:00:00,16.597702914265998,8.6109721909746,23.484465184168286,
2030-01-20 00:00:00,16.564791285546693,9.350730522820097,24.159557928661286,
2030-01-27 00:00:00,16.522932868606517,9.240490214549016,24.14319303795341,
2030-02-03 00:00:00,16.32987621379783,9.00552087177043,23.85263039443279,
2030-02-10 00:00:00,16.034330694693697,8.877858629498519,23.12812795542444,
2030-02-17 00:00:00,15.82949124020418,8.3621059502407,23.490045060434653,
2030-02-24 00:00:00,15.817063292689602,8.656074945918501,23.404408262816645,
2030-03-03 00:00:00,15.88753363552526,7.91951348478765,22.950663259961022,
2030-03-10 00:00:00,15.856279190147808,8.497872086751014,23.494981207660402,
2030-03-17 00:00:00,15.673209540073419,8.165093439135628,23.133050318714915,
2030-03-24 00:00:00,15.455474553143661,8.518970421763292,22.29862019035236,
2030-03-31 00:00:00,15.336122200040714,7.769505459799582,23.128229740877764,
2030-04-07 00:00:00,15.341364566960834,7.891348814438404,23.054268000648474,
2030-04-14 00:00:00,15.432746632832039,7.63172135316406,22.920299340770935,
2030-04-21 00:00:00,15.609389347234838,8.02468007317815,22.931069917092177,
2030-04-28 00:00:00,15.894733723860227,8.714700535196922,23.37111577468724,
2030-05-05 00:00:00,16.21869357153033,8.788240587290005,23.290461362878446,
2030-05-12 00:00:00,16.38362478504989,8.764194452815511,23.69363181558945,
2030-05-19 00:00:00,16.21707380501043,8.5368471455491,23.205452614388506,
2030-05-26 00:00:00,15.765961305971096,8.797989939493807,23.126122927520004,
2030-06-02 00:00:00,15.299915856516101,8.011396626939737,22.816646296982643,
2030-06-09 00:00:00,15.090694558806696,7.722310542491435,22.507570128308046,
2030-06-16 00:00:00,15.183716807387505,7.879885498686766,22.80505374502376,
2030-06-23 00:00:00,15.381794452997864,8.053125266724,23.372761122900823,
2030-06-30 00:00:00,15.431643889829385,7.82933048477382,23.045914793118385,
2030-07-07 00:00:00,15.220786958817769,7.714955806371845,22.919640280539916,
2030-07-14 00:00:00,14.838798591387288,7.409240415312201,22.300907834611728,
2030-07-21 00:00:00,14.515564423191188,6.892049098646497,22.285638662283578,
2030-07-28 00:00:00,14.508093689488351,6.437107046468454,22.322801890543914,
2030-08-04 00:00:00,14.95715894661085,6.914788073243393,22.36683222304373,
2030-08-11 00:00:00,15.739868693603496,8.618711272556428,22.527108457586678,
2030-08-18 00:00:00,16.445354338108157,8.880494679622904,24.509183816647514,
2030-08-25 00:00:00,16.607862818112086,9.144845947320569,24.263035132502402,
2030-09-01 00:00:00,16.103414826579424,8.759704234195848,23.654521904565563,
2030-09-08 00:00:00,15.35093001591941,8.279819627935344,23.10207316327881,
2030-09-15 00:00:00,15.0288380361807,7.194742819965937,22.264374357545364,
2030-09-22 00:00:00,15.47600864687174,7.538189406031017,23.004632285360422,
2030-09-29 00:00:00,16.339383311000315,9.24681312498098,23.75682058272809,
2030-10-06 00:00:00,16.866097329323853,8.83354501839138,24.776979875786793,
2030-10-13 00:00:00,16.6011156445706,9.093010029159514,23.97103656563818,
2030-10-20 00:00:00,15.805074522656824,8.317547218485867,23.01145598545941,
2030-10-27 00:00:00,15.171666285997514,7.176054249902149,22.640905075300722,
2030-11-03 00:00:00,15.14925737664474,7.561523999846286,22.630840339874837,
2030-11-10 00:00:00,15.572832072946554,8.413764819912133,22.701681948428448,
2030-11-17 00:00:00,15.949733854995069,8.448899316668056,23.534942538142428,
2030-11-24 00:00:00,16.029652109493284,8.316111850983198,23.73982500234394,
2030-12-01 00:00:00,16.02223779670434,8.387699968073287,24.083056372611917,
2030-12-08 00:00:00,16.272962332274705,8.609652898605683,23.76815240408581,
2030-12-15 00:00:00,16.823102013798646,9.296244725765966,24.418485167174723,
2030-12-22 00:00:00,17.361987088304808,10.152102826073826,24.880281885180146,
2030-12-29 00:00:00,17.582621388885013,9.748955547083302,24.231305181973397,
2031-01-05 00:00:00,17.493732529492476,10.228619955350643,24.980457707350332,
2031-01-12 00:00:00,17.343049442770138,9.372351133807795,24.83886740372522,
2031-01-19 00:00:00,17.294432140816284,9.44856204016425,24.61585379076429,
2031-01-26 00:00:00,17.26765520860566,9.468448339212056,24.7108138478592,
2031-02-02 00:00:00,17.104733718222533,9.294906976513037,25.14631804332663,
2031-02-09 00:00:00,16.814703285312,9.161742866410691,24.320250930985324,
2031-02-16 00:00:00,16.580541917557092,9.479811526638102,24.26188347725713,
2031-02-23 00:00:00,16.536179630486647,8.6244046940948,24.47423626995895,
2031-03-02 00:00:00,16.60637907510983,8.93075073251482,24.528599672541837,
2031-03-09 00:00:00,16.602700520777198,9.084895313890698,24.47674346709977,
2031-03-16 00:00:00,16.441585163649112,9.15681199657319,24.24184295768633,
2031-03-23 00:00:00,16.218319946375342,8.949135495373481,23.80169012577685,
2031-03-30 00:00:00,16.076012798460518,9.231763566978803,23.635404848975178,
2031-04-06 00:00:00,16.061530747756564,8.747307039449165,23.76305645556531,
2031-04-13 00:00:00,16.13945915354257,8.772967986381325,24.21970777792098,
2031-04-20 00:00:00,16.29849920536545,8.071524930266747,24.125331791460546,
2031-04-27 00:00:00,16.56539580252739,9.098035569850587,24.216477777233603,
2031-05-04 00:00:00,16.894310583793708,8.559464661736106,24.707907022428245,
2031-05-11 00:00:00,17.10402887697618,9.128588109277429,24.90649122268797,
2031-05-18 00:00:00,17.001147536525853,8.88489125052066,24.316711981048364,
2031-05-25 00:00:00,16.58551214744194,8.818722936115918,25.012606175539084,
2031-06-01 00:00:00,16.098532092220832,8.628929962004527,23.682372785418373,
2031-06-08 00:00:00,15.83185418535122,8.3371041884945,23.30015953901978,
2031-06-15 00:00:00,15.880081724356375,8.09672852190006,23.29518913254338,
2031-06-22 00:00:00,16.07946530721146,8.103869189019106,23.694035008439347,
2031-06-29 00:00:00,16.169814405161112,8.798816160427927,23.664154698472302,
2031-07-06 00:00:00,16.004438003695242,8.64031663462252,24.47823821814067,
2031-07-13 00:00:00,15.638865859584486,7.938571138452533,23.47054408288392,
2031-07-20 00:00:00,15.285380720710924,7.87936265803692,22.456856462840317,
2031-07-27 00:00:00,15.20573711420157,7.2960403000391825,22.874455490612505,
2031-08-03 00:00:00,15.57318429264519,7.852829155281922,23.157423666638813,
2031-08-10 00:00:00,16.319586231938807,8.205029643968398,24.555259712156513,
2031-08-17 00:00:00,17.07645556770528,9.5468773620244,24.242943431075197,
2031-08-24 00:00:00,17.35977004261764,10.03001636440095,24.72224851323577,
2031-08-31 00:00:00,16.95863217685013,9.400028851291527,25.330750127579776,
2031-09-07 00:00:00,16.200834339736872,8.20574064751983,24.133101538763697,
2031-09-14 00:00:00,15.759544000324444,7.639329948907689,23.748029806281274,
2031-09-21 00:00:00,16.075210456369945,8.741716405761569,23.594504291518643,
2031-09-28 00:00:00,16.916447622722334,8.732764746231947,24.862541315900955,
2031-10-05 00:00:00,17.554221082860938,9.53679589108355,25.04366563776405,
2031-10-12 00:00:00,17.432518902733563,9.816147761690845,25.573078521178466,
2031-10-19 00:00:00,16.684429973691152,9.280275255580108,24.351516394834356,
2031-10-26 00:00:00,15.973634781071098,7.991624968597247,24.04368632243549,
2031-11-02 00:00:00,15.83674482904835,8.121886645299124,23.556450466803454,
2031-11-09 00:00:00,16.215075622985154,8.683971971349836,24.02250967103624,
2031-11-16 00:00:00,16.63190557543659,8.499399924449168,24.366672962650807,
2031-11-23 00:00:00,16.761012291325365,9.396071425353451,24.57159895308734,
2031-11-30 00:00:00,16.74094885301341,9.101971173434952,24.157942396956813,
2031-12-07 00:00:00,16.930089670568663,9.28042280050082,24.710514704999703,
2031-12-14 00:00:00,17.44267075054124,9.10481132648269,24.74815881221725,
2031-12-21 00:00:00,18.01195481849534,10.434305010685573,25.02955946887392,
2031-12-28 00:00:00,18.29934398690854,10.546229598627061,25.846019805182376,
2032-01-04 00:00:00,18.250532484238434,10.428479380362353,25.849230362425132,
2032-01-11 00:00:00,18.092418575838735,9.54538793247463,25.91324532321147,
2032-01-18 00:00:00,18.025000379126613,9.985039953001623,26.045671659616595,
2032-01-25 00:00:00,18.007502346380175,9.88919558190063,25.84350312717374,
2032-02-01 00:00:00,17.874992434762618,10.219846268198584,25.832544384363384,
2032-02-08 00:00:00,17.597012534864398,9.354331018570043,25.456542613529862,
2032-02-15 00:00:00,17.33829335623195,9.725454601545,25.539710540023854,
2032-02-22 00:00:00,17.259290803112783,9.393421657084353,25.334121049250335,
2032-02-29 00:00:00,17.322534852514323,9.734067809412844,25.238185352441633,
2032-03-07 00:00:00,17.3435538097168,9.370139163032773,25.030793905545377,
2032-03-14 00:00:00,17.20785348335507,8.70702172161501,25.108764596461427,
2032-03-21 00:00:00,16.984065513476256,9.263310130347483,24.868148106916053,
2032-03-28 00:00:00,16.820231061775537,8.690508878280308,24.76333198570129,
2032-04-04 00:00:00,16.784538958684067,9.553178343183593,24.82390599433743,
2032-04-11 00:00:00,16.848602968930354,9.746249835710739,24.997816529066363,
2032-04-18 00:00:00,16.991253637517048,9.642564816811166,24.65411218760974,
2032-04-25 00:00:00,17.238464287008604,8.76823369680854,25.09436172188289,
2032-05-02 00:00:00,17.56619581623966,9.448527890492924,25.225612903587866,
2032-05-09 00:00:00,17.81390334956649,9.860024421603145,25.614114467833094,
2032-05-16 00:00:00,17.774526705753473,10.252858362404499,25.477184328640817,
2032-05-23 00:00:00,17.40263587985761,9.68285649451228,25.23156845128397,
2032-05-30 00:00:00,16.904757932051353,9.068301001853127,25.35995022907544,
2032-06-06 00:00:00,16.583810440870366,8.748537935558543,25.214071750904118,
2032-06-13 00:00:00,16.581529756689605,9.097006264937594,24.60944603625379,
2032-06-20 00:00:00,16.773314593755202,8.970636138337763,24.95652077805753,
2032-06-27 00:00:00,16.899259228710477,9.366115036493268,24.69662547088762,
2032-07-04 00:00:00,16.781285411932632,8.079491233209486,24.59004475946562,
2032-07-11 00:00:00,16.43918294003473,8.548018848468143,24.389653189399624,
2032-07-18 00:00:00,16.064144655575713,7.994235407923057,23.649463092750967,
2032-07-25 00:00:00,15.918285368328839,8.205379176706009,24.284287916327557,
2032-08-01 00:00:00,16.202161037550518,7.654659516161718,24.700488844497244,
2032-08-08 00:00:00,16.90002456753356,9.106639481425344,24.829564923415234,
2032-08-15 00:00:00,17.691714269102285,9.144304761493588,26.04807291919125,
2032-08-22 00:00:00,18.088282836083334,9.797348446048119,26.09987383510901,
2032-08-29 00:00:00,17.80142570157586,9.46503141430766,25.342368068011478,
2032-09-05 00:00:00,17.061479229296147,9.389636251053124,25.60649306766748,
2032-09-12 00:00:00,16.516364138552806,8.86944745641635,24.732435581853686,
2032-09-19 00:00:00,16.692657449421368,8.440115975415724,24.92569010453277,
2032-09-26 00:00:00,17.48651797885,9.467098200051547,25.651025559111126,
2032-10-03 00:00:00,18.216077470676282,10.534557946546109,26.388400365112005,
2032-10-10 00:00:00,18.24237828948924,10.137618400588613,26.228641763480724,
2032-10-17 00:00:00,17.565381969131803,9.494605591958768,25.663297586017293,
2032-10-24 00:00:00,16.79570350004456,8.530612670020666,24.890445568586646,
2032-10-31 00:00:00,16.54189649268661,8.86150832890695,24.845945093075862,
2032-11-07 00:00:00,16.85804918101022,9.19181029141295,24.851233917529512,
2032-11-14 00:00:00,17.303472057153165,8.997634719522521,24.949572940568416,
2032-11-21 00:00:00,17.486962220004415,8.933972730423339,25.77525199125409,
2032-11-28 00:00:00,17.46710052464023,9.313546516477134,25.603136253319313,
2032-12-05 00:00:00,17.598698320802924,8.750378009045043,26.13897721739597,
2032-12-12 00:00:00,18.06424820545843,9.898812073045073,25.995808973951917,
2032-12-19 00:00:00,18.652047432093703,10.195148039298882,26.941781153192636,
2032-12-26 00:00:00,19.004495031728258,10.632733473723055,26.872404642814907,
2033-01-02 00:00:00,19.003960439566182,10.797576458424347,27.38765881862699,
2033-01-09 00:00:00,18.84544160178394,10.500480835175429,26.972843110784375,
2033-01-16 00:00:00,18.757538294918813,11.111430610768133,26.91269602179549,
2033-01-23 00:00:00,18.74324867450608,10.922729438710217,26.710810474717547,
2033-01-30 00:00:00,18.63999874676628,10.697769708926185,26.574465285030023,
2033-02-06 00:00:00,18.379951380704306,9.754298782343152,26.48202671915068,
2033-02-13 00:00:00,18.10239061302442,9.889493050864436,26.557826502171384,
2033-02-20 00:00:00,17.9873857741417,9.584069250464706,25.833419590140885,
2033-02-27 00:00:00,18.03711720485289,9.730442880210285,26.27438547940098,
2033-03-06 00:00:00,18.078845256877166,9.903260481959652,26.729823814198785,
2033-03-13 00:00:00,17.971087531126095,9.850819153976477,26.42492921945785,
2033-03-20 00:00:00,17.751992910397178,9.684096875896483,26.003814268304843,
2033-03-27 00:00:00,17.568836573958343,9.37819040150774,25.834305734164143,
2033-04-03 00:00:00,17.510679647221686,9.442393785438192,26.43559796004766,
2033-04-10 00:00:00,17.560068699774128,9.056857672625062,26.09154769534503,
2033-04-17 00:00:00,17.68747304569608,9.596490308518886,25.815782277551587,
2033-04-24 00:00:00,17.914527572136542,9.419431479285558,25.874641118898495,
2033-05-01 00:00:00,18.235701889475312,10.061593511623066,26.45028284782479,
2033-05-08 00:00:00,18.51416000653238,10.095806607717119,26.92768791619902,
2033-05-15 00:00:00,18.536551913710355,10.584120764718145,26.261940230531142,
2033-05-22 00:00:00,18.21545198981807,10.056352957100241,26.490854072817,
2033-05-29 00:00:00,17.717104353522394,9.489317923412928,26.292891765928367,
2033-06-05 00:00:00,17.346709845812466,9.191994870104196,25.702665155642915,
2033-06-12 00:00:00,17.289545173929195,8.933472303213977,25.460471548150117,
2033-06-19 00:00:00,17.46480859277578,8.789428462182684,26.056005285400303,
2033-06-26 00:00:00,17.62036127664701,8.636023625614051,25.852907742238486,
2033-07-03 00:00:00,17.55052306945062,8.782117780037135,26.073496306431846,
2033-07-10 00:00:00,17.238259926276662,8.97797053101731,25.533395775883367,
2033-07-17 00:00:00,16.850361508935862,9.03182725318515,25.042171493778874,
2033-07-24 00:00:00,16.64510943118327,8.443743093844036,25.170538120334935,
2033-07-31 00:00:00,16.845206733604748,8.577052944726429,24.905900789101572,
2033-08-07 00:00:00,17.483989215390306,9.471760250191437,25.332517048454427,
2033-08-14 00:00:00,18.293847326128457,9.971268822507236,26.195140413945087,
2033-08-21 00:00:00,18.793503503993986,10.747245786663312,26.668629349546848,
2033-08-28 00:00:00,18.62851443470078,10.365381518504313,27.20076741397353,
2033-09-04 00:00:00,17.92865336037189,9.312072944293751,26.470847649488704,
2033-09-11 00:00:00,17.29803596525689,8.931375481105684,26.4656879905678,
2033-09-18 00:00:00,17.331518839497125,8.544071545049645,26.07375100408553,
2033-09-25 00:00:00,18.05442014862918,9.585665433045692,26.392880786367094,
2033-10-02 00:00:00,18.853609264221454,10.231614308851876,27.070963839454826,
2033-10-09 00:00:00,19.02800007975639,11.05099409822243,27.646002542179367,
2033-10-16 00:00:00,18.443410792117675,9.37556382926165,26.493806143684125,
2033-10-23 00:00:00,17.635903387769556,8.781190997177834,26.234916111787182,
2033-10-30 00:00:00,17.266694621742186,9.125187587848444,25.633303336138937,
2033-11-06 00:00:00,17.504952978572174,8.76240656484935,26.077264909789598,
2033-11-13 00:00:00,17.965295737547795,8.58208263457347,26.444448724821108,
2033-11-20 00:00:00,18.20553678407291,9.850185477471268,26.69097152722251,
2033-11-27 00:00:00,18.198633231081132,9.978456245688768,26.20592879225878,
2033-12-04 00:00:00,18.279168548987393,9.902503585345983,26.53924383032024,
2033-12-11 00:00:00,18.690153519455887,10.08399333485117,27.219268217664307,
2033-12-18 00:00:00,19.283882012579877,10.84395755595563,28.06746053565041,
2033-12-25 00:00:00,19.69743801053334,11.676553791697867,28.06638728656894,
2034-01-01 00:00:00,19.752276731558943,10.619336263980745,28.255999140567894,
2034-01-08 00:00:00,19.6014350315506,11.120621551073677,28.75024262716856,
2034-01-15 00:00:00,19.492933339074376,11.022121937358596,28.15033322571317,
2034-01-22 00:00:00,19.475848335976032,11.09292989640384,27.72589409805184,
2034-01-29 00:00:00,19.399352288861717,10.522114203739672,28.16209463498587,
2034-02-05 00:00:00,19.162206166321518,10.685979419392751,27.93371424278169,
2034-02-12 00:00:00,18.872225453642642,10.156466402701227,27.43711276842638,
2034-02-19 00:00:00,18.721269862134818,9.37693982746245,26.869413225346005,
2034-02-26 00:00:00,18.75133666962119,10.142172690436126,28.005627380031996,
2034-03-05 00:00:00,18.808813106216615,10.217775304353252,27.028829736629056,
2034-03-12 00:00:00,18.73045132690399,9.990120312210415,27.078337416474845,
2034-03-19 00:00:00,18.521270731078236,10.257287298606892,26.84812259072983,
2034-03-26 00:00:00,18.32176483737881,9.678656659507835,27.152957606690876,
2034-04-02 00:00:00,18.24026540557682,9.785910645246464,27.239913312805236,
2034-04-09 00:00:00,18.273825869114614,9.891570842973659,26.707558852710918,
2034-04-16 00:00:00,18.386926018627037,9.676094381335014,27.12904666990297,
2034-04-23 00:00:00,18.59399791461656,10.231362246873134,27.50850471977492,
2034-04-30 00:00:00,18.9041080345254,9.996843230858214,27.623253603194456,
2034-05-07 00:00:00,19.20589824223178,10.787150775647232,27.57709051617065,
2034-05-14 00:00:00,19.286870268479337,10.616644150128412,28.238399674942762,
2034-05-21 00:00:00,19.022198642462826,10.037019497736013,27.681860178933142,
2034-05-28 00:00:00,18.533887046975934,10.275695384397117,27.61166867261482,
2034-06-04 00:00:00,18.12038093453859,10.250212729344163,26.892216400067817,
2034-06-11 00:00:00,18.005459668753534,9.318090172263517,26.61853032685884,
2034-06-18 00:00:00,18.15551910645992,9.71927953782186,26.97150764776826,
2034-06-25 00:00:00,18.333731837752477,10.060532252248406,27.748765603896032,
2034-07-02 00:00:00,18.311529506104595,9.80934535517884,27.515550458931884,
2034-07-09 00:00:00,18.03468241426812,8.475892781567941,26.29535519747174,
2034-07-16 00:00:00,17.642480711212077,8.980898988309763,26.095376565805257,
2034-07-23 00:00:00,17.385352914044724,8.33799335115037,26.599565514664175,
2034-07-30 00:00:00,17.50308823818198,8.564399776495703,26.093205500936953,
2034-08-06 00:00:00,18.07406486977079,10.32635884627653,26.890781423705384,
2034-08-13 00:00:00,18.885780076223206,10.377073069255385,27.194028473231967,
2034-08-20 00:00:00,19.476142180823878,10.711811784313651,27.682862793315536,
2034-08-27 00:00:00,19.43713145637551,10.906108778550514,28.166958679159812,
2034-09-03 00:00:00,18.798020209630867,9.729035323231384,28.003322196067572,
2034-09-10 00:00:00,18.10254564744487,9.51528802982281,27.039239408268898,
2034-09-17 00:00:00,17.994261251199557,9.118348204910427,26.57085113839848,
2034-09-24 00:00:00,18.62502702947892,10.267105902432135,27.27542422421098,
2034-10-01 00:00:00,19.46953396036857,10.904299152556055,28.727811406750767,
2034-10-08 00:00:00,19.787428980676744,11.06057624145882,29.176112472101963,
2034-10-15 00:00:00,19.313981361477907,10.415715766043677,27.92092818988548,
2034-10-22 00:00:00,18.491576771574874,9.832712900667113,27.69732562872312,
2034-10-29 00:00:00,18.012521038173215,10.033870768241446,26.978708347690628,
2034-11-05 00:00:00,18.159069384975773,8.903016050418582,27.030980458580554,
2034-11-12 00:00:00,18.618810783216876,9.965517106067558,27.100217791510218,
2034-11-19 00:00:00,18.915135127645467,9.521222371152032,27.65244752923418,
2034-11-26 00:00:00,18.93325904183797,9.866334539814968,27.190334595003463,
2034-12-03 00:00:00,18.971382438475906,10.19574559009859,27.620392750836764,
2034-12-10 00:00:00,19.32253101169998,9.84381529377823,28.124905871549657,
2034-12-17 00:00:00,19.909386423812304,11.631853759449047,28.798746893167014,
2034-12-24 00:00:00,20.377926866752855,11.742241184069501,28.8887606673148,
2034-12-31 00:00:00,20.49376955018308,11.48847086070926,29.483331629352946,
2035-01-07 00:00:00,20.35941803571536,11.165606052441936,29.338236274417,
2035-01-14 00:00:00,20.231863532010145,10.700192184989358,29.242152929659014,
2035-01-21 00:00:00,20.2063844225899,11.2751678577869,29.095143867898642,
2035-01-28 00:00:00,20.152922255299536,11.042411150270224,28.499397941386505,
2035-02-04 00:00:00,19.942514787435357,10.783325536880884,28.35823402793924,
2035-02-11 00:00:00,19.646961363758937,10.401837993319127,28.062643964169013,
2035-02-18 00:00:00,19.461528306207015,10.204552949875533,27.883236748728486,
2035-02-25 00:00:00,19.466449054269624,10.762584039935403,28.416646457997153,
2035-03-04 00:00:00,19.533924803824725,11.013227140342957,28.315153412638047,
2035-03-11 00:00:00,19.485239033463824,10.689803534844,28.43353019320788,
2035-03-18 00:00:00,19.290981390216974,10.312598719643374,28.247927423203926,
2035-03-25 00:00:00,19.07881215630715,10.116046713559,27.775675069659094,
2035-04-01 00:00:00,18.97360418380395,10.057456314763417,28.23786983478668,
2035-04-08 00:00:00,18.98992792969998,10.17321931301777,28.13949567899708,
2035-04-15 00:00:00,19.089360472667696,10.28964596496933,28.632274519406373,
2035-04-22 00:00:00,19.27712066867322,9.719717890982583,28.252644350549687,
2035-04-29 00:00:00,19.572583510783467,10.795661303401694,28.299759675766822,
2035-05-06 00:00:00,19.89035967850165,10.651369901705127,29.319966333195282,
2035-05-13 00:00:00,20.02543635464174,11.280843163851857,29.118042715386267,
2035-05-20 00:00:00,19.821284666838277,10.281810302923217,28.77082648736127,
2035-05-27 00:00:00,19.353276395677227,10.748364222396948,28.062046551650347,
2035-06-03 00:00:00,18.904333233289265,9.409205761024177,27.681957072936207,
2035-06-10 00:00:00,18.730408012284943,9.442567130211792,27.591366610913568,
2035-06-17 00:00:00,18.847082698544494,9.743217934601399,27.967837504363985,
2035-06-24 00:00:00,19.040202835801313,9.906780269959684,28.3377313548917,
2035-07-01 00:00:00,19.063883528672456,9.602438382702125,28.158818224832622,
2035-07-08 00:00:00,18.827132320547364,10.073068075409518,27.507945655151495,
2035-07-15 00:00:00,18.438922140760493,8.864580668161263,27.56406883628489,
2035-07-22 00:00:00,18.13796407319074,8.672666117699432,27.322905437592297,
2035-07-29 00:00:00,18.17623105632669,8.903649989141599,26.939225427626464,
2035-08-05 00:00:00,18.67256695027447,8.878955168283843,27.676120592052918,
2035-08-12 00:00:00,19.470557782560867,10.523721679209746,28.17096365243323,
2035-08-19 00:00:00,20.13747065645625,11.191491684329849,29.074835677279445,
2035-08-26 00:00:00,20.225087921885166,11.040894212842119,29.835910183754343,
2035-09-02 00:00:00,19.66525328780289,10.914858831939158,28.542533613942133,
2035-09-09 00:00:00,18.9272045269336,9.83647462969911,28.276990927120494,
2035-09-16 00:00:00,18.68257752275143,8.98465991931995,27.672505809470152,
2035-09-23 00:00:00,19.20309955277075,9.999925547190614,28.564494820189346,
2035-09-30 00:00:00,20.067255703959916,10.449352313275849,29.14238161480207,
2035-10-07 00:00:00,20.5195216425945,11.443898922960974,29.861306675267933,
2035-10-14 00:00:00,20.17269946432223,10.554153634724827,29.44196065887177,
2035-10-21 00:00:00,19.35945231558906,9.627146265154463,28.596889335828294,
2035-10-28 00:00:00,18.7800806443052,10.11765038285419,28.104471228556683,
2035-11-04 00:00:00,18.82363067467415,9.212918804720601,27.49843240317557,
2035-11-11 00:00:00,19.265982426846975,10.04177135563565,28.778809001158855,
2035-11-18 00:00:00,19.614604901191026,9.909062054218214,28.946234620931442,
2035-11-25 00:00:00,19.668562763120775,10.032974944439745,28.880281744311553,
2035-12-02 00:00:00,19.674726062775633,10.315228476644725,29.384524088429558,
2035-12-09 00:00:00,19.963261543552754,10.879621852177056,29.174860941333982,
2035-12-16 00:00:00,20.5307303857638,10.246690672094223,29.488850307712852,
2035-12-23 00:00:00,21.04613237734427,11.832559433542851,30.367488578997076,
2035-12-30 00:00:00,21.22683354329026,11.8798751440358,30.60526271567344,
2036-01-06 00:00:00,21.118144734343723,11.995885134107088,30.117387633367485,
2036-01-13 00:00:00,20.97475173165484,11.515603785835353,29.908663393522644,
2036-01-20 00:00:00,20.936010950973923,12.043879578523258,29.879540248728297,
2036-01-27 00:00:00,20.900850849376397,10.433670510554233,30.719138521373402,
2036-02-03 00:00:00,20.71972272171233,11.23232360343158,30.164708789705188,
2036-02-10 00:00:00,20.42556894470307,10.718135809871153,29.431969912929944,
2036-02-17 00:00:00,20.208498980942878,10.961367742460249,29.26269472756926,
2036-02-24 00:00:00,20.183703360929744,10.431411476724357,29.662127521303276,
2036-03-02 00:00:00,20.254863977795935,11.399089493517176,30.131305814157827,
2036-03-09 00:00:00,20.234910027903105,10.102722921500206,29.544298677565074,
2036-03-16 00:00:00,20.060154035447248,10.933966664596182,29.157310133490256,
2036-03-23 00:00:00,19.839627314931995,10.222212501850596,28.891219506774604,
2036-03-30 00:00:00,19.710970755485086,10.425462734516826,29.242174932010904,
2036-04-06 00:00:00,19.70851018046004,10.26688803317233,29.19781552987733,
2036-04-13 00:00:00,19.794533164437535,10.038347215776593,28.600155976635158,
2036-04-20 00:00:00,19.963990791011128,10.428716216344913,29.744447329653255,
2036-04-27 00:00:00,20.242158113529825,11.075632057036907,29.47754870264346,
2036-05-04 00:00:00,20.5688798252704,11.751663591552168,29.859711987093107,
2036-05-11 00:00:00,20.752502524030035,11.006507801498106,30.17430133382046,
2036-05-18 00:00:00,20.611335221579864,11.316516929079306,30.196751444552433,
2036-05-25 00:00:00,20.17335252386794,11.194832247543786,29.575746085258288,
2036-06-01 00:00:00,19.69776662280286,9.883971907758353,29.239329561156325,
2036-06-08 00:00:00,19.465288404677914,9.387087131650405,28.99720468532484,
2036-06-15 00:00:00,19.54115598526971,10.02788235091722,29.371501260618984,
2036-06-22 00:00:00,19.740812973964758,9.862503674277308,29.21230789699341,
2036-06-29 00:00:00,19.80737733694137,10.274398994103468,29.33260631277458,
2036-07-06 00:00:00,19.614408304034598,9.417327453120922,28.704036982821435,
2036-07-13 00:00:00,19.238100909816172,9.702253809571081,28.44846037578592,
2036-07-20 00:00:00,18.901727961859002,9.331841350064533,28.509123067410464,
2036-07-27 00:00:00,18.864735869482217,9.266633595589571,28.824378157082066,
2036-08-03 00:00:00,19.281504369580432,10.170403816983654,28.44984549089103,
2036-08-10 00:00:00,20.051259501211252,10.647466048900018,29.042519117770553,
2036-08-17 00:00:00,20.779261737413243,11.322330632366878,29.646452518652602,
2036-08-24 00:00:00,20.99081654711196,10.905575339559741,30.38597492659379,
2036-08-31 00:00:00,20.526166878044982,10.75132497136765,30.354622305891816,
2036-09-07 00:00:00,19.768745881967206,9.787287418803906,29.575234405959556,
2036-09-14 00:00:00,19.39734219438362,9.535016909577935,28.85565815976514,
2036-09-21 00:00:00,19.793132545203022,9.33524525666699,29.74681451867898,
2036-09-28 00:00:00,20.650753672094467,10.656788335477444,29.576273543222385,
2036-10-05 00:00:00,21.223992237548565,11.061248146217672,30.547230509680965,
2036-10-12 00:00:00,21.01546514058846,11.449323371710427,30.80756078387212,
2036-10-19 00:00:00,20.235744383432955,9.424445886561736,30.1447226426317,
2036-10-26 00:00:00,19.569349170089033,10.185226221026271,28.876652718374686,
2036-11-02 00:00:00,19.50168495684415,9.778620786723229,29.611146536833694,
2036-11-09 00:00:00,19.909242717963394,10.069652790652032,29.534705485727677,
2036-11-16 00:00:00,20.303309181751146,10.283351798877916,30.330728116062787,
2036-11-23 00:00:00,20.402110594599595,10.57217898377249,29.628138117788744,
2036-11-30 00:00:00,20.388113058542437,10.483814665214272,30.414698981001692,
2036-12-07 00:00:00,20.613883398325207,10.53333651205276,29.84528311090604,
2036-12-14 00:00:00,21.150244608379438,10.94402067848282,30.61562631473617,
2036-12-21 00:00:00,21.702651270044377,11.958374212811867,31.63291014813317,
2036-12-28 00:00:00,21.950046444234545,12.665670624849842,31.580561185535394,
2037-01-04 00:00:00,21.87615023871442,12.22630304536479,31.886264321391813,
2037-01-11 00:00:00,21.72173113373814,11.309808625061725,31.618046724509675,
MAE,3.8361888482095168,,,
RMSE,5.467987233488967,,,
