ds,yhat,yhat_lower,yhat_upper,actual
2001-01-07 00:00:00,12.63996037977229,4.438245583102228,20.517529217592458,10.345438541045842
2001-01-14 00:00:00,12.360978755629285,5.031126301086748,19.855337457333693,8.856818046195079
2001-01-21 00:00:00,12.411891746825251,4.718844955262789,20.239363420199446,9.058967336477286
2001-01-28 00:00:00,12.564986056427827,4.915817893936765,20.525673628911143,11.605886076281791
2001-02-04 00:00:00,12.579938916473736,4.342631396708745,20.281169021372072,6.736008210253485
2001-02-11 00:00:00,12.651230566721502,4.295574667169751,20.379006858088857,9.454002189092822
2001-02-18 00:00:00,13.205716120922144,6.030052858032441,20.791566818619227,11.45957745899466
2001-02-25 00:00:00,14.26503946754724,6.61925646334604,22.179364667836875,12.217522141659034
2001-03-04 00:00:00,15.221070732105408,7.7701331244676926,22.906366539698638,28.746514480866864
2001-03-11 00:00:00,15.400305324903218,7.5045813911216985,23.34043391199379,24.90780671894777
2001-03-18 00:00:00,14.791862275783512,7.034348728768574,22.91032166450728,21.08158477361939
2001-03-25 00:00:00,14.067092456589515,6.488992208973841,21.62442477476193,18.287350026565985
2001-04-01 00:00:00,13.866266093060373,6.293452638390572,21.6248299196058,18.99698996138428
2001-04-08 00:00:00,14.208994075973454,6.577307256616294,21.80643529843529,17.92018323383512
2001-04-15 00:00:00,14.68648760131404,6.636668532407515,22.398368518017627,16.227766933132887
2001-04-22 00:00:00,15.082011470940342,7.363638590869637,22.744001797595125,13.30024287164771
2001-04-29 00:00:00,15.553706036199587,7.4655356988169785,23.0307103454882,11.758027238111318
2001-05-06 00:00:00,16.16453342626595,8.103181700293762,23.97616396352326,5.8464044551838015
2001-05-13 00:00:00,16.492294540157037,8.557751075075043,23.975293854773692,6.3039092643282615
2001-05-20 00:00:00,16.008283544058706,8.612491084329582,23.28922793352794,15.958769042376616
2001-05-27 00:00:00,14.862436104164603,7.445264681480839,22.528311785852996,5.515744780072198
2001-06-03 00:00:00,14.011600961820246,6.11496151831045,21.66488165098027,9.59804389996619
2001-06-10 00:00:00,14.291972118811715,6.581462747101589,21.444556127262732,12.271373281057295
2001-06-17 00:00:00,15.369146225547729,7.963454714558494,23.19293574148698,12.481948038904315
2001-06-24 00:00:00,15.848413511127415,8.484899266574164,23.73016583528569,87.52114106505499
2001-07-01 00:00:00,14.62563192546532,6.313314933910679,22.004051460184527,50.38598000609765
2001-07-08 00:00:00,12.11733871651416,4.28172056488772,20.353323305407336,18.76918950999911
2001-07-15 00:00:00,10.023484782537636,2.007185052688688,17.513888045699208,2.7921284188482423
2001-07-22 00:00:00,9.802885675153833,2.0738496397327486,17.622302121433368,0.7775180432758959
2001-07-29 00:00:00,11.39191761939507,3.338398688251804,19.018356514000622,4.989133994692742
2001-08-05 00:00:00,13.392418902596717,5.648717324472314,20.99880711478272,9.22770190346319
2001-08-12 00:00:00,14.402431744890428,6.5762925871269875,21.810991562626533,11.583719058568173
2001-08-19 00:00:00,14.103197370925978,5.9596466558140975,21.80833588922036,15.26874631256446
2001-08-26 00:00:00,13.188263922397109,5.371127486393818,20.3514955833907,13.745511978289311
2001-09-02 00:00:00,12.498624766380582,5.396518207630242,20.157470128366743,12.27825520537719
2001-09-09 00:00:00,12.351150742041476,5.1000425427510665,19.909557733337817,11.863632503769038
2001-09-16 00:00:00,12.541644792001186,4.84333672880563,20.635814167536665,10.640086044553849
2001-09-23 00:00:00,12.71245219076034,4.983154888309263,20.07075303050292,12.050006082573423
2001-09-30 00:00:00,12.620317040148013,5.279012768080395,20.17242558538944,14.028763231183248
2001-10-07 00:00:00,12.235109245012376,4.565818619527523,20.167777634442533,16.43729064168948
2001-10-14 00:00:00,11.812540479716978,4.5382197541722675,19.600506457749475,17.538521744302784
2001-10-21 00:00:00,11.864435472123704,4.2794395940284335,19.64638375608528,20.29986930269003
2001-10-28 00:00:00,12.814545373147727,5.229062475690761,20.81531933084861,21.52340323071991
2001-11-04 00:00:00,14.482465638888737,6.149668478014286,21.733059007700575,20.37242472228727
2001-11-11 00:00:00,15.963412834257213,8.341874013459003,24.01688597079641,48.02408673478927
2001-11-18 00:00:00,16.247038591497773,8.76542977952911,24.176625319470407,32.05417042010937
2001-11-25 00:00:00,15.10801798086781,6.945634070075451,22.623915714065895,17.65623093911879
2001-12-02 00:00:00,13.353541615154446,5.273348628569295,21.134296904124504,8.577803905982554
2001-12-09 00:00:00,12.097473291337272,4.485021705208417,19.997440651366226,3.638575504583823
2001-12-16 00:00:00,11.78000977466794,3.5531348313365387,19.45171783053805,4.619489278919802
2001-12-23 00:00:00,11.941529286367171,4.554625746750785,18.69408786743808,7.349844225367216
2001-12-30 00:00:00,11.907533392515136,4.114086625560503,19.66786596959227,10.780796991129158
2002-01-06 00:00:00,11.5364893967973,3.694232704515335,19.436786531706943,4.602854254251729
2002-01-13 00:00:00,11.207622312664842,3.206742331109351,18.889581223371316,6.054518647301229
2002-01-20 00:00:00,11.206367372960242,3.3239152744838107,19.19843617390969,7.365387689253346
2002-01-27 00:00:00,11.366739076039922,3.4422866168432247,18.87460604604646,8.365945409193698
2002-02-03 00:00:00,11.406430762570297,3.5297699529576607,18.99586652832793,16.707638252198095
2002-02-10 00:00:00,11.435086207095079,3.425188084497988,19.023383625735264,17.351035537982646
2002-02-17 00:00:00,11.882470632287308,3.741901965265759,19.213984517703274,16.881042378866194
2002-02-24 00:00:00,12.88157563012026,5.701034919995265,20.629157010055472,15.03204783095306
2002-03-03 00:00:00,13.914988571328365,5.78843556621821,21.10630187173402,27.767588139436096
2002-03-10 00:00:00,14.258669302506895,5.985417991782253,21.736545135145697,17.52330449528973
2002-03-17 00:00:00,13.754448302950944,6.430577999695641,21.675025637884808,10.540839517772548
2002-03-24 00:00:00,12.991373299977887,5.311805537681703,20.642174699409217,10.140031847501623
2002-03-31 00:00:00,12.67533964839015,4.718796619124353,20.266247994346905,3.555056817441572
2002-04-07 00:00:00,12.946741488987247,4.66262273705867,20.477311568058322,6.160704543681068
2002-04-14 00:00:00,13.428457105973454,5.785558244557072,20.65062382528307,8.167910864823963
2002-04-21 00:00:00,13.834259078494533,6.373651589607529,21.448423732094312,8.505033774053397
2002-04-28 00:00:00,14.276683626268692,6.5832104736762584,21.845495397933302,30.391076403056147
2002-05-05 00:00:00,14.879663113549359,7.098591273605421,22.872975194357117,18.397101276248257
2002-05-12 00:00:00,15.304372890934674,7.624135485655373,22.21214304715717,9.152877246270243
2002-05-19 00:00:00,14.982020526629586,7.57353492540646,22.730874812561495,8.03070907442534
2002-05-26 00:00:00,13.900270403057927,5.731075851009157,21.511472076903146,3.0816829873448355
2002-06-02 00:00:00,12.914830841177825,5.522062794032984,20.702095036454466,6.007788652661298
2002-06-09 00:00:00,12.976435021538702,5.385986141571815,20.702439400984403,8.372943384217454
2002-06-16 00:00:00,13.996105318190287,5.946450981491138,21.74922114227025,8.92629097577641
2002-06-23 00:00:00,14.693131513257459,7.007944059282474,22.538156309971967,37.58570441127177
2002-06-30 00:00:00,13.79468889178007,5.721817397211368,21.34942544658706,23.23216792454928
2002-07-07 00:00:00,11.412381141865275,3.3129119622079326,19.12034762462423,11.008169355021504
2002-07-14 00:00:00,9.107589909421648,1.7486479196509919,16.16795700777966,7.340075309157445
2002-07-21 00:00:00,8.50610586253675,0.5944584496092187,15.907482636102321,2.761015253063204
2002-07-28 00:00:00,9.850283664568252,2.198029972241728,18.165992369188295,5.649523240999368
2002-08-04 00:00:00,11.899591387179061,4.17305011585201,19.73695161665164,8.357273355116297
2002-08-11 00:00:00,13.147308007627558,5.840442748931331,20.827518411694303,9.62089415082113
2002-08-18 00:00:00,13.05072323851364,5.505325559188216,20.252081635744375,26.056839038375937
2002-08-25 00:00:00,12.175969151916236,4.426742580855291,19.803581014064637,21.7277245107942
2002-09-01 00:00:00,11.404032880721406,3.497815285320336,19.188418092153846,17.05652029162605
2002-09-08 00:00:00,11.16400259884545,3.2068878941549643,19.648212674769788,14.325033159203812
2002-09-15 00:00:00,11.320800651808337,3.359727925527468,19.19500126643763,11.806072911410944
2002-09-22 00:00:00,11.518085479401542,4.1081793547914,18.74664295966801,12.76390869466149
2002-09-29 00:00:00,11.482144379938852,3.717720128447531,19.05728196246286,13.915600800542313
2002-10-06 00:00:00,11.13962436451466,3.128419787987197,19.36366855518206,14.291828593385253
2002-10-13 00:00:00,10.691165649003251,3.072459480624004,18.67913276649623,15.285229294247534
2002-10-20 00:00:00,10.617693734277662,2.3028537052933356,18.88624137573072,13.993486312987825
2002-10-27 00:00:00,11.39767770462848,4.225035456023937,19.124233372145035,12.447097714199842
2002-11-03 00:00:00,12.98696256990125,5.155781980695384,20.51324447121435,11.0515976785648
2002-11-10 00:00:00,14.584961821274305,6.891641955659264,21.98541522344638,11.430972502192118
2002-11-17 00:00:00,15.13066223567075,8.138639137770898,22.839306732374357,10.182234566296282
2002-11-24 00:00:00,14.21149268804935,6.208691819727404,21.973715250955742,9.197236761900497
2002-12-01 00:00:00,12.47953205715778,4.59249645670204,20.068046040185894,8.528659169611107
2002-12-08 00:00:00,11.073531482273653,3.47541478584835,19.06664559848774,6.42452843981145
2002-12-15 00:00:00,10.601457956071428,3.154643238281258,18.496634138267027,6.394254618301106
2002-12-22 00:00:00,10.733215859328656,2.6189050258441657,18.510333301518482,6.552048109181901
2002-12-29 00:00:00,10.765062074505257,3.545754844889483,18.67875461381064,6.855237832705543
2003-01-05 00:00:00,10.434722937435676,2.781231582554054,18.0331740631797,6.282415600804679
2003-01-12 00:00:00,10.066178036816824,2.641279056192097,17.723468515537256,6.761152907096976
2003-01-19 00:00:00,10.006371836367952,2.0083178999961913,18.11417897127449,6.882134258304911
2003-01-26 00:00:00,10.16338204441719,2.743822929847786,18.15870241510718,6.300366233793432
2003-02-02 00:00:00,10.23150639398154,2.1992156955113247,17.289243723052458,11.030570781563735
2003-02-09 00:00:00,10.23316635505554,2.6314182477184875,17.60423494090753,6.791619396685079
2003-02-16 00:00:00,10.578834041688667,2.607634620663643,18.429398179247293,3.899600649747845
2003-02-23 00:00:00,11.499881691499708,3.3160924875675817,19.326301880750684,4.504278172003337
2003-03-02 00:00:00,12.585206442406134,4.362480240364475,20.029264212628732,1.4815172077575087
2003-03-09 00:00:00,13.087727952623982,5.424240803346018,20.79289614446221,2.764459056470642
2003-03-16 00:00:00,12.708460432776278,4.734899874807369,20.83882158676116,4.037178481882333
2003-03-23 00:00:00,11.931680504022962,4.308643425610459,19.17669525885477,4.829879253889518
2003-03-30 00:00:00,11.504716641303414,3.1393243499359453,19.21089789083433,14.087352398942242
2003-04-06 00:00:00,11.690826085576049,4.05800511299391,19.623971836681548,13.605893229880383
2003-04-13 00:00:00,12.166671497071182,4.98409792741095,19.90829154562949,12.691693339113622
2003-04-20 00:00:00,12.58760145132754,5.046004558516428,20.871768796726354,12.067198032063754
2003-04-27 00:00:00,13.006279040902703,4.940378690849819,20.746984734671287,12.928538731798554
2003-05-04 00:00:00,13.589951831339803,6.098248383130483,21.344310532593333,12.920495762758913
2003-05-11 00:00:00,14.091008859486962,6.736656023577138,21.913167071874874,13.133541751692407
2003-05-18 00:00:00,13.928846860379302,6.530164092235021,21.723835172982607,13.469560753750129
2003-05-25 00:00:00,12.940763122966345,5.615259444216382,20.445852542528762,12.80747231020082
2003-06-01 00:00:00,11.854523726960249,4.5529840716756524,19.69810460822793,13.31284679236196
2003-06-08 00:00:00,11.695081077412151,4.310292961683607,19.42174939507349,13.462526921021166
2003-06-15 00:00:00,12.612838673524326,4.996042852849394,20.68093299458074,12.869290976416051
2003-06-22 00:00:00,13.482874093255994,5.588302419711449,21.157923496707525,17.71379958081447
2003-06-29 00:00:00,12.912101438476263,5.3568520053600235,20.615601066833356,14.531099347737545
2003-07-06 00:00:00,10.70970810679371,2.359591887985231,18.25368667140183,11.286194977087078
2003-07-13 00:00:00,8.250126828996786,1.0580370847723195,15.76913193151106,8.921043094360911
2003-07-20 00:00:00,7.275716802421288,0.037056030337428325,15.422369976029474,5.510080480211262
2003-07-27 00:00:00,8.331807190453764,0.2795096443842562,16.06164565573225,5.148506804181039
2003-08-03 00:00:00,10.378267431339474,2.584852755337791,17.901105411798206,6.210467081766488
2003-08-10 00:00:00,11.846092407672861,4.093093819919168,19.855635188468263,9.357014633841212
2003-08-17 00:00:00,11.972662115724535,4.3082893854604905,19.922588887390717,6.268866813047734
2003-08-24 00:00:00,11.16839639187308,3.6540036233720836,18.300318105532085,9.35583584663767
2003-08-31 00:00:00,10.328025453058654,2.9474962338959267,18.184182315565984,11.74265868572403
2003-09-07 00:00:00,9.990036013871796,2.504707890166193,18.034950622593872,11.971741654590568
2003-09-14 00:00:00,10.100950944096375,2.819740714455855,17.428261072405807,47.61276168449925
2003-09-21 00:00:00,10.31576644117635,3.421974629672976,17.997452759227457,28.10830662042616
2003-09-28 00:00:00,10.333485922182243,1.9707369109397224,18.141000061442213,10.323577202750595
2003-10-05 00:00:00,10.039923858484146,2.692700008945864,18.19144066864996,5.746594492323986
2003-10-12 00:00:00,9.581638232509935,1.7515347761565154,16.839158998723214,2.1837231826610526
2003-10-19 00:00:00,9.399611086218261,1.7296846970157809,17.324829563215033,5.448729958570426
2003-10-26 00:00:00,10.008863470188137,2.7970200632221154,17.12066301195112,8.648839366711565
2003-11-02 00:00:00,11.492590884916414,3.443866625590992,18.724245483542155,9.78413149205696
2003-11-09 00:00:00,13.171093824999708,5.177962220230912,20.931676402201138,54.47580568494324
2003-11-16 00:00:00,13.964424626636427,6.3608214734758555,21.922253891681855,35.217640154940334
2003-11-23 00:00:00,13.28761295944031,5.356655002049182,21.394559357884518,13.6845183430884
2003-11-30 00:00:00,11.617537313309663,3.9822979224249893,19.134759169066186,0.8837328170280139
2003-12-07 00:00:00,10.08218977956364,2.618314430776554,17.8819595882051,0.0
2003-12-14 00:00:00,9.443221204411236,1.3583210814783335,16.63782329353624,1.22484512963121
2003-12-21 00:00:00,9.520290518623986,1.873481585967319,17.177373207956308,4.89485206605944
2003-12-28 00:00:00,9.609233261405903,1.720025923033055,16.97266947953434,6.913014804309349
2004-01-04 00:00:00,9.33173049398251,1.4539978645384366,16.73589920812057,9.942926064511177
2004-01-11 00:00:00,8.936009984267526,1.1351674937856426,16.716535096957728,7.825258354260036
2004-01-18 00:00:00,8.81397861084297,1.2433720991950992,16.48465665958323,4.990093601755067
2004-01-25 00:00:00,8.956136112791977,1.0213526866853044,16.3518195846786,3.3071459794737224
2004-02-01 00:00:00,9.053188527501973,1.244988395491986,16.817440002081987,2.363101814495159
2004-02-08 00:00:00,9.042716547614003,1.2443136299746662,16.862027135216408,3.001191315921828
2004-02-15 00:00:00,9.295527929941741,1.095693133104584,17.06266266510617,3.808988864754897
2004-02-22 00:00:00,10.124498551153549,2.5986398006300995,17.72198582672148,3.8594300048281154
2004-02-29 00:00:00,11.235498318102158,3.9004060647208614,19.579902509329692,5.660605390903785
2004-03-07 00:00:00,11.886289379834466,4.040322308897847,19.576689404144574,2.8919549790460106
2004-03-14 00:00:00,11.649025990805214,4.155199960154452,19.4125340960439,1.1719328832845772
2004-03-21 00:00:00,10.884667827304868,3.4069207429174666,18.465040856188768,3.3082187467656268
2004-03-28 00:00:00,10.35543937892697,2.3868976640111637,18.20944054523376,1.3406528519124608
2004-04-04 00:00:00,10.444136351992185,2.6859140345633774,18.091044594948475,2.7624691698756005
2004-04-11 00:00:00,10.901801776925867,3.3248030548508463,18.35251933424042,4.143823704144851
2004-04-18 00:00:00,11.340463654155144,4.233317757893463,18.811513828118436,4.785766274067088
2004-04-25 00:00:00,11.742467522903453,4.310554280930093,19.94027092147504,22.781557586436666
2004-05-02 00:00:00,12.29876305817956,4.6795975379279025,19.84284132504294,18.371192311464764
2004-05-09 00:00:00,12.855317707480086,4.9326781456583575,20.557298795617342,13.185857560160828
2004-05-16 00:00:00,12.846594429090345,5.118247947634595,20.69662116419302,10.824953541937736
2004-05-23 00:00:00,11.977102848160374,4.433421162447372,19.610948689631872,6.55702229590215
2004-05-30 00:00:00,10.826329879835807,3.054536443849049,18.52409784286216,8.644160227266191
2004-06-06 00:00:00,10.45194582558753,2.531994007478019,18.113752224724685,11.201986343995602
2004-06-13 00:00:00,11.228942066202439,3.346118774376351,18.634153861522606,12.694967132836052
2004-06-20 00:00:00,12.223126895755478,4.276956974496458,20.04748067058179,18.58588963634645
2004-06-27 00:00:00,11.972815509351022,4.651688881908852,19.34938624207104,17.42291179991587
2004-07-04 00:00:00,9.997739413752418,2.26414207257584,18.08342819350834,15.445567271406912
2004-07-11 00:00:00,7.4435904685932694,0.21491348089722973,15.47890854356903,13.709192292330767
2004-07-18 00:00:00,6.1147432203733185,-1.4948679221026229,13.97899366399956,14.579014169976055
2004-07-25 00:00:00,6.846521607750277,-0.6381112737146797,15.467035031754502,13.256054116653724
2004-08-01 00:00:00,8.836311502184332,1.205174812895458,16.448551923191815,12.354224786347269
2004-08-08 00:00:00,10.499121593215547,2.426273840376987,18.000882019887833,11.941554927022954
2004-08-15 00:00:00,10.86424479335648,3.1579643530641928,18.761896581680666,9.323739511926364
2004-08-22 00:00:00,10.161614601081357,1.94424658072374,17.87666633175122,9.759635901440635
2004-08-29 00:00:00,9.270683606401338,1.6556171468635021,17.004526040969445,10.13843986572632
2004-09-05 00:00:00,8.83218802904067,1.238676450156265,16.547348490389403,9.876320720906676
2004-09-12 00:00:00,8.885427555426718,0.9558066435657997,16.723037965277157,12.5434354766465
2004-09-19 00:00:00,9.108038200589121,1.4668320586997243,16.81740516693449,10.281274744026824
2004-09-26 00:00:00,9.175760585927227,1.7197772647398093,16.89200306781244,8.147708270480427
2004-10-03 00:00:00,8.935790313427898,1.1336645223674662,16.752141449653987,7.627684508846247
2004-10-10 00:00:00,8.482422716219226,1.037819243298057,16.324064831706174,4.532187493661036
2004-10-17 00:00:00,8.209902384653816,0.38784942770489916,16.073683221073527,6.016751649419085
2004-10-24 00:00:00,8.652310270050812,1.1268192916548108,16.33811797295462,7.490440256455613
2004-10-31 00:00:00,10.007974884148748,2.3180228414474797,17.782224020519596,7.69402260046427
2004-11-07 00:00:00,11.730037977941837,4.039657833364501,19.879781590227466,21.54841563355557
2004-11-14 00:00:00,12.750761137572159,4.325824213938304,20.170019926329488,13.257971403443966
2004-11-21 00:00:00,12.332871437153774,4.373035243151453,20.184349064264588,3.793715963000453
2004-11-28 00:00:00,10.763857957078098,3.1611396888779573,18.416752344882752,0.0
2004-12-05 00:00:00,9.125315177619107,1.3089213434937301,16.376991340648104,0.0
2004-12-12 00:00:00,8.312537386278738,0.1431262016010244,16.12110560818777,0.0
2004-12-19 00:00:00,8.310015128035479,0.35471572591137956,15.882947443269478,0.0
2004-12-26 00:00:00,8.44327516971327,0.615610606037178,15.708069440542834,0.0
2005-01-02 00:00:00,8.22823282689309,0.3593038204564598,15.828005453934614,0.0
2005-01-09 00:00:00,7.819692922208961,-0.4322929137556937,14.861734287491792,0.0
2005-01-16 00:00:00,7.634933522336858,-0.2632310608103179,15.871531042478802,0.0
2005-01-23 00:00:00,7.750769625254937,0.17118059819576192,15.741419020034321,0.0
2005-01-30 00:00:00,7.874292456239854,0.1389908432727589,15.783203489358685,0.0
2005-02-06 00:00:00,7.865195419917721,-0.5166554325550852,16.07439486133891,0.0
2005-02-13 00:00:00,8.037025218456304,0.5519580033294105,16.53891605289398,0.0
2005-02-20 00:00:00,8.7642421596628,1.1673564651083055,16.771986654614377,0.0
2005-02-27 00:00:00,9.875057679627192,2.80131802415913,17.506375927459043,35.22669024999058
2005-03-06 00:00:00,10.659160214801982,2.0646396413486228,18.604133600244083,29.46744454519952
2005-03-13 00:00:00,10.57676156072767,3.19612571834926,18.80515970460332,21.257239009078816
2005-03-20 00:00:00,9.851687133320656,2.23216653201317,17.890873003354095,16.982234195731095
2005-03-27 00:00:00,9.23329282550299,1.0825922650000903,17.343500959412587,11.365849801250606
2005-04-03 00:00:00,9.21520519135736,1.5371507760773122,17.29464547765953,14.496862455043862
2005-04-10 00:00:00,9.64374897772332,2.004183859329923,17.404356508912354,18.52464609184162
2005-04-17 00:00:00,10.103156921533653,2.1284048227787453,17.727487165058676,19.94614665186392
2005-04-24 00:00:00,10.499426695041418,3.2958404541318536,18.650396837165182,36.77723297924488
2005-05-01 00:00:00,11.026768483275267,3.7134382795464003,18.63993900166872,27.892564465968977
2005-05-08 00:00:00,11.62172519780027,3.977421463357273,18.544177486539233,16.583581686733424
2005-05-15 00:00:00,11.758097835009995,4.01785569925681,19.616416948323955,8.813527868052724
2005-05-22 00:00:00,11.029824189182815,3.5033595268104016,19.091297249053632,4.441740922136352
2005-05-29 00:00:00,9.854815956437708,1.7133136513114655,17.287344488910726,4.860392708096856
2005-06-05 00:00:00,9.282477384306887,1.6902647435931586,16.877954132915427,7.314199915376808
2005-06-12 00:00:00,9.889677606199704,2.100956324232146,17.482007004984826,9.117068454389983
2005-06-19 00:00:00,10.95989842364141,3.0865793531076857,18.67059099098774,6.758844327785745
2005-06-26 00:00:00,11.015802889375323,2.9879308714202164,18.57395846369237,6.721265318959533
2005-07-03 00:00:00,9.310501323697286,1.1655785351499555,16.749569209337224,6.301334524603061
2005-07-10 00:00:00,6.727219907486942,-0.9050322416400576,14.885200562519984,5.951957828651661
2005-07-17 00:00:00,5.075550987062095,-2.8638345829625624,12.921859721049225,6.4763918994591
2005-07-24 00:00:00,5.4575483988613325,-2.2887805055942074,12.913225752466817,6.35148595255226
2005-07-31 00:00:00,7.338713974823924,-0.792616930435976,14.706123385835287,6.36798993385097
2005-08-07 00:00:00,9.166668595687321,0.9679459072484304,17.305838780750243,6.537534214137673
2005-08-14 00:00:00,9.782179433748654,2.4891693426319383,17.79485526574449,5.994064817880803
2005-08-21 00:00:00,9.214599815691543,1.6122717850365218,17.302630333017152,6.409879661289716
2005-08-28 00:00:00,8.297215563991141,0.28171489601268007,15.687222713053933,6.7151097438273055
2005-09-04 00:00:00,7.761368712514183,-0.3047263123005841,15.180804335501112,6.433519777002176
2005-09-11 00:00:00,7.748346807575669,0.1881891461671339,15.325499686691776,10.218543795906786
2005-09-18 00:00:00,7.970766079001905,0.046339854630856436,15.055199816870925,7.32314039040936
2005-09-25 00:00:00,8.086205468884028,0.7291457651032482,16.21336480363224,4.372871584864002
2005-10-02 00:00:00,7.905342551515064,0.28979370410911365,15.290267710279311,3.6380182288198513
2005-10-09 00:00:00,7.472546008813738,-0.6062658513788417,15.232285757642451,1.4518069994953566
2005-10-16 00:00:00,7.130671497313853,-0.989310190801513,14.791194536950119,2.5911624140209493
2005-10-23 00:00:00,7.416596371747355,0.061921154906992903,15.306092300737646,3.980135509151233
2005-10-30 00:00:00,8.628934071516747,1.0951381290048285,16.257412507065947,4.753182077332461
2005-11-06 00:00:00,10.360734705570406,2.285795951183167,18.249265785428907,12.56286160823577
2005-11-13 00:00:00,11.585963312510266,3.5819098261329154,19.416037802914488,10.8062298383656
2005-11-20 00:00:00,11.439558357170618,3.5776677316884884,19.400006094561483,8.167961951981477
2005-11-27 00:00:00,10.01177439851126,2.312184136502392,17.60512409037933,6.791808601417157
2005-12-04 00:00:00,8.303487463388102,0.5262125066781493,15.896624482883164,4.568089201649368
2005-12-11 00:00:00,7.318331810506524,-0.5875039610901256,15.166150217167415,5.6814551717790405
2005-12-18 00:00:00,7.214838297679017,-0.22801602694116863,15.344804312184722,7.248733964299602
2005-12-25 00:00:00,7.385549953389652,-0.19893152278900228,15.661656119241107,8.05429566227199
2006-01-01 00:00:00,7.249034609712845,-0.5864557338324099,14.923072353281373,12.236107116004955
2006-01-08 00:00:00,6.852777058605095,-0.9200118702021074,14.778679103462114,10.63448164171638
2006-01-15 00:00:00,6.6177013038734955,-0.9551990598093552,14.133342421472406,8.35925579809668
2006-01-22 00:00:00,6.706094173935904,-1.0929306415309092,14.375865391425265,7.099017444181986
2006-01-29 00:00:00,6.860530569600124,-0.5631660578318964,14.371010615367382,4.841994334519248
2006-02-05 00:00:00,6.873923604126922,-0.8785097434928151,14.443341251464433,5.683775274233009
2006-02-12 00:00:00,6.988534219143867,-0.3802441951145754,14.562296388412719,7.017820644354344
2006-02-19 00:00:00,7.618440815566593,-0.8683037142252594,15.091801400393809,8.0089837468934
2006-02-26 00:00:00,8.714148474286926,1.2559087795640478,16.722204785415393,9.763893256485773
2006-03-05 00:00:00,9.622416595268959,2.2176399952462553,17.327258528763622,9.84218322807366
2006-03-12 00:00:00,9.712655771380247,2.270301126326979,17.929255145657137,9.535798512416289
2006-03-19 00:00:00,9.063069555128376,0.47734860070593665,16.829491983375334,9.186987003024278
2006-03-26 00:00:00,8.38233549419518,0.3757972868946986,15.834894262747737,10.485580547126435
2006-04-02 00:00:00,8.261091906946712,0.4961156132606881,15.72604814693513,10.090158867550402
2006-04-09 00:00:00,8.649648186029467,0.9904425395289875,15.856947119211437,9.506327967504149
2006-04-16 00:00:00,9.13104494463457,0.7294735955805569,17.01614417272451,8.246794617819017
2006-04-23 00:00:00,9.533675909266057,1.5608081942623864,16.43307476013446,13.716083230797992
2006-04-30 00:00:00,10.03489480921331,2.639211429358295,17.885112707887835,7.65440747142745
2006-05-07 00:00:00,10.653818405765858,2.7251764523716604,18.267397095544673,2.031582609866866
2006-05-14 00:00:00,10.92420912281333,3.65348827395827,18.96643653822705,2.1505006879076896
2006-05-21 00:00:00,10.355076181067531,2.2563878444262553,18.196177826382687,0.9893959080229172
2006-05-28 00:00:00,9.19675770026879,1.5245504652230366,17.475046107143687,2.4727649000868617
2006-06-04 00:00:00,8.451552764037178,0.9779932735857209,16.289401928711364,4.234823933885676
2006-06-11 00:00:00,8.868707593535994,1.4390679926732828,16.81156478314476,5.079302258004546
2006-06-18 00:00:00,9.967498220686716,2.157086600661561,17.97582460665923,30.541118145445605
2006-06-25 00:00:00,10.307187333182023,2.4217419373518485,17.67202411697583,21.79879042003668
2006-07-02 00:00:00,8.906037160894305,1.1550266715449613,16.342692651083716,9.34403479840078
2006-07-09 00:00:00,6.360330311584523,-1.232738294708076,13.924468212702443,2.197492636116939
2006-07-16 00:00:00,4.427835280923084,-3.1469143473914016,11.848268651988137,0.4402331374710568
2006-07-23 00:00:00,4.4453676762498056,-3.923714707910092,12.269790724973301,1.9679316362596029
2006-07-30 00:00:00,6.168471146346766,-1.2683480381529098,13.685661733137454,4.4145588689276245
2006-08-06 00:00:00,8.126619327714257,0.4199636209947313,15.567212754530548,5.867631357341716
2006-08-13 00:00:00,8.999010954936177,0.32065481424197095,16.282877471811254,20.58830741487252
2006-08-20 00:00:00,8.600045895067224,1.0644385488769403,16.29165256985314,16.48636701137709
2006-08-27 00:00:00,7.685132091392355,0.22342109566608315,15.339061560607519,9.469072194745904
2006-09-03 00:00:00,7.063550044706965,-0.664261376910293,14.70819095967822,4.217674379004483
2006-09-10 00:00:00,6.981718049417761,-0.657151423131225,14.545270424564215,1.794003008089635
2006-09-17 00:00:00,7.20026100059466,-0.7746183435048462,15.15666179258189,1.737912029062001
2006-09-24 00:00:00,7.3649658242700475,-0.28620406710233315,14.904387374118187,3.78850405102201
2006-10-01 00:00:00,7.252114890702874,0.09219759182657672,14.603434966830084,5.369935911826354
2006-10-08 00:00:00,6.858729559356222,-0.9470254864208831,14.690451953302734,3.618270770355217
2006-10-15 00:00:00,6.473569052193736,-0.9950912494860642,13.65081558706737,3.433905269733743
2006-10-22 00:00:00,6.6217169138680685,-1.0945313671220003,14.344437281874406,2.9075475217400744
2006-10-29 00:00:00,7.685333224876643,0.08077621517328382,14.804003276368,2.730631438170966
2006-11-05 00:00:00,9.399600650492776,1.7982562265806559,17.1350963790535,2.1692389302060704
2006-11-12 00:00:00,10.807073665049678,2.868037614064135,18.695423999225962,2.730374970598692
2006-11-19 00:00:00,10.942856685208364,2.7348798750415337,18.353891720358348,3.533395244548273
2006-11-26 00:00:00,9.698665633576024,1.8895626117981452,17.257307857120324,4.257345854646967
2006-12-03 00:00:00,7.96290845173928,0.09398924918688056,16.172334139159386,5.920014167112547
2006-12-10 00:00:00,6.817895896190728,-0.45431672446685045,15.010671937434154,6.457938295562006
2006-12-17 00:00:00,6.599054413305071,-0.8380921433227995,14.218924828746115,6.707291791170584
2006-12-24 00:00:00,6.780560717149041,-1.1394420709726294,14.350876147779122,6.295466746154864
2006-12-31 00:00:00,6.718323114260508,-0.6794093954456528,14.236935452317248,13.879856555107
2007-01-07 00:00:00,6.343166012651743,-1.4747080311034395,13.960442271243311,8.796023325928426
2007-01-14 00:00:00,6.056830057622968,-1.9685662573194858,14.132596325572596,2.7048311189645773
2007-01-21 00:00:00,6.101455180930465,-1.800871050727208,13.911770815210922,0.0
2007-01-28 00:00:00,6.272310798771122,-1.2401706738555252,14.425381565615893,0.0
2007-02-04 00:00:00,6.310169739749357,-1.194862306900804,13.757064159879167,0.0
2007-02-11 00:00:00,6.3761702261207525,-0.7448770924083057,13.952588113172684,0.0
2007-02-18 00:00:00,6.90107046262898,-0.4668243112205559,13.977458723816007,0.0
2007-02-25 00:00:00,7.952327938277588,-0.05854620079062389,15.917918299723006,3.5684632669047507
2007-03-04 00:00:00,8.955935224050371,1.6868734020176595,16.62640988227566,3.498093172458848
2007-03-11 00:00:00,9.214948348543986,1.4707218908062822,17.107700149126245,2.960741237304888
2007-03-18 00:00:00,8.659159950364563,0.6178945604002584,16.251656971456256,2.663057323331514
2007-03-25 00:00:00,7.929907922277357,0.2787257187590928,15.74116940791217,2.08675159085806
2007-04-01 00:00:00,7.696422127141189,-0.12694911987722524,15.618587051313577,2.46185457465432
2007-04-08 00:00:00,8.026037924549879,-0.011911087201153414,15.9457541758895,3.2532010291969744
2007-04-15 00:00:00,8.51992825310818,1.1758682054833756,16.33883223018949,4.888547805290647
2007-04-22 00:00:00,8.932515232826415,1.1195561925857183,16.647824507682863,5.669045342784602
2007-04-29 00:00:00,9.405623805556164,1.9150244169862392,16.779909637994308,8.341787614654365
2007-05-06 00:00:00,10.028552503112117,2.1318598266853837,18.181331462951093,11.280655275709872
2007-05-13 00:00:00,10.411164644166686,3.1265912750159948,17.399269571276434,12.779577766851167
2007-05-20 00:00:00,10.005473898426835,2.5291857111590392,17.37546565974484,33.32528792088015
2007-05-27 00:00:00,8.895296167733301,0.9538884684966424,16.473290523538953,27.454100638537646
2007-06-03 00:00:00,8.000620804209339,0.5063152527639643,15.338745589864295,17.969326159138546
2007-06-10 00:00:00,8.208149079154026,0.17617650994433287,15.755111702950655,10.083772281443652
2007-06-17 00:00:00,9.281788575148909,1.5805589969502485,17.571248229253207,8.521063836822318
2007-06-24 00:00:00,9.867033763255463,1.9600751492049104,17.253789204324654,4.936021443337612
2007-07-01 00:00:00,8.786745254871022,1.2213628481464642,16.259078674804762,5.4022397550132455
2007-07-08 00:00:00,6.335865222487101,-1.729716684957939,14.340464169096126,6.775127964826823
2007-07-15 00:00:00,4.165074793113954,-3.6155530291879643,12.318687569866652,2.437948955883787
2007-07-22 00:00:00,3.805688450040999,-4.04186369833538,11.534791170512278,2.90941102104839
2007-07-29 00:00:00,5.316184850140731,-3.025392407792207,12.907951655652973,3.4267497315292927
2007-08-05 00:00:00,7.356035705038425,-0.2773207371151418,15.259574207065157,4.043116291538531
2007-08-12 00:00:00,8.476582535476298,1.2540333355767563,16.319006327355666,5.1346318766729775
2007-08-19 00:00:00,8.269491862991682,0.710192424833151,15.615796272383623,6.040689774353934
2007-08-26 00:00:00,7.38091583296739,-0.8293340128046136,15.53050212516214,6.968698921277529
2007-09-02 00:00:00,6.670785633888221,0.07781994403361914,14.610891457140099,7.490432427695559
2007-09-09 00:00:00,6.500932001009927,-1.8895246348028714,14.09716736140492,11.242165737729971
2007-09-16 00:00:00,6.693251405699846,-1.3254061394519887,14.663399782076151,10.45997832075284
2007-09-23 00:00:00,6.889499761821116,-0.7090505811291834,14.690983376925313,9.049970617850546
2007-09-30 00:00:00,6.83390158432933,-1.0814563396067847,14.224323636510832,7.69956432366664
2007-10-07 00:00:00,6.478739147798733,-1.6108778868957234,14.994452692370071,7.230779893427926
2007-10-14 00:00:00,6.0576437810083865,-1.3247534809004868,14.008749368375508,6.299841400530908
2007-10-21 00:00:00,6.071311185189374,-1.6332502346134827,14.197168512427458,5.782999281801057
2007-10-28 00:00:00,6.967576759675269,-1.3362921576616955,14.536273405049524,6.320832424240109
2007-11-04 00:00:00,8.621365071071095,0.31753949874317833,16.49901855221031,4.059753673733234
2007-11-11 00:00:00,10.16727782418208,2.2468823662140016,18.224692326789413,5.570989778072367
2007-11-18 00:00:00,10.570901927931965,2.7794133093125364,18.76568395942534,7.456136521211632
2007-11-25 00:00:00,9.530597709166763,2.6061134894059537,17.3239029687036,8.547573026982768
2007-12-02 00:00:00,7.794273696409356,0.5835819477519557,15.51207410340493,17.520860825476475
2007-12-09 00:00:00,6.489971717534042,-1.287550305932287,14.312039842309066,15.076823980827562
2007-12-16 00:00:00,6.126284235698819,-1.453058459548524,13.77681422626599,10.875593441202293
2007-12-23 00:00:00,6.292678938670662,-1.4202292810022712,14.168013943605425,7.795626752493667
2007-12-30 00:00:00,6.299632873312778,-1.573636774910133,14.326368053608077,4.687385789307446
2008-01-06 00:00:00,5.957115006566836,-1.5506557267143126,13.792905372542364,5.327364614024612
2008-01-13 00:00:00,5.624851683891018,-1.9235760434209972,12.996377377524414,7.081995152056066
2008-01-20 00:00:00,5.614639298141533,-1.5513092662599366,13.59222454225328,8.537707444611879
2008-01-27 00:00:00,5.7888467284836205,-1.9833389512283812,13.742426356752539,10.07389565551115
2008-02-03 00:00:00,5.853879183977428,-1.4449901830032506,13.98118559271392,10.040528133214377
2008-02-10 00:00:00,5.8841174878809674,-1.8580605863866904,14.47803185718406,9.37098396368727
2008-02-17 00:00:00,6.304193929543741,-1.3710899551658393,14.606901814564049,8.966271247587207
2008-02-24 00:00:00,7.28824500648591,-0.18010717974054913,14.90872199020327,8.343754582256196
2008-03-02 00:00:00,8.359776034425353,0.2904819105666423,16.249345619947086,8.992571185764067
2008-03-09 00:00:00,8.78218291477891,1.1102032127652963,15.959969069161016,10.05978962874761
2008-03-16 00:00:00,8.339876819879573,0.8473562493747213,16.092684272550162,11.055563603232123
2008-03-23 00:00:00,7.582493770006644,-0.28679244350555155,15.629841001923495,12.35598633147165
2008-03-30 00:00:00,7.235560650203398,-0.13980640331592742,15.090897430997883,12.905391884889552
2008-04-06 00:00:00,7.48866745482883,-0.4084439311632906,16.07991768108011,13.159817525568974
2008-04-13 00:00:00,7.983612605306206,0.07345831260510227,15.61525158646455,12.847709258069822
2008-04-20 00:00:00,8.40923095921353,0.512929918390542,16.515334033579457,16.702511933948074
2008-04-27 00:00:00,8.855623298915102,1.37117890378898,16.58156132190323,14.406631906312509
2008-05-04 00:00:00,9.466300953540784,1.8559713112944074,17.212093248125218,11.382597175044689
2008-05-11 00:00:00,9.938289845895689,2.8231655450882673,17.18292845334575,8.777163984694727
2008-05-18 00:00:00,9.694729869550857,2.200414580692783,17.784298882204865,7.227368281693417
2008-05-25 00:00:00,8.661371348461376,0.8773813899471365,16.682551351075208,6.242899742434513
2008-06-01 00:00:00,7.645616425239926,-0.20544129681049483,14.945178441728391,5.943706437236668
2008-06-08 00:00:00,7.632828915771929,0.3109584161326593,15.126145530014163,5.335437538635399
2008-06-15 00:00:00,8.631013808770382,1.3064068133811944,16.491915389979727,8.153223470406898
2008-06-22 00:00:00,9.417115269048406,1.675627194737225,17.04539483886721,4.221482529593102
2008-06-29 00:00:00,8.664169042383094,1.3482924683415085,16.627963064252747,0.0
2008-07-06 00:00:00,6.361917147269474,-1.316168361076631,14.01269294700652,0.0
2008-07-13 00:00:00,4.002434563636572,-4.2707533357635405,11.857036297636082,0.0
2008-07-20 00:00:00,3.264461323952474,-4.114524778769942,11.172325122214893,0.0
2008-07-27 00:00:00,4.512471873814228,-3.6521071101150167,12.215208428790936,0.0
2008-08-03 00:00:00,6.581235412083535,-0.9393706834235882,14.152763240614618,0.0
2008-08-10 00:00:00,7.933773946917862,-0.23223781638645224,15.49695839652665,8.58788005301029
2008-08-17 00:00:00,7.938495072551202,0.6531730762534043,16.10961447040546,7.63083163837773
2008-08-24 00:00:00,7.102471227163942,-0.35649549575855666,15.377520426646498,5.203025456382443
2008-08-31 00:00:00,6.315510272750945,-1.8044002343058558,13.326774327022257,3.327674852229536
2008-09-07 00:00:00,6.051034873709834,-1.2168329668330724,14.009139795291627,1.786373923598571
2008-09-14 00:00:00,6.205168244784204,-2.1363039369834222,13.738931237524643,2.3274195125131945
2008-09-21 00:00:00,6.424825400530506,-0.9791403531999645,13.469820033373582,3.5966039673444694
2008-09-28 00:00:00,6.424957371965584,-0.8596825550539657,14.718388866356973,4.664308596543764
2008-10-05 00:00:00,6.115601741201683,-1.869383994445334,13.814670233455224,6.770432542749257
2008-10-12 00:00:00,5.675593258693166,-2.0356073157482495,13.487257974657826,6.633977265033694
2008-10-19 00:00:00,5.570838132987338,-1.426767705281815,13.298144666618619,5.869636893773394
2008-10-26 00:00:00,6.296581983781872,-1.8407328479722054,14.357196565127925,5.475365298443653
2008-11-02 00:00:00,7.860878280301623,0.07973730988647354,16.191211735644227,4.568188169485585
2008-11-09 00:00:00,9.509751999414036,1.6045126004963377,17.215341513008894,5.497976946092757
2008-11-16 00:00:00,10.170816602213613,2.5992468460215736,17.659190892751994,6.90566280221862
2008-11-23 00:00:00,9.360448983450446,2.016170118859952,17.20772614527346,7.777584082203037
2008-11-30 00:00:00,7.662740881647444,-0.5181869797465266,15.02347147003027,13.076009860658408
2008-12-07 00:00:00,6.216446578560772,-1.504016952917267,14.045351904567152,11.219365429365922
2008-12-14 00:00:00,5.693043186575642,-1.9191230469878082,13.270698824858567,7.92141961455994
2008-12-21 00:00:00,5.82017940842872,-1.892524199252298,13.712292264964919,4.907323095415732
2008-12-28 00:00:00,5.890385464869368,-1.8171324813632523,13.92244813861892,3.5912039352958733
2009-01-04 00:00:00,5.594090021370469,-1.8144312823169795,14.216958072116586,2.513041452785336
2009-01-11 00:00:00,5.227296477266403,-2.056927235728425,13.276919460608468,2.6698134231075104
2009-01-18 00:00:00,5.157109061223228,-2.0408922807245027,12.880072087609415,3.6006471888112794
2009-01-25 00:00:00,5.323812605360214,-1.9355827234991452,13.093956578703963,1.920399747343413
2009-02-01 00:00:00,5.417858321242065,-2.292260055210729,12.883994526923368,2.693562192944809
2009-02-08 00:00:00,5.4271827059888444,-2.6065098201709063,13.66789765868107,3.611570877969822
2009-02-15 00:00:00,5.748701047940721,-1.5361905482860383,12.85101652775327,4.149173181741956
2009-02-22 00:00:00,6.648603656127701,-1.1667154316797816,14.439132095988215,9.328674351873564
2009-03-01 00:00:00,7.761588089494573,0.16087030204362662,15.051022734784183,7.656778189752447
2009-03-08 00:00:00,8.339183496613382,0.9738062351957568,16.276181708026698,4.79764575073768
2009-03-15 00:00:00,8.029133368013028,0.3682506097866831,16.129052633417196,2.966313707636312
2009-03-22 00:00:00,7.268364257560556,-0.3603744599954082,14.859258330206789,1.2025911063688577
2009-03-29 00:00:00,6.813442214369398,-0.9834972619850149,15.62199006049637,2.0941287673989697
2009-04-05 00:00:00,6.976143463135056,-0.06543052637932778,14.800744119742408,3.697349890717301
2009-04-12 00:00:00,7.460533126805734,-0.8140186991187024,15.675726857613089,5.380636235514871
2009-04-19 00:00:00,7.9026154881000075,0.33781524887292225,15.054636716544154,10.213665514321786
2009-04-26 00:00:00,8.327943602815873,-0.1416678952809578,16.15659090844744,12.011656314367
2009-05-03 00:00:00,8.915671669272097,0.6129042585332858,16.296702358649732,13.36932695944013
2009-05-10 00:00:00,9.45564220221744,1.9968699686700244,17.31806699411179,13.59979221187108
2009-05-17 00:00:00,9.370173573685223,1.596510180776665,16.612279118246086,25.37489888171148
2009-05-24 00:00:00,8.441053477521045,-0.09960225692777769,15.849144373936365,19.73701513233438
2009-05-31 00:00:00,7.3387919874208585,-0.7764777557171199,15.103295085506396,11.50083195257068
2009-06-07 00:00:00,7.106417461719985,-1.2045774586936666,14.792548822536583,4.8803050333834594
2009-06-14 00:00:00,7.986409101456313,-0.049668391819751356,15.653021402192131,0.997915821725206
2009-06-21 00:00:00,8.92636917488983,1.0258763848664865,16.261429402387527,1.5360952089241682
2009-06-28 00:00:00,8.499456380566402,1.1150872589663274,16.117860707411566,3.731857688230118
2009-07-05 00:00:00,6.396950717544274,-1.2136394468158151,13.70960572230552,6.032741281120508
2009-07-12 00:00:00,3.9063820056242653,-3.4683180998539846,11.982125161213283,8.672040424757538
2009-07-19 00:00:00,2.8016316586240855,-4.7634118620338874,10.73122906190033,9.574619605031454
2009-07-26 00:00:00,3.746102820416798,-4.321224030885174,11.904740874419637,9.627146923509104
2009-08-02 00:00:00,5.790620012587856,-2.6589375359151575,13.363951092656395,9.022024046701905
2009-08-09 00:00:00,7.3540632819792995,-0.4117542613552514,14.944808236064866,14.195225434418532
2009-08-16 00:00:00,7.588721555282731,-0.13170278333405605,15.378566891096924,11.12694066695501
2009-08-23 00:00:00,6.835555846154338,-1.2755403337319269,14.67328468691415,7.245829716798144
2009-08-30 00:00:00,5.986794341416914,-0.9351153129936804,13.480743702469665,4.327835181828315
2009-09-06 00:00:00,5.622931337656624,-2.1715282159350284,13.217031065485868,1.6661670940270394
2009-09-13 00:00:00,5.726354488236589,-1.8086564914423118,13.287721819695738,2.201255012319817
2009-09-20 00:00:00,5.959694952087265,-1.4160571891967777,13.89600469717871,3.616230015842862
2009-09-27 00:00:00,6.012112853351244,-1.8556142082324136,13.719012243726452,4.814957877810282
2009-10-04 00:00:00,5.753718036338581,-1.969918833714548,13.853596034591728,8.4081461447835
2009-10-11 00:00:00,5.309909468284487,-2.5301815039847977,12.705434112028476,7.493009299374882
2009-10-18 00:00:00,5.103666028366291,-2.6365964570786,13.084311501577227,5.281866777936064
2009-10-25 00:00:00,5.659674289606741,-2.376822948588856,13.093292365422947,3.4141987779055545
2009-11-01 00:00:00,7.10881250814273,-1.0776165986114687,15.47973450802463,1.6751229539813075
2009-11-08 00:00:00,8.823355599593432,1.3895333396157303,16.67465352899842,2.1711892099151244
2009-11-15 00:00:00,9.724571864309976,1.5197154929143863,18.08074460927444,3.4231988098008794
2009-11-22 00:00:00,9.163890582029879,1.3353188849992819,16.80511493832798,5.0290990263026885
2009-11-29 00:00:00,7.543789239253939,-0.6596298325670649,16.034030932577565,6.689613540241719
2009-12-06 00:00:00,5.977932695212492,-1.2107274079271342,13.89351659685134,8.476704638201733
2009-12-13 00:00:00,5.284146664565103,-1.895322461257786,12.94544376569594,10.296902979157156
2009-12-20 00:00:00,5.346528411388032,-2.231348916802018,12.585691344319898,11.432609842399392
2009-12-27 00:00:00,5.469145427467547,-1.4141129485382518,13.097153519294807,19.93254273916614
2010-01-03 00:00:00,5.229833011552104,-2.680713243282586,13.275782055392366,17.874101482561397
2010-01-10 00:00:00,4.841378487947129,-2.827197126719682,11.949801059315494,13.924439699506944
2010-01-17 00:00:00,4.70832954939725,-2.685530069022187,12.48952102414517,9.76196707876552
2010-01-24 00:00:00,4.855506487768549,-3.148469790492584,12.5653019047061,9.991137084192514
2010-01-31 00:00:00,4.977798047115679,-2.99187551412248,12.70787252342355,6.444122613757847
2010-02-07 00:00:00,4.980551323364279,-2.261754783913725,12.520577590937755,4.342301904182163
2010-02-14 00:00:00,5.213597284957016,-2.7375469666680026,12.4635489478799,3.819659397867477
2010-02-21 00:00:00,6.016973907200275,-1.3395468976800782,13.370719657611218,1.491634578596331
2010-02-28 00:00:00,7.1451466984362755,-0.4883123664962117,14.401458960217262,2.3389946845003244
2010-03-07 00:00:00,7.865482129155069,0.305444409684295,15.317737996051186,3.644696359741965
2010-03-14 00:00:00,7.70307219584944,-0.07612873722524327,15.454129612844175,4.82328437716138
2010-03-21 00:00:00,6.965393559988512,-0.31514882698038615,15.245138869204768,9.416889699507305
2010-03-28 00:00:00,6.412884412517987,-1.5725860600304653,14.104696923010982,9.562133576112744
2010-04-04 00:00:00,6.474012682888262,-1.1575342535277002,14.143943156951439,8.82530204706319
2010-04-11 00:00:00,6.93479526141477,-1.0998161641160369,15.01560534839632,8.166897677316761
2010-04-18 00:00:00,7.394930917656715,-0.3837273991952923,14.987194015352888,7.364108671205943
2010-04-25 00:00:00,7.806687797495954,-0.29989235428303385,15.597824098580618,8.178425776008412
2010-05-02 00:00:00,8.364780328450511,-0.09444446791280559,16.0492071572587,9.634377859720225
2010-05-09 00:00:00,8.952057393259013,0.9949507909048823,16.69580015163658,10.79431069306542
2010-05-16 00:00:00,9.015987540407593,1.3882641640207005,16.598020155811298,14.748063541411945
2010-05-23 00:00:00,8.213965262138585,0.17410418390439286,15.939540864802305,13.595419211314432
2010-05-30 00:00:00,7.062036513557998,-0.48808530930647986,15.06961929160432,11.145713750878237
2010-06-06 00:00:00,6.619398407891152,-1.2253372557271849,14.250126439510272,8.472434496395387
2010-06-13 00:00:00,7.344927018263285,-0.2867416524497388,14.886137174427946,7.671319795917473
2010-06-20 00:00:00,8.388746312513963,0.434374089695587,15.864874693920994,5.942297609718202
2010-06-27 00:00:00,8.276551825356774,-0.2858826630911402,16.054290214026707,4.997034163453557
2010-07-04 00:00:00,6.418161163182436,-1.5986549814327304,13.991780330232242,5.370163430910769
2010-07-11 00:00:00,3.8578319593217607,-3.742774637073259,11.400895998226666,3.14961480288092
2010-07-18 00:00:00,2.4089006590453703,-4.9899144842575325,10.890457253539196,4.777611279485198
2010-07-25 00:00:00,3.0165788790854062,-4.817262429736083,10.849672713615412,7.077743666988556
2010-08-01 00:00:00,4.9823898228996,-2.6071635049981516,12.860934206744428,8.975845250645325
2010-08-08 00:00:00,6.728480993976488,-1.388642967927355,14.094715713503616,18.745478309812484
2010-08-15 00:00:00,7.205962543717084,-0.7568871052448634,15.14939276648633,17.413713876058907
2010-08-22 00:00:00,6.566648535142194,-1.2123988546749551,14.078987773961357,13.686559690508842
2010-08-29 00:00:00,5.675302373550012,-1.9997121388430301,13.33780500740958,10.106286123619766
2010-09-05 00:00:00,5.210553005925469,-2.7444437107666086,12.920733462815718,6.673832856831566
2010-09-12 00:00:00,5.251522155297119,-2.2404900853020866,12.586809188403215,7.46000599069779
2010-09-19 00:00:00,5.488309534499612,-2.20040790765413,13.017023724969931,9.904920176590352
2010-09-26 00:00:00,5.588711535455982,-2.0881458384071045,13.339006204103047,11.932463975880292
2010-10-03 00:00:00,5.385066930444142,-2.3876406339808653,12.970281329186644,21.01379627392944
2010-10-10 00:00:00,4.951400886508052,-2.4177369177392283,12.62938715548426,16.6541942218377
2010-10-17 00:00:00,4.661846434824366,-2.68807280027438,12.521160777449893,8.526450353534962
2010-10-24 00:00:00,5.053469695343443,-2.813919426494353,12.943203550404938,1.7671901506978962
2010-10-31 00:00:00,6.366617703511937,-1.6972760453303533,13.972055700360144,0.2130115798127732
2010-11-07 00:00:00,8.109821744329805,0.8821140739269753,14.88217832176013,1.42238631254997
2010-11-14 00:00:00,9.228611410259594,1.7053843450230115,17.197267699830604,3.9633733556034096
2010-11-21 00:00:00,8.9314407978405,1.353120581755002,16.26352551349565,6.391636752033847
2010-11-28 00:00:00,7.427482008192498,-0.5661749150384399,14.351203845521638,23.90779002942063
2010-12-05 00:00:00,5.770043810065502,-1.7410566192880097,13.50968389150941,22.38633858743439
2010-12-12 00:00:00,4.901059356925726,-2.5892278854958484,13.026065441479876,16.285515018177964
2010-12-19 00:00:00,4.87387785137525,-3.118792885746254,12.817809530531036,9.362802364967012
2010-12-26 00:00:00,5.034387549922116,-3.0222979552740767,12.61094086835205,5.879182556837843
2011-01-02 00:00:00,4.8602785974884215,-2.159253831522026,13.355904917949506,4.259983349823252
2011-01-09 00:00:00,4.464855882373275,-3.136290334096035,12.087492211170542,5.76781799352877
2011-01-16 00:00:00,4.269548783388649,-2.8042124316254498,11.813866710096534,8.073831099810135
2011-01-23 00:00:00,4.385731339332295,-3.414080465734891,12.44821498547476,7.83632885788233
2011-01-30 00:00:00,4.532480286219715,-2.770871558573557,11.886396191660538,7.258978451547357
2011-02-06 00:00:00,4.541230318443629,-3.41509113973777,11.998600824735629,5.39803216325662
2011-02-13 00:00:00,4.698473933077027,-2.5275534717409,11.989786145551928,3.487475527313694
2011-02-20 00:00:00,5.397233705692376,-2.720726235604868,13.081531438361413,1.8860412769580344
2011-02-27 00:00:00,6.514946085629685,-0.9501067798799472,14.949925287089618,2.2134225958204725
2011-03-06 00:00:00,7.361255517945326,-0.7246983644905747,15.089997152233147,3.348881912924242
2011-03-13 00:00:00,7.357308985950676,0.07003633206814541,15.12405603435308,4.5896942142972526
2011-03-20 00:00:00,6.66938819146385,-0.9589093628691057,14.783406266556842,6.583436922192223
2011-03-27 00:00:00,6.0338770715096715,-0.9312811988822611,13.65416622379195,6.577180905090811
2011-04-03 00:00:00,5.985136726789731,-2.1835031223783847,13.205105360663172,5.800608132535439
2011-04-10 00:00:00,6.407841667379709,-1.1829018140525136,13.70026717049969,5.114854040181526
2011-04-17 00:00:00,6.884879889059408,-0.8783727869994831,14.394340547842999,3.991813287192803
2011-04-24 00:00:00,7.291084321512736,-0.009192694901146048,15.298216044676897,4.973371077292835
2011-05-01 00:00:00,7.816280095051949,-0.011215514716623964,15.444697283288901,6.686703484565216
2011-05-08 00:00:00,8.431261733075196,0.8894745313321826,16.226891662396234,8.424192150949148
2011-05-15 00:00:00,8.631574846266552,1.6202715985854201,16.261431266723562,12.493392317750253
2011-05-22 00:00:00,7.97396021793184,0.5103154722779726,16.457640176033973,12.802903530688903
2011-05-29 00:00:00,6.80961000957844,-1.3813597411983896,14.461500224255882,12.10428205732352
2011-06-05 00:00:00,6.1735750689749915,-1.8249393790694342,14.093335952515025,10.75158309423732
2011-06-12 00:00:00,6.715551967019946,-0.5554960460150511,14.679770577282682,13.211485692244617
2011-06-19 00:00:00,7.811679236630572,0.6201732649913678,15.571618111973676,10.518648565015562
2011-06-26 00:00:00,7.993094216514427,0.6003762984923133,15.570213090295104,7.497545852901541
2011-07-03 00:00:00,6.414693919093867,-1.0827602061479809,13.65284174646853,4.8864408898382745
2011-07-10 00:00:00,3.847314643441847,-3.8480087105990677,11.34616648622603,2.336866136411848
2011-07-17 00:00:00,2.086609679221495,-5.431691820425229,10.207419834913068,2.2858475936053337
2011-07-24 00:00:00,2.332874360330063,-5.658742056330304,10.512611564579156,3.078577372666776
2011-07-31 00:00:00,4.165473814642834,-3.7222988198134175,11.585757339503175,4.336748897316045
2011-08-07 00:00:00,6.058883115465367,-1.782274704192746,14.22226064571553,4.544642772306016
2011-08-14 00:00:00,6.78561142389908,-0.6161026203095137,15.134559387237918,5.5837838895349945
2011-08-21 00:00:00,6.2904037101265935,-1.1550966370802982,14.190228169490322,6.614503702247061
2011-08-28 00:00:00,5.379208115411009,-2.6583439718596935,12.75394989314249,7.333149635911929
2011-09-04 00:00:00,4.815340974852008,-3.3998230223098,12.205627859765782,11.462348215428396
2011-09-11 00:00:00,4.782899268119571,-3.2072996830000786,12.564191460089138,10.44924255463844
2011-09-18 00:00:00,5.012114950465708,-2.3315944959991803,12.80881480543448,8.372194074247128
2011-09-25 00:00:00,5.155009800544074,-2.1510835721652644,12.904000488591233,5.830336155686033
2011-10-02 00:00:00,5.008241393286919,-2.5671290741547494,12.720159966885378,8.29925917139036
2011-10-09 00:00:00,4.596924262106469,-2.575183829749081,11.641168132877832,3.7387808286096407
2011-10-16 00:00:00,4.242499925719249,-3.5048582650373685,12.110664316470501,0.0
2011-10-23 00:00:00,4.478773131713584,-3.2166197432118064,11.888765209663468,0.0
2011-10-30 00:00:00,5.6398649452507295,-1.8785737886611944,12.962737948596219,0.0
2011-11-06 00:00:00,7.375677008307259,-0.05234238649912104,15.223063162546753,0.0
2011-11-13 00:00:00,8.684559104926404,1.0272174621907126,16.623645419961758,0.0
2011-11-20 00:00:00,8.65800428268709,1.631184902485085,16.75190793652449,0.0
2011-11-27 00:00:00,7.306640972737706,-0.21059097207821775,15.580109980654386,5.585529693220363
2011-12-04 00:00:00,5.589983961403853,-1.7789203678752052,13.768932879300475,6.284362360357288
2011-12-11 00:00:00,4.546907286761121,-3.1867281020767635,12.242537430489753,6.307648763826178
2011-12-18 00:00:00,4.40672379489607,-3.491103021996688,11.794594623816945,5.898539182596172
2011-12-25 00:00:00,4.586968595204563,-3.1503440124055526,11.993626477698264,7.353697236333136
2012-01-01 00:00:00,4.482755992020404,-3.391256327113343,11.755315044243432,6.529334216224591
2012-01-08 00:00:00,4.0957502249397715,-3.677357129912492,11.587397338563967,5.589303121673726
2012-01-15 00:00:00,3.841966729957246,-3.504083392715579,11.470111507644155,4.603745425768547
2012-01-22 00:00:00,3.916571125847022,-3.8670513303431804,11.555457921762603,4.349866985981836
2012-01-29 00:00:00,4.081288643044672,-4.025093207140262,11.66750964221887,3.309510296185932
2012-02-05 00:00:00,4.106246618329067,-3.1019117362516635,12.227188995929925,2.3490306688037634
2012-02-12 00:00:00,4.202186792232891,-3.3046160819410684,11.48121537690924,2.0166040490284685
2012-02-19 00:00:00,4.792629398603623,-2.6300343597225773,12.811358359193203,1.1745477965684874
2012-02-26 00:00:00,5.875788189266515,-1.7324481790761137,14.24926751791011,2.136479944599183
2012-03-04 00:00:00,6.827655429589547,-1.048036172072143,14.50957800477213,3.641468921681869
2012-03-11 00:00:00,6.988015507440906,-1.4102552843119778,14.440572657298693,5.07251533715046
2012-03-18 00:00:00,6.375716412658372,-0.6468500009948075,14.143504744068085,12.921101984663308
2012-03-25 00:00:00,5.675595426615008,-2.0225506955686594,12.771526146191317,11.582082711515069
2012-04-01 00:00:00,5.512173305600397,-1.7145062100657178,12.476624327259337,7.858321810442729
2012-04-08 00:00:00,5.8816161496095525,-1.6791796368574357,13.304093279576872,3.71352949337889
2012-04-15 00:00:00,6.371510956202339,-1.0119918603282585,13.972463904782636,1.055902434594633
2012-04-22 00:00:00,6.77995508407854,-1.1344830917256292,14.129550057877978,1.6158605787779452
2012-04-29 00:00:00,7.27221503022088,-0.26418939423740095,15.051981355617713,3.554386922272812
2012-05-06 00:00:00,7.89718735977212,0.1760610050287612,15.972229438789252,5.798862064354611
2012-05-13 00:00:00,8.217411932607932,0.6738428125858276,15.531474757717668,13.10981661397333
2012-05-20 00:00:00,7.71562448013478,0.5920926268718425,15.676591113580349,12.00224490736049
2012-05-27 00:00:00,6.575083654272735,-1.1996196862644268,14.549033617758038,8.038880008732951
2012-06-03 00:00:00,5.769139782260031,-2.0895596908910576,13.08095572974695,2.9240944699332263
2012-06-10 00:00:00,6.106464789419662,-1.4089939653217645,13.839496443087256,0.0
2012-06-17 00:00:00,7.2036537103247635,-0.6908613514556841,15.027905446075712,0.0
2012-06-24 00:00:00,7.648714923713378,0.12670086106659095,15.066771644358449,0.0
2012-07-01 00:00:00,6.376635940209819,-1.2094803530433396,14.292256991022786,0.0
2012-07-08 00:00:00,3.8643067483526594,-3.696321699664578,11.167685884518319,0.0
2012-07-15 00:00:00,1.8331257965873053,-6.643007560698679,9.549601124834169,0.0
2012-07-22 00:00:00,1.7029541367152907,-5.743079843783109,9.438993549919926,0.0
2012-07-29 00:00:00,3.3495020156177393,-4.618163691655516,10.761994072693117,0.0
2012-08-05 00:00:00,5.348585289014674,-2.5833122720907333,13.429015779588514,3.1446166877437203
2012-08-12 00:00:00,6.323864465410037,-1.1743540826518135,13.56249309734515,3.2622419055241445
2012-08-19 00:00:00,6.001185697630624,-1.6358548401868163,14.328345757112878,2.9946480571417164
2012-08-26 00:00:00,5.095960703026403,-2.759634071014034,13.051629492852486,2.6235053495904186
2012-09-02 00:00:00,4.4383311971568205,-3.0699143730099934,12.013094949982223,2.166159213875536
2012-09-09 00:00:00,4.32274605518592,-3.192030986218164,12.183213745853985,2.52340928097804
2012-09-16 00:00:00,4.532751503773049,-3.2768640724591016,11.745834885715917,3.2295012955049995
2012-09-23 00:00:00,4.711510543013225,-3.2987516487816837,12.765195228999424,4.105942209641426
2012-09-30 00:00:00,4.622182400268498,-2.785415619433085,12.281890868986787,5.3241861448594365
2012-10-07 00:00:00,4.243583819549265,-3.602608327851252,12.199651583788345,5.936222329296815
2012-10-14 00:00:00,3.842462973946775,-3.87158048717507,11.293923510134174,6.352986206849604
2012-10-21 00:00:00,3.935539811510138,-3.8128077279385515,12.090259990093507,6.436629318994145
2012-10-28 00:00:00,4.933427314479761,-2.515271198942699,12.792098512518116,9.469556958108424
2012-11-04 00:00:00,6.627738654981334,-1.2157028745333314,14.119222824125437,7.701291677180235
2012-11-11 00:00:00,8.095248130030939,0.5483104269769292,15.844518184187791,4.967306596885445
2012-11-18 00:00:00,8.339520701359547,0.722614420340653,16.369372414824255,1.9118687678258983
2012-11-25 00:00:00,7.1739522763665615,-0.7736396172857196,15.31970104572062,0.0
2012-12-02 00:00:00,5.433871233137745,-2.300181401732484,13.554710335093237,0.0
2012-12-09 00:00:00,4.223978495704329,-3.074652973636221,11.967574091961083,0.0
2012-12-16 00:00:00,3.949784973490484,-4.1393423966821885,11.691951620185797,0.0
2012-12-23 00:00:00,4.1285817452376214,-3.7268028678225527,12.199853365518816,0.0
2012-12-30 00:00:00,4.094981506632966,-3.9206254126632896,11.226790016067877,0.0
2013-01-06 00:00:00,3.7316669506015483,-3.986435642204791,11.337697212517345,0.0
2013-01-13 00:00:00,3.427057801279411,-3.7335831398484185,10.918599450916872,0.0
2013-01-20 00:00:00,3.4518417489580453,-4.462220956250899,11.870460512624994,1.9276176474551447
2013-01-27 00:00:00,3.626584534711681,-4.408761568470725,11.848446709961934,2.528549899145901
2013-02-03 00:00:00,3.675945966224053,-3.415101147052935,11.55531000151554,3.153936230750265
2013-02-10 00:00:00,3.7268813556065874,-4.3416087934589385,11.64150076767088,3.7483692226486887
2013-02-17 00:00:00,4.210390891519012,-3.523755535204243,11.695320407238555,5.32240986441327
2013-02-24 00:00:00,5.238095378022156,-2.3734030321880972,13.902201973920771,5.694535252798362
2013-03-03 00:00:00,6.273042643472706,-1.5123741618802846,14.221204417726206,5.86729570283968
2013-03-10 00:00:00,6.599133386893595,-2.0195745129622082,13.786679859619385,5.832706179948689
2013-03-17 00:00:00,6.087320079037166,-1.6253412934364206,13.310858124677058,6.813963341856398
2013-03-24 00:00:00,5.3450177877016145,-2.234326226016501,13.461496809410036,6.221316864582128
2013-03-31 00:00:00,5.066838627362232,-2.5896912663853993,12.401103649573916,5.352867816442843
2013-04-07 00:00:00,5.36868321539358,-2.214187531772687,13.347729747457848,4.328798977118632
2013-04-14 00:00:00,5.865297898579388,-1.4372552456113308,13.05817424491234,3.9868063184671314
2013-04-21 00:00:00,6.283607889707831,-1.501954917354002,13.921289540708447,3.069821306635907
2013-04-28 00:00:00,6.746521377556099,-0.5511993994669941,14.532670044700826,2.314311036333512
2013-05-05 00:00:00,7.367107258026766,-0.19141467201216678,15.273551397635057,1.9875343385634487
2013-05-12 00:00:00,7.789064852359796,0.27250819996264664,15.757416414091782,1.213236181080846
2013-05-19 00:00:00,7.449334901323841,-0.0479317917597859,14.932733256385715,2.0255789634067685
2013-05-26 00:00:00,6.3672812561980585,-1.3480585548949229,13.800134515480078,3.334513314177112
2013-06-02 00:00:00,5.4211777182011,-2.508204138539746,13.790595860794255,4.785144541335273
2013-06-09 00:00:00,5.5420072766220345,-2.562016540887196,13.507014774247498,9.703200070332947
2013-06-16 00:00:00,6.591899794040091,-1.4813239294836702,13.92438787402434,9.703375053964912
2013-06-23 00:00:00,7.263806803518273,-0.5944273154381383,15.034766080996624,8.343767251094935
2013-06-30 00:00:00,6.314903663102784,-1.5692595960552982,14.0514073439377,6.325077624607207
2013-07-07 00:00:00,3.9179192324362324,-3.527315398753478,12.748270669858337,4.524199778074247
2013-07-14 00:00:00,1.6660012076915374,-5.983804536108822,9.265624196565836,4.692286047688639
2013-07-21 00:00:00,1.1554132718646786,-7.463318894136195,8.51182997278428,5.906090346223561
2013-07-28 00:00:00,2.5672295739634734,-5.126291985026571,10.76495354189726,7.594370828013555
2013-08-04 00:00:00,4.62582224514979,-3.2830936353007427,12.30943513091971,10.396605842277165
2013-08-11 00:00:00,5.842171483721573,-1.9317587076586378,13.656082810117958,9.978438954188643
2013-08-18 00:00:00,5.718280364752267,-1.5296187217774246,13.57401205280405,8.176813940978354
2013-08-25 00:00:00,4.8481192697795725,-2.6276974215271522,12.341156451471377,5.523561262555838
2013-09-01 00:00:00,4.10667399407682,-3.7404506329059863,12.156879013033773,5.500936405550309
2013-09-08 00:00:00,3.900680973743404,-3.8794339871085732,11.312237943965492,3.039216560055877
2013-09-15 00:00:00,4.080209903058044,-4.001083916307826,12.069309724877982,1.6941609532731456
2013-09-22 00:00:00,4.288188607336396,-3.584022030554882,11.699825524082993,1.124159081120668
2013-09-29 00:00:00,4.256474500153914,-3.249384939048525,11.930619549978351,0.0
2013-10-06 00:00:00,3.9201620384489395,-3.744906640593678,11.81742525095465,0.0
2013-10-13 00:00:00,3.490858984887642,-4.492235639468253,11.058607984894673,0.0
2013-10-20 00:00:00,3.4564669586012142,-3.5975023461689375,11.18324607857279,0.0
2013-10-27 00:00:00,4.285975432120026,-3.8297363144819556,11.918453970598797,0.0
2013-11-03 00:00:00,5.908574008613978,-1.3410847134506696,13.695993512441108,0.0
2013-11-10 00:00:00,7.501354952354966,-0.030034343244644823,14.894620916148424,0.0
2013-11-17 00:00:00,8.010900369893566,1.0086302237580664,14.853791881026478,0.0
2013-11-24 00:00:00,7.061081313490007,0.2633740117829859,15.266279715596585,8.194489573413401
2013-12-01 00:00:00,5.3367843772093195,-2.2165654932194645,12.731785545807018,7.731072930078099
2013-12-08 00:00:00,3.974611917803135,-3.7028614303585297,11.511800419088072,5.210342695148263
2013-12-15 00:00:00,3.5499037330443866,-4.44866634438956,11.124819126311696,1.5346908013602354
2013-12-22 00:00:00,3.704890860849815,-3.404667749494715,11.368400239178992,0.0
2013-12-29 00:00:00,3.7394356432335933,-4.220074569878436,11.095659070553225,0.0
2014-01-05 00:00:00,3.415217758092365,-4.9063728023842845,10.55673609883504,0.0
2014-01-12 00:00:00,3.0689791813836225,-4.142639909169377,11.176799951726132,0.0
2014-01-19 00:00:00,3.0365745193623237,-4.236258202186702,11.226495592438042,3.695555227900225
2014-01-26 00:00:00,3.2104645295779064,-3.7118135993454366,11.307460544097381,3.813374560857103
2014-02-02 00:00:00,3.288065867204394,-4.525222074462624,11.024367233347721,2.711652049254714
2014-02-09 00:00:00,3.3092051463405494,-4.539704785171363,10.880434225041745,1.1147161619879569
2014-02-16 00:00:00,3.6899157794346253,-4.015436326343586,11.381098024736026,0.5448390726080325
2014-02-23 00:00:00,4.643130450639912,-3.129929968785559,12.661393145693946,1.5298121514213576
2014-03-02 00:00:00,5.735466812466734,-2.310968245098122,13.490003675769646,3.464902957280368
2014-03-09 00:00:00,6.2222171465414515,-1.5002153086986691,13.528177424028499,5.795743818690241
2014-03-16 00:00:00,5.8317718267513605,-2.088244898872496,13.734099938200984,17.51008330713069
2014-03-23 00:00:00,5.070983671149044,-2.5379089897580815,12.50502787334506,15.89556234639327
2014-03-30 00:00:00,4.680957962275185,-2.8838562893851165,12.526509723667308,10.055799501255006
2014-04-06 00:00:00,4.900471059439694,-2.8090791654328573,12.106658863413422,1.8797468452210344
2014-04-13 00:00:00,5.393716560118121,-2.505729469571609,12.720037557943286,0.0
2014-04-20 00:00:00,5.826639477523944,-1.4167790659523956,13.18492929798576,0.0
2014-04-27 00:00:00,6.26484533382616,-1.3974654258440147,13.790536881154239,0.0
2014-05-04 00:00:00,6.8684409671656725,-1.2838630877657735,14.849934757073715,0.0
2014-05-11 00:00:00,7.37120813852485,-0.768941794041825,14.898709233987425,13.416105104778229
2014-05-18 00:00:00,7.1926925858676345,-0.7332751965261828,15.225737944959892,14.172944064994704
2014-05-25 00:00:00,6.19902657560396,-2.0611460089619165,13.89463964305456,11.435380270542298
2014-06-01 00:00:00,5.145408743897662,-2.7391110230573155,12.638869756890637,6.316762559684772
2014-06-08 00:00:00,5.045254733826242,-2.659506227107981,12.201718794113294,3.167268221500652
2014-06-15 00:00:00,6.002005177996261,-1.5778946189847343,13.788482251353667,1.2760128479725643
2014-06-22 00:00:00,6.856546996191779,-0.1270422069712156,14.716672772994567,2.060803262807936
2014-06-29 00:00:00,6.235789491263497,-2.186160034679192,14.19435881697737,4.831213667718848
2014-07-06 00:00:00,4.008694901518733,-3.5071946205880042,12.40340572147533,4.873343857038346
2014-07-13 00:00:00,1.590662925980297,-6.2196232836040295,9.616790395790773,5.818985733497965
2014-07-20 00:00:00,0.7049971404576105,-7.944747021838978,8.17678894111121,6.118017654598141
2014-07-27 00:00:00,1.8371602066244064,-5.89452706200691,9.45690578734575,5.860248754865549
2014-08-03 00:00:00,3.9037614137786036,-3.4764185994203967,11.34914821177304,7.151269642539943
2014-08-10 00:00:00,5.344650048040326,-2.7452901281977837,13.199497762641005,6.283890682308962
2014-08-17 00:00:00,5.440492502621019,-2.0666111314277256,13.236285579439127,5.203010407124193
2014-08-24 00:00:00,4.634962946275104,-2.576730315203905,12.790098027829714,4.032425268026903
2014-08-31 00:00:00,3.822287953973456,-3.8528952040336844,11.881032625864817,2.8755667075621822
2014-09-07 00:00:00,3.519504426799121,-3.8425056415972776,11.227536700127198,2.5886601347782525
2014-09-14 00:00:00,3.6558698114714816,-3.731231218747631,11.365077636253032,2.7265494721505448
2014-09-21 00:00:00,3.883246741219416,-3.602187896353593,11.855640595899969,3.144521685509021
2014-09-28 00:00:00,3.905804397390624,-3.947913585512479,11.721904219158308,3.6543414682140383
2014-10-05 00:00:00,3.6173414474310586,-4.423792006309922,10.890314149033209,3.3594597756129723
2014-10-12 00:00:00,3.175108614155257,-4.206088184462741,10.931845582963156,2.6108453389240216
2014-10-19 00:00:00,3.02869124736924,-5.009108485065566,10.698490139805301,1.710651417248967
2014-10-26 00:00:00,3.6872295643585313,-3.997566540573354,11.763413042345338,0.9960728416285416
2014-11-02 00:00:00,5.209329626649421,-2.6444355361485545,13.092967441743927,1.7933076984184717
2014-11-09 00:00:00,6.890003199780532,-0.9466907585791784,14.957494213370683,3.3103049684429573
2014-11-16 00:00:00,7.650563405055054,-0.29463704075553654,15.127717618459181,5.213811491510031
2014-11-23 00:00:00,6.939069079255488,-1.0342491272638128,15.097737836818716,12.026805519891097
2014-11-30 00:00:00,5.268770629617975,-2.7164965084455375,12.542093108403277,11.256743868361268
2014-12-07 00:00:00,3.772682336162399,-3.862237783652782,11.412813466358223,7.89802627347421
2014-12-14 00:00:00,3.183139476190623,-5.149339439548802,10.715247926801432,2.758915338273429
2014-12-21 00:00:00,3.288467361732203,-4.552877725136108,10.756368915372466,0.0
2014-12-28 00:00:00,3.382200523983789,-3.8522352705026783,11.409581701261232,0.0
2015-01-04 00:00:00,3.108582932940011,-4.415888454276663,11.029054857688509,0.0
2015-01-11 00:00:00,2.732511502772546,-4.71448247232439,10.405702908717902,0.0
2015-01-18 00:00:00,2.6383827089430802,-4.865564744871218,10.585315912178306,4.348939937725923
2015-01-25 00:00:00,2.7997521858152483,-4.77557308045445,10.553194831091812,5.70839266787768
2015-02-01 00:00:00,2.9064364585880273,-4.926209817617364,10.718056172832501,6.328266847626908
2015-02-08 00:00:00,2.912569738086951,-4.991246952263959,11.027168591903488,6.241394546769488
2015-02-15 00:00:00,3.198401695469976,-4.447120427889432,11.134637225847987,9.344514826721277
2015-02-22 00:00:00,4.062017353387782,-3.560787124839802,11.789965587984948,7.399901170796114
2015-03-01 00:00:00,5.185289793131183,-2.2507962901097756,12.597722248879322,4.590030100161969
2015-03-08 00:00:00,5.822803531750622,-1.5937669063393152,13.540374000561947,1.2925479023206403
2015-03-15 00:00:00,5.571280826480942,-2.485173303343574,13.273900728312704,0.0
2015-03-22 00:00:00,4.817611491739227,-3.21930764172472,12.496161385175618,0.0
2015-03-29 00:00:00,4.3232394744442955,-3.1680490250272815,12.540648479543071,0.0
2015-04-05 00:00:00,4.4475794851277675,-3.2733442608345698,12.061921788235715,0.0
2015-04-12 00:00:00,4.92526024938073,-3.019344194200711,12.265141467055546,3.605873617643498
2015-04-19 00:00:00,5.3755947683952625,-2.645771496386601,12.971294862006275,5.101699475991277
2015-04-26 00:00:00,5.795622472665849,-2.24735724937063,13.179207893159163,6.405290957983191
2015-05-03 00:00:00,6.373178055633973,-0.8131436064306286,14.287290469312396,7.514129948382036
2015-05-10 00:00:00,6.935585457689995,-0.821622193677185,14.196533263747014,10.317086621201216
2015-05-17 00:00:00,6.912253078817316,-0.48929906739750617,14.511047385964552,11.163788549245798
2015-05-24 00:00:00,6.032602677740086,-1.9164958087038517,13.373002520912925,11.751822751637542
2015-05-31 00:00:00,4.907071742720774,-2.4906663493939813,12.570596239779327,12.021290077915443
2015-06-07 00:00:00,4.590106359424352,-2.7177845151572395,12.812266077863335,14.05164597695221
2015-06-14 00:00:00,5.413358293971416,-2.39417190014923,13.369737201669304,12.757594324907108
2015-06-21 00:00:00,6.402064222964267,-1.869136245456131,13.587814064807189,10.595893651444037
2015-06-28 00:00:00,6.10403589551561,-1.8391854502232317,13.63103943315329,7.84885404669664
2015-07-05 00:00:00,4.0953739532675755,-3.468136619900889,11.125922339226413,5.131938603921738
2015-07-12 00:00:00,1.5704936039164092,-5.810457880807082,9.951231932823271,4.734804291844704
2015-07-19 00:00:00,0.32586671159889846,-6.770484524756032,7.963165651495004,5.521830746642881
2015-07-26 00:00:00,1.1402261241467926,-7.055889939380707,8.782567510164354,7.238420357590678
2015-08-02 00:00:00,3.160909987494272,-4.465696014818242,10.79424549771253,8.859431710059194
2015-08-09 00:00:00,4.802286810594879,-3.3162792617234143,12.706204589506068,9.220389573636462
2015-08-16 00:00:00,5.133946636017087,-3.4161713735116557,12.404041723855517,8.624242136676306
2015-08-23 00:00:00,4.423693383743055,-3.389660260158637,11.686157800677748,7.236427579628036
2015-08-30 00:00:00,3.5564607583833516,-4.213038375089461,11.15520469197794,6.457628117155525
2015-09-06 00:00:00,3.1533217968139233,-4.024948264595848,11.046518875240977,5.599792221298046
2015-09-13 00:00:00,3.2342115224073646,-4.350225667550015,11.189808509856947,5.236306379447462
2015-09-20 00:00:00,3.47127962810887,-5.032779156356634,11.816383125525993,5.333267282098965
2015-09-27 00:00:00,3.544548824720188,-4.484992952580434,10.740910952943741,4.768351257390739
2015-10-04 00:00:00,3.3087683342474756,-4.5687545531139016,10.79372104881598,5.233267229380026
2015-10-11 00:00:00,2.868511415302332,-5.04520080534088,10.79511214664521,5.8605085578857965
2015-10-18 00:00:00,2.6278084853622765,-5.362536573119872,10.258230452934292,6.622414955343439
2015-10-25 00:00:00,3.1182760545256967,-4.915620102792802,10.745091208368326,7.5578811969074495
2015-11-01 00:00:00,4.5163301344997535,-2.830871972599951,12.30737161392441,8.215243606142034
2015-11-08 00:00:00,6.247821883779067,-1.0251853875271646,13.416007306756072,8.77825289584827
2015-11-15 00:00:00,7.240144148566387,-0.3950926336200862,14.79479237902284,9.175435301102246
2015-11-22 00:00:00,6.784651488472497,-1.3876377400094455,14.39661341439864,11.176549865871891
2015-11-29 00:00:00,5.207545909449515,-2.4034147636606864,13.45548638282136,9.948985455742974
2015-12-06 00:00:00,3.6025078091170677,-4.046557848801093,11.207971442836051,7.754891591510875
2015-12-13 00:00:00,2.8399704053824975,-4.47936940712135,10.641743738319576,4.846386086874255
2015-12-20 00:00:00,2.8705249040238234,-4.990672679836424,10.110171934972685,2.2431228021892755
2015-12-27 00:00:00,3.0113302622078866,-4.5842560279254485,10.989993680611128,1.853764079565932
2016-01-03 00:00:00,2.7983720079692382,-4.368568489494926,10.466836095290828,2.673320343909068
2016-01-10 00:00:00,2.406384471640055,-5.213088229451948,10.351378495905758,4.472063774335726
2016-01-17 00:00:00,2.2492554204277573,-5.829279664365039,9.881977143614897,6.681433880432811
2016-01-24 00:00:00,2.3864506470801414,-5.770916602226839,10.004301552970018,6.819006660310296
2016-01-31 00:00:00,2.5202134028572525,-5.170788520980862,10.136618737003829,5.619301165166418
2016-02-07 00:00:00,2.5250511693033726,-5.54510082518566,10.216096890168423,3.3648002940904727
2016-02-14 00:00:00,2.727209252812366,-4.988300306091267,10.406323656815102,1.39200242038709
2016-02-21 00:00:00,3.490537995971593,-4.084013082659103,10.711756658455464,1.5916465287043324
2016-02-28 00:00:00,4.618611253564719,-3.0105300281986853,12.367812131707598,2.967946557802384
2016-03-06 00:00:00,5.3926427959195795,-2.521115073857791,13.363884349760294,5.290675493106195
2016-03-13 00:00:00,5.293664578425187,-2.2058496438248536,12.791829424972242,9.685481452222684
2016-03-20 00:00:00,4.573785275444282,-2.9390743743949415,12.56947078977511,10.075813822546191
2016-03-27 00:00:00,3.9871751121181207,-3.773101094694807,11.440307037307335,8.551325916938675
2016-04-03 00:00:00,4.0062423198471375,-3.290376873580559,11.77695136083154,5.414191808292452
2016-04-10 00:00:00,4.454660645379784,-3.588712080884969,11.97169244983154,2.7919297415873725
2016-04-17 00:00:00,4.922929544313254,-2.484374741739172,13.001519330460823,1.823397481879099
2016-04-24 00:00:00,5.332572756685737,-2.6305168463842676,12.759773568949088,2.3783625516251865
2016-05-01 00:00:00,5.878784614941541,-1.030649358534058,13.625000076072677,4.248581224908342
2016-05-08 00:00:00,6.4804804384651735,-1.3244561549953193,13.815122810515316,5.587979022961315
2016-05-15 00:00:00,6.601813532686832,-1.304440493206906,14.479481979253382,6.210462194669608
2016-05-22 00:00:00,5.856875785172,-2.099352454413843,13.17920550564535,5.9104371633948976
2016-05-29 00:00:00,4.696608418222363,-2.640496463995621,12.081918903946665,4.77566361897418
2016-06-05 00:00:00,4.1752671652835405,-3.4646489236587588,11.517127692376217,4.943221753079844
2016-06-12 00:00:00,4.831506712407258,-2.9244525368538543,12.422928511880826,3.35931253215218
2016-06-19 00:00:00,5.903533209323963,-0.9257157140563477,13.863771629352966,2.016673344118564
2016-06-26 00:00:00,5.91290946503756,-2.0770587929449302,14.022605571440824,0.9230633706494132
2016-07-03 00:00:00,4.1637979525157185,-3.7865940616448963,12.020112956574499,0.0
2016-07-10 00:00:00,1.594186437617135,-5.82822740478727,9.21318880135945,0.0
2016-07-17 00:00:00,0.017208437881181204,-8.137240716628398,7.5182235600150715,0.0
2016-07-24 00:00:00,0.48548532729640037,-7.250148912838123,7.953753973962363,0.0
2016-07-31 00:00:00,2.4072262356420087,-5.8932435815513475,9.432916932929619,0.0
2016-08-07 00:00:00,4.21958620270655,-3.7191409390892964,11.86527722594774,0.0
2016-08-14 00:00:00,4.799110262198088,-3.008449097978943,12.572725915713008,0.0
2016-08-21 00:00:00,4.2166144653936275,-4.154674875580163,11.94005927857755,0.0
2016-08-28 00:00:00,3.317144638678437,-4.038107646995236,11.357782615357348,0.0
2016-09-04 00:00:00,2.8150698400184133,-4.446846638395577,10.130602210567577,0.0
2016-09-11 00:00:00,2.8306595944855504,-5.288810405044819,10.438324693354256,0.0
2016-09-18 00:00:00,3.068507919067299,-4.829684121891859,10.938229841076156,0.0
2016-09-25 00:00:00,3.1893593589248104,-4.6151374306306625,10.85342645805231,1.0735423480290494
2016-10-02 00:00:00,3.01102842526263,-4.766609217212769,10.755108264361995,2.0108497441448865
2016-10-09 00:00:00,2.587667065679484,-4.978646507869987,10.698531181142933,3.290423171428038
2016-10-16 00:00:00,2.2726840439141807,-5.784660358719002,10.02651634949053,4.8409767363980265
2016-10-23 00:00:00,2.6036236417049468,-5.486930742596202,10.121498186054616,8.564902129864993
2016-10-30 00:00:00,3.8603317914636586,-3.772918218020356,11.956980874520625,9.15803448674937
2016-11-06 00:00:00,5.6075461887563804,-2.577117972064567,13.298590927163897,8.681700523697872
2016-11-13 00:00:00,6.808644061172922,-0.5585489345594805,14.508829061423697,7.242738859687762
2016-11-20 00:00:00,6.6219803092684515,-1.076525850182211,14.528545675983409,6.1224883581747696
2016-11-27 00:00:00,5.1775708460392345,-2.353863912126368,13.391726322861865,5.345969776908301
2016-12-04 00:00:00,3.4950749717542546,-4.282215655145443,10.669066784398678,5.236434359707297
2016-12-11 00:00:00,2.558707046168675,-5.055242371189969,9.891571929636651,5.726691505209635
2016-12-18 00:00:00,2.4917531463002005,-5.082913669635847,10.352415830068626,6.095494221264559
2016-12-25 00:00:00,2.665249377798263,-4.79902110763469,10.20831639592911,6.066658743401887
2017-01-01 00:00:00,2.521478741338523,-5.460945532510367,10.095840001162138,5.58617256066965
2017-01-08 00:00:00,2.1302928838788633,-5.614832329180345,9.341903926197823,4.683258474663906
2017-01-15 00:00:00,1.913693198597981,-6.237187388774876,9.9217474099001,4.522238455281896
2017-01-22 00:00:00,2.0171701904819948,-5.657313369890714,9.614606813014818,3.326510284484791
2017-01-29 00:00:00,2.174750814765071,-5.190305429456776,9.956079544812976,2.203415992890634
2017-02-05 00:00:00,2.1916356761488798,-6.125035017156534,10.770924170936762,1.1636272673426806
2017-02-12 00:00:00,2.325271077153146,-5.1984051675561265,9.278032526210248,0.0
2017-02-19 00:00:00,2.9836316332091606,-4.840115722603784,10.870290958236215,0.0
2017-02-26 00:00:00,4.093025342821113,-3.0631822387396497,11.676170225880407,0.0
2017-03-05 00:00:00,4.986915000771791,-3.1557225740177905,12.806975141556173,0.0
2017-03-12 00:00:00,5.051006999725538,-2.521495237025988,12.458219407662916,0.0
2017-03-19 00:00:00,4.3930380778342615,-2.8055842613812896,12.250266950793476,0.0
2017-03-26 00:00:00,3.7320081065481063,-4.157064123158456,11.391873381309104,0.0
2017-04-02 00:00:00,3.647144531167821,-3.4179280670850893,12.057779870585303,0.0
2017-04-09 00:00:00,4.059765588907496,-3.362209270670421,12.085287255937164,1.44261096730822
2017-04-16 00:00:00,4.551979750006904,-3.2931616027244033,12.507889178108462,2.244827333243407
2017-04-23 00:00:00,4.967566990184899,-2.4966622724302,12.649924431393728,3.2166024670896127
2017-04-30 00:00:00,5.488807920915124,-2.4035023491921006,12.318607421806387,4.311751232358761
2017-05-07 00:00:00,6.11916593520343,-1.6994208730237101,13.977001814099399,6.980317929847162
2017-05-14 00:00:00,6.3789663638625225,-1.292313626588662,14.456350179427577,6.799604328454904
2017-05-21 00:00:00,5.7920319504420945,-2.3384653820455696,13.292823051253567,5.4958634975617455
2017-05-28 00:00:00,4.642344736667102,-2.697928075460455,13.011960352221408,3.155798244136188
2017-06-04 00:00:00,3.944577533312562,-4.046524537030825,11.76538414069491,0.0
2017-06-11 00:00:00,4.416142797600013,-3.7954732925789934,11.872743212375298,0.0
2017-06-18 00:00:00,5.5281500150538845,-2.382612782468467,13.56049981103559,0.0
2017-06-25 00:00:00,5.8284606653094375,-2.3242317425345416,13.88084650044867,0.0
2017-07-02 00:00:00,4.3793757979997405,-3.6607086744257877,12.329715666492028,0.0
2017-07-09 00:00:00,1.8360501128999713,-6.038465115731613,10.016771312016713,0.0
2017-07-16 00:00:00,0.0,-7.689953818737784,7.589182467631169,0.0
2017-07-23 00:00:00,0.07743776805908276,-7.109508805512693,8.084559978581673,0.0
2017-07-30 00:00:00,1.8511905915513358,-5.944635126800529,10.199856922960894,3.13932052860155
2017-08-06 00:00:00,3.801573314330342,-3.5114575707248594,11.351853695974777,3.430923461646117
2017-08-13 00:00:00,4.637605978074855,-3.009998558330402,12.215472396513917,3.0595353046797618
2017-08-20 00:00:00,4.217523502984524,-3.0051353649137074,11.735848501626064,2.05655970507257
2017-08-27 00:00:00,3.31484760452029,-4.677010186581464,11.498652925452177,0.0
2017-09-03 00:00:00,2.722007691610208,-4.521323103689124,10.754246417949448,0.0
2017-09-10 00:00:00,2.666776945993142,-5.009446643930724,11.132397353009646,0.0
2017-09-17 00:00:00,2.8991176991081797,-4.891461937476416,10.81837265849309,0.0
2017-09-24 00:00:00,3.0666000561945137,-4.7073871890377355,10.596583746161388,0.0
2017-10-01 00:00:00,2.9522084589716435,-5.363292046054324,10.71085516207031,0.0
2017-10-08 00:00:00,2.5622234577614096,-4.80435572785661,10.357859392630278,0.0
2017-10-15 00:00:00,2.196355413484059,-5.513007110080546,9.646211644146222,0.0
2017-10-22 00:00:00,2.3831216643319086,-5.306826605580007,10.429751417967129,8.164672126136944
2017-10-29 00:00:00,3.489377269155042,-4.495186275672925,11.73006688956863,9.604488376254142
2017-11-05 00:00:00,5.221926637481712,-3.0997683077855775,12.519029082665499,9.463829488402055
2017-11-12 00:00:00,6.607609495975041,-0.6914703889260414,14.805160333274806,7.826026009206858
2017-11-19 00:00:00,6.699131209852431,-2.147569816457409,14.688007442333511,6.371087375605293
2017-11-26 00:00:00,5.42770559379351,-2.2789641232331554,12.72056795934612,5.385508759275987
2017-12-03 00:00:00,3.706611118643705,-4.241948294630948,10.932507840891398,5.36647043892718
2017-12-10 00:00:00,2.604970571654336,-4.9850114359478965,10.500870769185461,6.249610426191541
2017-12-17 00:00:00,2.431021307554037,-5.408638306793787,10.95921441794642,7.475058331339004
2017-12-24 00:00:00,2.630861762786205,-4.864713577405187,10.278735793969922,7.1318186095993
2017-12-31 00:00:00,2.572530142233018,-5.625147604225102,11.099927338980187,5.645540161523758
2018-01-07 00:00:00,2.2106899286242587,-6.076392242956125,9.784453994211972,3.120259897537935
2018-01-14 00:00:00,1.9527610640478406,-6.210951020404984,9.627634672632919,0.8949289273992969
2018-01-21 00:00:00,2.0255868227912037,-5.402532171768987,9.951944002102122,1.234872774151737
2018-01-28 00:00:00,2.212643281798888,-5.417534411341336,10.158830541916226,3.112419160291137
2018-02-04 00:00:00,2.2638159562457325,-5.298334398835744,9.69918906665899,6.44411813815783
2018-02-11 00:00:00,2.357038110296715,-5.153919736504063,9.796692603842107,12.684025778817116
2018-02-18 00:00:00,2.9215765642938365,-4.8510449811856535,10.68233953375568,15.181654591118676
2018-02-25 00:00:00,4.002169409034348,-3.446928493745082,12.408567220493229,15.84356221232914
2018-03-04 00:00:00,5.007364377996542,-2.3570980333315994,12.89695882833075,14.72245041773507
2018-03-11 00:00:00,5.251408672366631,-2.4645974843505485,13.97761245345559,14.625027171177347
2018-03-18 00:00:00,4.693720624587098,-3.241553412176682,12.787471986865159,12.563867663562894
2018-03-25 00:00:00,3.9911445579816474,-4.175582445352992,11.830782776439575,10.654832746026951
2018-04-01 00:00:00,3.79886367243227,-4.1813057280449595,11.927731197954415,8.901627419232812
2018-04-08 00:00:00,4.160225399531544,-3.3947844028224683,11.350413649760771,7.391547585915219
2018-04-15 00:00:00,4.670969432582993,-3.072974570569121,12.645766459452439,6.161505051549383
2018-04-22 00:00:00,5.099789562832257,-2.549774652433058,12.723998632256368,5.230881381603551
2018-04-29 00:00:00,5.597005276304909,-1.8881529094850507,12.770157462199265,4.588742980931847
2018-05-06 00:00:00,6.239054972667835,-1.3889328263289187,14.166664873183578,4.253695032625963
2018-05-13 00:00:00,6.619527897482996,-0.7544820908827878,14.439998547423723,3.476887214760926
2018-05-20 00:00:00,6.199415354086332,-1.3465655849651217,13.715892270335889,2.5302042996341
2018-05-27 00:00:00,5.095548294752085,-3.0743238385489775,12.973769571267347,1.4255524529790125
2018-06-03 00:00:00,4.246974633765224,-3.2202334254192753,12.09390227478784,0.0
2018-06-10 00:00:00,4.515907638651438,-2.9589961488813774,12.423227349141172,0.0
2018-06-17 00:00:00,5.6170731790351205,-1.7013687794507941,13.359576653889118,0.0
2018-06-24 00:00:00,6.174936253347631,-1.9248729220580767,13.499280246085712,0.0
2018-07-01 00:00:00,5.047963663656427,-2.850800339376331,12.77950446721302,0.0
2018-07-08 00:00:00,2.5920150415493586,-5.175370598846884,10.711825799899403,0.0
2018-07-15 00:00:00,0.483457798698006,-7.501552378895649,7.723727486469446,0.0
2018-07-22 00:00:00,0.21827607371691027,-7.828358885622599,7.599231547676663,0.0
2018-07-29 00:00:00,1.7937954643499037,-5.491034040247177,9.239276990294723,0.0
2018-08-05 00:00:00,3.839748076281728,-4.09795390160861,11.574534606678323,0.0
2018-08-12 00:00:00,4.930054762130435,-2.816830148561321,12.78076599311764,0.0
2018-08-19 00:00:00,4.7012105001683135,-2.359337471364018,12.637399280655552,0.0
2018-08-26 00:00:00,3.8236721055659246,-4.099098899075658,11.678696869953477,0.0
2018-09-02 00:00:00,3.1603391498158064,-3.9791722653722505,11.168527009874094,0.0
2018-09-09 00:00:00,3.0385870089097917,-4.7931841673009465,10.586019551281634,0.0
2018-09-16 00:00:00,3.2670031535858675,-5.181319628922335,10.684551454477422,0.0
2018-09-23 00:00:00,3.4874599964348603,-4.013682232196368,11.196753598530771,6.601654991659436
2018-09-30 00:00:00,3.4503887444507577,-4.248536072488205,11.417111822783756,7.353449603088867
2018-10-07 00:00:00,3.1168148646394824,-4.849053936974837,10.282632541288429,6.198776566121564
2018-10-14 00:00:00,2.731407620097942,-4.877368477279832,10.590850977938292,3.199691839130131
2018-10-21 00:00:00,2.8006443727086188,-5.346074161270568,10.517550577735328,0.0
2018-10-28 00:00:00,3.7606843968329633,-3.9548567801129693,11.480318540260754,0.0
2018-11-04 00:00:00,5.458904659559201,-1.9429375371220203,13.116917877574814,0.0
2018-11-11 00:00:00,7.009808764252697,-0.6901595587509837,14.544410617175695,0.0
2018-11-18 00:00:00,7.390386330946206,-0.39475244165699674,14.814329249022204,4.37721636315533
2018-11-25 00:00:00,6.336950893876852,-1.5218465685421254,14.296994390386121,6.050744809130335
2018-12-02 00:00:00,4.627540008973682,-2.5484115763467052,12.480939572611074,6.669739610176106
2018-12-09 00:00:00,3.3838026507402685,-4.825403845867614,10.889746105449408,6.255872217538231
2018-12-16 00:00:00,3.08031355568687,-4.031987330952282,10.410049145381599,5.86227107055698
2018-12-23 00:00:00,3.28152004572288,-4.192116976201577,11.073179391510973,5.506046873347824
2018-12-30 00:00:00,3.304870731318281,-4.439171623125215,11.28522148120118,5.665034098829607
2019-01-06 00:00:00,2.9845801164616166,-4.269124080293208,10.762840861267179,6.32022095726559
2019-01-13 00:00:00,2.6905661031997594,-4.975084097937996,10.42040684643225,7.439571598204345
2019-01-20 00:00:00,2.721716718663183,-4.722036203878126,10.440817751339933,7.04218160577807
2019-01-27 00:00:00,2.9259908326535102,-4.300308569377275,10.734938505726245,5.629540400516027
2019-02-03 00:00:00,3.014862017818764,-4.6597965047692735,11.093756086857136,3.2422793955015567
2019-02-10 00:00:00,3.0805669552542745,-3.709793043426842,10.727087915226907,0.9470773376325644
2019-02-17 00:00:00,3.550744410918708,-4.180933882722677,11.303219267001984,1.1442060390481583
2019-02-24 00:00:00,4.579235831880133,-3.198827953291781,12.761976136990194,3.027360863259114
2019-03-03 00:00:00,5.668793738473751,-2.425808563556357,13.501449706799047,6.5581427600601625
2019-03-10 00:00:00,6.088540734885094,-2.4038541094928796,13.249888574836136,12.716612999765834
2019-03-17 00:00:00,5.65144511563432,-1.9856882465137815,13.632771340293562,15.373950642803832
2019-03-24 00:00:00,4.92728540993205,-2.674749979497758,12.68191170649931,15.916292171904235
2019-03-31 00:00:00,4.632269306052434,-3.049119295986305,12.453803791330522,14.377077185526096
2019-04-07 00:00:00,4.931368397207107,-2.9398752205902827,12.509482984097836,12.632067747010824
2019-04-14 00:00:00,5.4564812097160305,-2.2566264623906562,13.052242295276086,11.241493011541433
2019-04-21 00:00:00,5.908672083817414,-1.4850231756756003,13.72980799051576,10.987192804811016
2019-04-28 00:00:00,6.389531962234941,-1.0600778583191541,13.924081536756454,11.84639243663673
2019-05-05 00:00:00,7.033147094601952,-0.6186143232514265,14.640106940732778,13.107269388094178
2019-05-12 00:00:00,7.518482962908624,-0.46172583253998756,15.549850938373622,12.983938634064442
2019-05-19 00:00:00,7.272149233100734,-0.29904010219557,14.916139582972999,11.611342953896362
2019-05-26 00:00:00,6.250589617826052,-1.2316624663795572,14.321726121655022,9.004595023945024
2019-06-02 00:00:00,5.285872061948499,-2.0423614004459907,12.87154045205599,7.068472792904086
2019-06-09 00:00:00,5.346861670769259,-2.41896675673164,13.007926446341664,3.7071081662511056
2019-06-16 00:00:00,6.393229943867293,-1.282979921716274,13.849140311974143,0.8930300408448092
2019-06-23 00:00:00,7.172281092258238,-0.5428104488157874,14.928184385023968,0.0
2019-06-30 00:00:00,6.38313315644729,-1.241134154809684,14.296357336185375,0.0
2019-07-07 00:00:00,4.076365917835732,-3.2375710294454034,11.26285705279206,0.0
2019-07-14 00:00:00,1.7796542484070752,-6.050200073036324,9.328319522044513,0.0
2019-07-21 00:00:00,1.1462939660595461,-6.1427361381960495,8.5581794470672,0.0
2019-07-28 00:00:00,2.479800333790007,-5.426196078869429,10.700208768295402,9.197410323294514
2019-08-04 00:00:00,4.576453471162215,-3.2495922166511697,12.32433153709177,10.701679963567452
2019-08-11 00:00:00,5.913534558068591,-1.334487669676383,14.07749554688396,9.494759552397744
2019-08-18 00:00:00,5.9037808145304975,-1.9936499276361062,13.680761097796948,5.611984160740291
2019-08-25 00:00:00,5.084350217477271,-2.593687539669123,12.464503549773234,0.0
2019-09-01 00:00:00,4.341178870029822,-2.889627707796519,12.26902225827019,0.0
2019-09-08 00:00:00,4.125594985250951,-3.8032055842048837,11.975034687230615,0.0
2019-09-15 00:00:00,4.317874858117796,-2.911948229875515,11.262504564000249,0.0
2019-09-22 00:00:00,4.563099102096105,-3.2825962903044257,12.731178707862316,4.280241210482161
2019-09-29 00:00:00,4.581820831425176,-3.1324105472120856,12.180587399089891,6.253209889102688
2019-10-06 00:00:00,4.292335272689386,-3.473615915334726,11.876219144426067,6.818456365735675
2019-10-13 00:00:00,3.884355740561359,-3.897576416430324,11.554158649809668,5.985315534679479
2019-10-20 00:00:00,3.831469852230478,-4.095356441277222,12.180342511610663,5.348559792100049
2019-10-27 00:00:00,4.620897587148809,-3.0452094330628015,12.754488483214576,3.532138061533179
2019-11-03 00:00:00,6.234781465397966,-1.335071119600336,13.688222776960147,2.008601192420938
2019-11-10 00:00:00,7.895524931377558,0.8008868957735213,16.02235917457149,0.7793119539458339
2019-11-17 00:00:00,8.535792272184208,0.6545228802686704,15.986840820331379,0.0
2019-11-24 00:00:00,7.707166158316789,0.1379287491049439,15.451040307827993,0.0
2019-12-01 00:00:00,6.02811202957291,-1.9192651824805473,13.355683735766176,0.0
2019-12-08 00:00:00,4.63809972631589,-3.222651826335806,11.773262338703244,0.0
2019-12-15 00:00:00,4.177158531289193,-3.400637921808281,12.240024964524551,1.4662067332243574
2019-12-22 00:00:00,4.343678256753023,-3.539728388776183,11.779870147895434,2.4208192374632445
2019-12-29 00:00:00,4.431467002228768,-3.4075018671152524,11.94547791107307,3.3950095016223845
2020-01-05 00:00:00,4.15448568219124,-3.43450530514256,12.286157924207407,4.386575527690015
2020-01-12 00:00:00,3.823127861081107,-3.781025851685266,11.582575033801458,5.8111910775513484
2020-01-19 00:00:00,3.794763574836645,-3.9484867920317708,12.198799705501319,6.203165319211827
2020-01-26 00:00:00,3.9934234106933864,-3.60302406658675,11.436643366694936,6.02971220275353
2020-02-02 00:00:00,4.111081693935967,-3.889326452171561,11.670686229571166,5.2931544004832976
2020-02-09 00:00:00,4.152850641311403,-3.3777893978025695,11.637752883645735,4.635348595869377
2020-02-16 00:00:00,4.522823183731315,-3.281771080128488,12.095402508530682,3.449635729397202
2020-02-23 00:00:00,5.470133227213424,-1.6256446523279173,13.190903558321729,2.324025965529375
2020-03-01 00:00:00,6.606385098768398,-1.6977072095843884,14.32448881547867,1.2596007092040458
2020-03-08 00:00:00,7.183244958834717,-0.29893780696864436,15.005930570390746,0.0
2020-03-15 00:00:00,6.874830790569146,-0.7756854295907969,14.58482145132748,0.0
2020-03-22 00:00:00,6.142098588677517,-1.6759700438400955,13.93908156880002,0.0
2020-03-29 00:00:00,5.737534938483821,-2.1018961864042307,13.181886262093487,0.0
2020-04-05 00:00:00,5.948744908577909,-2.2878685242208796,13.543814172018507,0.0
2020-04-12 00:00:00,6.465687480877671,-1.3076235155383227,15.192843269316086,0.0
2020-04-19 00:00:00,6.933721265356914,-1.3949698135422999,14.878420573094097,0.0
2020-04-26 00:00:00,7.392147249601296,-0.5495585809962629,15.278165609672254,0.0
2020-05-03 00:00:00,8.014565564370649,0.4503950039114972,16.114843213127507,0.0
2020-05-10 00:00:00,8.572066764825909,1.279405249144685,16.197159977712257,0.0
2020-05-17 00:00:00,8.48497754870079,0.761260159487624,15.979829778163062,0.0
2020-05-24 00:00:00,7.562466751122433,-0.4072322253782428,15.194042241231342,0.0
2020-05-31 00:00:00,6.5040525680933925,-2.5138085433754505,14.02296204464296,5.738997806665868
2020-06-07 00:00:00,6.344558749754372,-1.0810651128595197,14.027370237207768,6.941910494240498
2020-06-14 00:00:00,7.280757151095367,-0.2452403504346794,15.03389663804512,6.430787142946072
2020-06-21 00:00:00,8.22331743820758,0.39365171687361933,15.78649575055395,4.211919556147564
2020-06-28 00:00:00,7.761231296208342,0.5899536985820202,15.46540738461644,0.0
2020-07-05 00:00:00,5.644431528175755,-2.066045680675048,13.28713826178114,0.0
2020-07-12 00:00:00,3.2047074596981435,-4.971079120041097,11.454809359582004,0.0
2020-07-19 00:00:00,2.201285664916564,-6.3188112420642994,9.688416750293129,0.0
2020-07-26 00:00:00,3.2388355697943734,-4.382403642806786,11.147220133532205,1.5241522595406003
2020-08-02 00:00:00,5.321982177000018,-2.267997274805884,12.760328776062398,2.7905098006152755
2020-08-09 00:00:00,6.8747227628918175,-1.2489257137644039,14.911331945773558,3.5485439991439707
2020-08-16 00:00:00,7.091623962263755,-0.5950278797988302,14.18393286614696,3.7986019407001534
2020-08-23 00:00:00,6.3488565865873685,-1.3930995831962392,14.315068908689074,4.060758964415114
2020-08-30 00:00:00,5.540490769343308,-2.68869932658483,13.003256083043475,3.507489386181508
2020-09-06 00:00:00,5.226177612523228,-2.7288143364356703,12.714384692940211,2.638490698418143
2020-09-13 00:00:00,5.370154588086027,-2.670228932035071,12.897390653601015,1.4550689509852344
2020-09-20 00:00:00,5.631004305668937,-1.9250330153162043,13.256739772554777,0.0
2020-09-27 00:00:00,5.702724509286624,-1.5235504943159253,13.775481958621342,0.0
2020-10-04 00:00:00,5.463233813342893,-2.0235657968323633,13.321239421956177,0.0
2020-10-11 00:00:00,5.048471257071732,-2.7976683015369908,13.469826035775124,0.0
2020-10-18 00:00:00,4.890544167017253,-2.924349682132661,12.34123276881525,1.470579481750791
2020-10-25 00:00:00,5.509652961624201,-2.7079680463066556,12.936441809374406,2.505689525721034
2020-11-01 00:00:00,7.013091665172008,-0.575661536750534,14.932767336157763,3.433023394933601
2020-11-08 00:00:00,8.7469281537336,0.5992378607893531,16.519283801564494,4.252515597594575
2020-11-15 00:00:00,9.631203144564873,2.085160011869738,17.24995038716953,5.195801831058774
2020-11-22 00:00:00,9.048723683700937,1.1690755050110617,16.85999702944696,5.743745843325573
2020-11-29 00:00:00,7.439427355156134,0.4043966858675292,15.806619313822832,6.1048812274198765
2020-12-06 00:00:00,5.924854304897589,-2.0635350463167157,13.215471329141371,6.279186098195778
2020-12-13 00:00:00,5.295167108407428,-2.909313043018683,12.785890118187325,6.406931348927298
2020-12-20 00:00:00,5.401963705702615,-2.9679654620180678,12.923222123708172,6.169404817255374
2020-12-27 00:00:00,5.544589139071467,-1.7198473584769527,13.429105215589477,5.711933142433972
2021-01-03 00:00:00,5.322573646311425,-2.164592629969631,12.970733393505348,5.0353456913833545
2021-01-10 00:00:00,4.966765980971259,-2.92329652151318,12.648853664003951,4.2693771594274565
2021-01-17 00:00:00,4.87579684486321,-2.713641122277604,12.357314595744352,4.628594095712435
2021-01-24 00:00:00,5.057266684487577,-3.2084701264583924,13.077814530705664,6.010878158835371
2021-01-31 00:00:00,5.2035735107677805,-2.8342718012557704,12.685575827663328,8.414765586024737
2021-02-07 00:00:00,5.23602398572996,-2.355406874228162,13.24838181693189,11.578986166697367
2021-02-14 00:00:00,5.5152775165888395,-1.3856190415534169,13.194920299976157,12.866574328769165
2021-02-21 00:00:00,6.368200893996864,-1.341067716400003,13.919040530777952,12.30520311702088
2021-02-28 00:00:00,7.524875961299767,0.1792022206684445,15.58549851355143,9.896466387512596
2021-03-07 00:00:00,8.24732952184193,0.7464294160893061,15.919426100400157,6.534720987593646
2021-03-14 00:00:00,8.083826901261181,-0.10285027203244557,15.843583868135122,4.763654092041312
2021-03-21 00:00:00,7.368843009748892,-0.49344985035292943,14.923373349813005,4.945724300599064
2021-03-28 00:00:00,6.864268488743986,-0.9284176295121398,14.847759671072879,7.079515619765978
2021-04-04 00:00:00,6.975930862030916,-0.5624181813583986,15.255590735349884,10.267778543411534
2021-04-11 00:00:00,7.472011045687417,-0.30464370422171516,15.197493039987647,11.47864046243585
2021-04-18 00:00:00,7.957991475895494,0.30970126015094035,15.881937958768852,10.310096217257112
2021-04-25 00:00:00,8.401281428645358,0.1396664936821299,15.756070559107064,6.763360776895502
2021-05-02 00:00:00,8.995124182339119,1.2663842574257211,17.27296946754914,0.0
2021-05-09 00:00:00,9.604009383122964,2.3623183940861203,17.608188255548363,0.0
2021-05-16 00:00:00,9.668428777223783,2.7488149349635354,17.404941999915387,0.0
2021-05-23 00:00:00,8.868872383210848,1.311349182352462,16.685412455261424,0.0
2021-05-30 00:00:00,7.753343877900103,0.17874832048279288,15.49252245368714,3.6542879013860783
2021-06-06 00:00:00,7.381093184405978,-0.1819643001603506,14.813208160298188,6.28922625383606
2021-06-13 00:00:00,8.16953926667621,0.3267998434682271,16.040035489528357,7.787413735707638
2021-06-20 00:00:00,9.226142389906107,1.411821894771558,17.367199140278913,8.148989109070222
2021-06-27 00:00:00,9.081845433254703,1.1827804586210515,16.7470361009581,7.886878301426782
2021-07-04 00:00:00,7.200927167852302,-0.695468017595176,14.959049317531369,7.037018228424135
2021-07-11 00:00:00,4.679003318171995,-3.243551210365764,11.77881027216343,6.045032924187596
2021-07-18 00:00:00,3.3260727779016817,-4.211088323982748,11.228310701418723,4.910987545961487
2021-07-25 00:00:00,4.032825546178797,-3.5043454595412555,11.565405581408694,3.745227502876488
2021-08-01 00:00:00,6.048215494547657,-1.6798345293414165,14.34690379795239,3.057037837168404
2021-08-08 00:00:00,7.789840760964349,-0.07563428531916738,14.958027433409065,2.890915425975736
2021-08-15 00:00:00,8.24748067897493,0.9908733812646675,15.742748541488318,3.246778233979371
2021-08-22 00:00:00,7.612391222236348,-0.0738009970447342,15.083299647435538,3.897017969513057
2021-08-29 00:00:00,6.757304936511557,-1.0195154950772949,15.17560820296088,3.949141410846836
2021-09-05 00:00:00,6.342155424772383,-1.5074578980766677,14.009775490148488,3.261031402615336
2021-09-12 00:00:00,6.425977573251259,-1.263294361898728,14.018632493665683,1.832768217024771
2021-09-19 00:00:00,6.692388459179211,-1.4519583174558015,14.606480391260115,0.0
2021-09-26 00:00:00,6.813050046404846,-0.9420823634740181,14.577363723899705,0.0
2021-10-03 00:00:00,6.627687913532557,-1.3356963837053968,14.592175415523517,0.0
2021-10-10 00:00:00,6.220413789583265,-1.7779952103738328,13.704533426470938,0.0
2021-10-17 00:00:00,5.975501022917275,-1.3938732496573003,14.112499688969457,3.574107338693622
2021-10-24 00:00:00,6.4288430380553745,-1.2376654055028204,13.974784422422665,5.79042667227238
2021-10-31 00:00:00,7.800084538891569,0.018000029366568526,15.343395004730478,7.578139611726002
2021-11-07 00:00:00,9.569940400234787,2.1443083055322623,17.238653590674385,8.937243377307995
2021-11-14 00:00:00,10.676723805091335,2.8521514521701166,18.491260353797312,9.96930145209128
2021-11-21 00:00:00,10.355518045490198,2.886383901018432,17.90202698365241,10.237371842643627
2021-11-28 00:00:00,8.854784839521322,1.237037453515156,16.535931902652468,9.839002459929096
2021-12-05 00:00:00,7.242655883988212,-0.2812623090118178,15.0955901337053,8.774200245335997
2021-12-12 00:00:00,6.438271491639946,-1.049256610487289,14.284642930766267,7.293409413495637
2021-12-19 00:00:00,6.460391455988621,-0.8136773877258889,13.700716460838038,6.288151526342721
2021-12-26 00:00:00,6.644120875148524,-1.034339989840797,14.347262175921465,5.967350435029316
2022-01-02 00:00:00,6.485929819280539,-1.2710298339661303,14.641899244680612,6.331005625132324
2022-01-09 00:00:00,6.120135199092369,-1.3710068824643997,13.375139399600144,7.287338263628487
2022-01-16 00:00:00,5.966533054683207,-1.5033436778118556,13.848912211959703,8.668997227290252
2022-01-23 00:00:00,6.119253977313091,-2.12811364216639,14.015962434336975,10.395798481834294
2022-01-30 00:00:00,6.291004356195654,-1.3117402286090414,14.26327092078435,12.467742027246969
2022-02-06 00:00:00,6.3271097974814285,-1.2299841701238368,14.498426355208306,14.912967943974332
2022-02-13 00:00:00,6.527855428603232,-0.875351862070417,13.953322013821014,17.680418121563843
2022-02-20 00:00:00,7.2774294069210566,-0.711876786067366,14.776391477237393,20.79366308879157
2022-02-27 00:00:00,8.42867843656427,1.07104627206974,16.48866295652458,24.25270284567026
2022-03-06 00:00:00,9.280774765567783,1.4623358193648608,17.816672566221914,4.113590956370963
2022-03-13 00:00:00,9.273958636441714,1.1790970166530732,17.109099594604487,2.707577353193342
2022-03-20 00:00:00,8.603431515208502,1.3274464833286856,16.483742135576477,2.950174443349467
2022-03-27 00:00:00,8.012618730149345,0.3896179216936453,15.547559800865713,3.197144247086227
2022-04-03 00:00:00,8.015810752141794,0.5093596203193638,15.681093037868509,8.74282096820389
2022-04-10 00:00:00,8.476788378593078,0.4976982251237372,16.239240417848904,9.391126336709736
2022-04-17 00:00:00,8.98013068056378,1.7002743800262579,16.359322013380726,10.050517684252927
2022-04-24 00:00:00,9.416258652009411,1.6418314996526142,17.786908335347512,10.72099501083344
2022-05-01 00:00:00,9.977590044701836,2.3700864660785124,17.670402711343996,13.073877949035673
2022-05-08 00:00:00,10.617973337158432,2.8352753698385333,18.182795824032514,13.682125449863342
2022-05-15 00:00:00,10.821684840345743,3.062484673502644,19.055571670377027,13.325302851965237
2022-05-22 00:00:00,10.163538237730231,2.821386794044666,17.89257107600627,11.79263974913575
2022-05-29 00:00:00,9.028175978187916,0.9761923392519396,17.294148481221605,24.34391130451323
2022-06-05 00:00:00,8.45859246663612,0.3264032962064505,16.417457190834348,14.961369442794902
2022-06-12 00:00:00,9.068686849944806,1.3677533525463375,16.903157139027705,7.96737777108522
2022-06-19 00:00:00,10.187942891998578,2.8958150830253775,18.230915557969297,4.601287481606643
2022-06-26 00:00:00,10.342220151200722,2.4890306344276274,17.65956809089233,1.4308714683269457
2022-07-03 00:00:00,8.734851788764269,0.7032053394330608,16.389537500963677,2.443100823659204
2022-07-10 00:00:00,6.1933206018694635,-0.8990488091841149,14.09158356750493,3.790723231377661
2022-07-17 00:00:00,4.521389595459093,-3.171706569101552,12.004537756425709,5.30379147663619
2022-07-24 00:00:00,4.8709119143762845,-2.7627023166070135,12.707441503914179,5.128768465523729
2022-07-31 00:00:00,6.763913401605437,-1.0131759198571064,14.623938723899865,6.37716540220043
2022-08-07 00:00:00,8.66045598918746,0.41865227981508024,16.379052832141447,7.144711260857754
2022-08-14 00:00:00,9.366609340504642,1.759784522600314,16.965898143481645,7.286327871418084
2022-08-21 00:00:00,8.869686314036684,1.1744997401462962,16.549879216290947,15.622702558042404
2022-08-28 00:00:00,7.98994056905919,0.593497484699113,16.17007700413713,13.411663263084169
2022-09-04 00:00:00,7.475041621501973,-0.4817042861112544,15.183338604774407,11.73952629570965
2022-09-11 00:00:00,7.487560819267192,-0.08503678004151904,15.28869908347642,11.100053883163778
2022-09-18 00:00:00,7.748659200773953,0.23666089939081214,15.330239734087112,7.254442808221015
2022-09-25 00:00:00,7.913004490390839,-0.02588567256711638,15.716481035165895,8.214236939566392
2022-10-02 00:00:00,7.784221614723476,-0.1196310106209264,15.341670313155749,10.183127577332693
2022-10-09 00:00:00,7.396999854854892,0.0030584827535777848,15.468655062275715,13.253652674879897
2022-10-16 00:00:00,7.083534327762363,-0.2185340479408957,14.324031024447077,12.83898444111843
2022-10-23 00:00:00,7.37945081729819,-0.30375743677700395,14.778152043275664,16.319037958216892
2022-10-30 00:00:00,8.60145830071079,1.3790567010911143,16.332586294010806,18.11799853531623
2022-11-06 00:00:00,10.37100753025772,2.6328159395650994,18.276203733849638,17.566412065348445
2022-11-13 00:00:00,11.673729430529452,4.011860057067944,18.83310936310061,49.833812297442535
2022-11-20 00:00:00,11.62226768413085,3.9523131514238075,18.78978238150325,33.691560127930266
2022-11-27 00:00:00,10.267063506559957,2.622210629075046,18.23128064271649,20.35665891419501
2022-12-04 00:00:00,8.588935976128138,1.1317274896089682,15.65251404753296,12.8343476604322
2022-12-11 00:00:00,7.609749242956526,-0.07392988345456786,15.398761809352349,6.7777759320669055
2022-12-18 00:00:00,7.52339390185004,-0.10600136039895514,15.424641031009656,8.765200115040047
2022-12-25 00:00:00,7.730754137519993,0.37142147967907047,15.860661272256849,10.960494146048132
2023-01-01 00:00:00,7.641826972950387,-0.23742681737029603,15.54613668610008,12.401989806844911
2023-01-08 00:00:00,7.281354834993769,-1.719613320183555e-05,14.593709505035967,10.128170558101942
2023-01-15 00:00:00,7.068267616932804,-0.8390289491932172,14.426858987705632,10.105863366099657
2023-01-22 00:00:00,7.181423086727512,-0.5755090102162201,14.816750045088307,9.700226453503229
2023-01-29 00:00:00,7.372635481747099,0.023549767010057288,14.946562503234077,8.971199622295174
2023-02-05 00:00:00,7.423118574992029,-0.6642018663237277,15.510769257840336,
2023-02-12 00:00:00,7.559553161353988,0.18336054516613043,16.01366295795558,
2023-02-19 00:00:00,8.201200339146512,0.3237451347798981,16.259022489496402,
2023-02-26 00:00:00,9.32254745840835,2.816489268851732,17.006009864727616,
2023-03-05 00:00:00,10.284539909937948,2.7731807373814634,18.155571902506708,
2023-03-12 00:00:00,10.441273757004653,2.7102062640495923,18.2461271645236,
2023-03-19 00:00:00,9.841307418410356,2.3609589665087594,17.12880982047966,
2023-03-26 00:00:00,9.18192596137772,1.3693053469950458,16.45919437858316,
2023-04-02 00:00:00,9.071095349886424,1.150787047341887,16.73443348502782,
2023-04-09 00:00:00,9.481868255102988,0.6758694024140341,17.40196383746717,
2023-04-16 00:00:00,9.999109506697403,2.0188751751953626,17.375946015492826,
2023-04-23 00:00:00,10.435972315181763,2.644039088041535,17.966881804901515,
2023-04-30 00:00:00,10.964133309758918,3.091666759602118,18.50999320105679,
2023-05-07 00:00:00,11.617864315100084,3.609078756918386,19.402506315457977,
2023-05-14 00:00:00,11.945012336577856,4.079080925105501,19.76163511612169,
2023-05-21 00:00:00,11.4408874887797,4.286095639476599,19.67832218345776,
2023-05-28 00:00:00,10.32223455087751,2.552947647195974,17.919946592930813,
2023-06-04 00:00:00,9.577566539283302,1.780178977317889,17.354302882523704,
2023-06-11 00:00:00,9.986561565915629,1.9269854647034244,17.370844948036474,
2023-06-18 00:00:00,11.11701598250212,3.15404342808925,19.11603321665966,
2023-06-25 00:00:00,11.541584742950654,4.245057101286781,19.20666853674348,
2023-07-02 00:00:00,10.236074080501522,2.4617182252681413,17.434328137789585,
2023-07-09 00:00:00,7.7373171694603835,-0.5044881479104442,15.201453797591771,
2023-07-16 00:00:00,5.785993987113976,-2.0698753075728096,14.036691471141978,
2023-07-23 00:00:00,5.761279914514262,-2.045219719232241,13.824277343814622,
2023-07-30 00:00:00,7.4785816141917225,-0.0663404399286378,15.370838407347412,
2023-08-06 00:00:00,9.489586717100451,1.231610501718813,17.194064382393826,
2023-08-13 00:00:00,10.445024078634907,2.485788990322164,18.08936456097028,
2023-08-20 00:00:00,10.115145186447254,2.323380550626802,17.652762719333822,
2023-08-27 00:00:00,9.235985167756018,1.6175783481804507,16.900375731676036,
2023-09-03 00:00:00,8.62595324007915,0.6681090340976867,16.181119765420952,
2023-09-10 00:00:00,8.55715529684443,1.0192417267568992,15.765724545163328,
2023-09-17 00:00:00,8.801411057214144,0.9284170891380708,16.540787205107282,
2023-09-24 00:00:00,9.003034580933363,1.446884790797581,16.687357008062275,
2023-10-01 00:00:00,8.931698907683925,0.9553010857940416,16.369410341926404,
2023-10-08 00:00:00,8.575270995580508,0.5132631133377057,16.40947154126882,
2023-10-15 00:00:00,8.211518682535614,-0.2287679666775455,15.481963805238784,
2023-10-22 00:00:00,8.361587331424492,0.41934114167800374,16.705679227377956,
2023-10-29 00:00:00,9.422224812253841,1.4231382380455635,17.1319106633374,
2023-11-05 00:00:00,11.156895152839388,3.4987274525482337,19.008494174643033,
2023-11-12 00:00:00,12.624807986677595,4.903757046602709,20.12524738219855,
2023-11-19 00:00:00,12.844683093767891,4.764921725794457,20.82660612324301,
2023-11-26 00:00:00,11.668946787110396,4.355526538954841,19.768073608464427,
2023-12-03 00:00:00,9.960012023594967,1.9969791051388803,17.334335772059013,
2023-12-10 00:00:00,8.812055822788874,0.8924672276248735,16.231364709508654,
2023-12-17 00:00:00,8.595648023234054,1.0459519265647765,16.174294970536728,
2023-12-24 00:00:00,8.806003475726424,1.1622487541540654,16.710753484969878,
2023-12-31 00:00:00,8.787879291969652,0.8384363692346914,16.012289107494205,
2024-01-07 00:00:00,8.44809182693378,0.34202753298544675,16.21318202562469,
2024-01-14 00:00:00,8.181785572630584,0.8099743077360477,16.125396467507215,
2024-01-21 00:00:00,8.245987881851352,1.3606738532618703,15.903594763310021,
2024-01-28 00:00:00,8.448340228483001,0.8001595438845399,15.734191912446247,
2024-02-04 00:00:00,8.52120097307477,1.2371619402378622,16.40555174922201,
2024-02-11 00:00:00,8.60870300084876,1.0874052276827202,16.583996643162305,
2024-02-18 00:00:00,9.142180188099188,1.492390190204115,17.15579366079423,
2024-02-25 00:00:00,10.211396616669496,2.0740784577289,17.953927675779173,
2024-03-03 00:00:00,11.260523186999782,3.762257021225191,18.791589503675873,
2024-03-10 00:00:00,11.582496231024983,4.30370320394388,19.434966011708454,
2024-03-17 00:00:00,11.077604303431986,3.4898127917876787,18.404504374996048,
2024-03-24 00:00:00,10.370700979656318,2.053231856156655,18.265241670199575,
2024-03-31 00:00:00,10.1441680721302,2.33154379969763,17.84750395995239,
2024-04-07 00:00:00,10.489539216008296,2.792373624452976,18.12099474283559,
2024-04-14 00:00:00,11.014323968019788,3.357541699846608,19.021405479992907,
2024-04-21 00:00:00,11.459009373680573,3.537049207186148,19.13203548264007,
2024-04-28 00:00:00,11.956275134077025,4.656812949589909,20.48282836986835,
2024-05-05 00:00:00,12.607638009927705,4.950617936976258,20.30456535303367,
2024-05-12 00:00:00,13.039678921345697,5.559723249319902,20.851361963220853,
2024-05-19 00:00:00,12.696212069868757,4.643864067377139,20.01640477929694,
2024-05-26 00:00:00,11.628729775009703,3.7841970488606207,19.1718238440314,
2024-06-02 00:00:00,10.736948365629386,2.51682532146192,18.551620080926565,
2024-06-09 00:00:00,10.930500058331349,3.8501804257918213,18.998142502100652,
2024-06-16 00:00:00,12.022451871484279,4.237969719384129,20.28456768749139,
2024-06-23 00:00:00,12.68114159579848,5.854276287177727,20.981384602446166,
2024-06-30 00:00:00,11.695652381513561,3.9184574807332138,18.956162028823933,
2024-07-07 00:00:00,9.299854358286119,1.6794117724586721,17.588480997737435,
2024-07-14 00:00:00,7.116675714965237,-0.2905862875385159,14.17413176922818,
2024-07-21 00:00:00,6.71087320292712,-1.3088858076813938,14.115289873013158,
2024-07-28 00:00:00,8.202201922603729,0.49556736143031355,16.165510225668367,
2024-08-04 00:00:00,10.281690623006376,2.7953714124012308,18.252205609215974,
2024-08-11 00:00:00,11.479686814325852,3.825297544787565,19.187557436978473,
2024-08-18 00:00:00,11.343006209077462,3.351586523953845,18.624885433295972,
2024-08-25 00:00:00,10.49229934237567,3.037239648599531,18.795641187662966,
2024-09-01 00:00:00,9.795524319393355,1.6764123216086455,17.909476843001798,
2024-09-08 00:00:00,9.636987501080675,1.5878195046276344,17.207925762131314,
2024-09-15 00:00:00,9.85241452858558,1.9992007811972794,17.68419346741884,
2024-09-22 00:00:00,10.083812616483456,2.4763024380426586,17.89815589858321,
2024-09-29 00:00:00,10.069310148746244,2.244525820477656,17.71914673693923,
2024-10-06 00:00:00,9.752546187382421,2.199528592272851,17.47115267464668,
2024-10-13 00:00:00,9.356128456655728,1.5614074019451456,17.130377667229837,
2024-10-20 00:00:00,9.37455470523187,1.287405093767946,17.004758691915,
2024-10-27 00:00:00,10.26660363601717,2.3472958323982587,18.850549784618135,
2024-11-03 00:00:00,11.934481182174602,4.004062854396761,19.1799653044218,
2024-11-10 00:00:00,13.533663692585103,6.165496615254214,20.835049860700956,
2024-11-17 00:00:00,14.01960080558694,6.189468658488977,21.898905278011718,
2024-11-24 00:00:00,13.053156219700211,5.401778051612861,21.174978039714823,
2024-12-01 00:00:00,11.351174149182066,3.108711829845844,18.687030294397204,
2024-12-08 00:00:00,10.046684380406704,2.4963867160257394,17.298088068150697,
2024-12-15 00:00:00,9.681884892760445,2.2551958454917473,17.16849172353715,
2024-12-22 00:00:00,9.872182621236128,2.5956748831075105,17.68705614245232,
2024-12-29 00:00:00,9.922185942739905,2.2808911330800337,17.873318652674467,
2025-01-05 00:00:00,9.6176704998827,1.791482829804087,17.21560716766868,
2025-01-12 00:00:00,9.307299215561653,1.7021752232849137,17.315282772680277,
2025-01-19 00:00:00,9.31520085539224,1.3552353011266725,17.29998800790092,
2025-01-26 00:00:00,9.518588927659025,2.3901720116651903,16.67712543467502,
2025-02-02 00:00:00,9.61878806327777,1.1280458572463496,16.754284554863524,
2025-02-09 00:00:00,9.673087953182087,2.015207654416214,17.37849417352551,
2025-02-16 00:00:00,10.102247517544187,2.5479073951138513,17.775802088392904,
2025-02-23 00:00:00,11.10011081386137,3.4485985226797586,18.795356460531313,
2025-03-02 00:00:00,12.211484754032025,4.355086779210433,20.056519988204442,
2025-03-09 00:00:00,12.695154096796466,5.115447207812675,20.845281339257525,
2025-03-16 00:00:00,12.307322673336294,5.581357726090775,19.851815048419375,
2025-03-23 00:00:00,11.576640753518411,3.5030039897027274,18.943324839861404,
2025-03-30 00:00:00,11.236940711230748,2.9266884158938087,18.799137625476753,
2025-04-06 00:00:00,11.502428621926892,3.6511274141288768,19.47013150777034,
2025-04-13 00:00:00,12.025672006952686,4.567107481154214,19.74201564161136,
2025-04-20 00:00:00,12.483788454021628,4.876557990473355,19.727148743909424,
2025-04-27 00:00:00,12.954873341417816,5.362592715328656,21.021101484968682,
2025-05-04 00:00:00,13.591116774971137,6.195397561830954,21.824184622411263,
2025-05-11 00:00:00,14.107831457178207,6.319966702299007,21.367527988424655,
2025-05-18 00:00:00,13.925806404512205,6.511153721776408,21.89310328881654,
2025-05-25 00:00:00,12.940672919988144,4.368746275937262,20.467118104503783,
2025-06-01 00:00:00,11.934192706235718,4.420731842315329,19.75039342009301,
2025-06-08 00:00:00,11.906582874384725,3.929045706808571,19.40998892970881,
2025-06-15 00:00:00,12.913794929103737,5.174700256870365,20.599957669570234,
2025-06-22 00:00:00,13.76398561941211,5.813544026206987,21.345861852687083,
2025-06-29 00:00:00,13.106112437329486,5.120374631628611,21.048543956799712,
2025-07-06 00:00:00,10.869350246258143,2.726425769866906,18.39341563889903,
2025-07-13 00:00:00,8.508331323353675,0.5985070133797175,15.587061758667106,
2025-07-20 00:00:00,7.725142732588468,0.20618575719035004,15.804972277005565,
2025-07-27 00:00:00,8.944935180964178,0.9173058612824345,16.75331345512834,
2025-08-03 00:00:00,11.042602320770406,3.1230144836467573,18.717621713873413,
2025-08-10 00:00:00,12.46867861648586,4.4437182107415065,19.66474709790935,
2025-08-17 00:00:00,12.547527211228983,4.758351020704481,20.225153738394866,
2025-08-24 00:00:00,11.755049860556298,4.524944304689855,19.53330230867661,
2025-08-31 00:00:00,10.983825359569249,3.4835499422659204,19.348223837881314,
2025-09-07 00:00:00,10.72919086780087,3.1827070756316638,18.314450572595945,
2025-09-14 00:00:00,10.903600122690333,2.7952833076807,18.621166616085148,
2025-09-21 00:00:00,11.15622536928172,3.222903237635416,18.93909049626253,
2025-09-28 00:00:00,11.196554059649724,3.489399603816514,19.006553619133726,
2025-10-05 00:00:00,10.926458752870477,2.6949958321190355,18.34244097943302,
2025-10-12 00:00:00,10.513951127446916,2.6286887479985817,18.42147719842231,
2025-10-19 00:00:00,10.416930580985113,2.4825256688316477,18.093298706665085,
2025-10-26 00:00:00,11.13794767215273,3.1712147072554626,19.08706423863073,
2025-11-02 00:00:00,12.710552594658127,4.759204549305261,20.38355652541179,
2025-11-09 00:00:00,14.404985792046208,6.8198653009933246,22.12670149447998,
2025-11-16 00:00:00,15.14507858862304,7.009506315354162,22.536256201566836,
2025-11-23 00:00:00,14.41268587693816,6.690735503610216,22.173427208471637,
2025-11-30 00:00:00,12.756811910600906,5.188390575238742,20.22414377674016,
2025-12-07 00:00:00,11.314059095873311,3.426963671269461,18.768695592193886,
2025-12-14 00:00:00,10.786689164820032,3.0327437994489443,18.92715133327632,
2025-12-21 00:00:00,10.932343121533702,3.0424262235956543,18.528167987288114,
2025-12-28 00:00:00,11.043456534425964,3.387047582758541,18.653409451908026,
2026-01-04 00:00:00,10.787204116053873,3.266494286106908,18.687474895820827,
2026-01-11 00:00:00,10.444416119104549,2.9702715381195812,17.93946345859544,
2026-01-18 00:00:00,10.391213755718717,2.8821105728341925,19.108180030986695,
2026-01-25 00:00:00,10.58440218554415,3.485344051431204,17.858192060113687,
2026-02-01 00:00:00,10.713712889383382,2.5549552054678184,17.758970144647407,
2026-02-08 00:00:00,10.750077431926714,3.1759665556848176,18.881755510569832,
2026-02-15 00:00:00,11.082455902670887,2.8529799900148154,18.790342665337114,
2026-02-22 00:00:00,11.993363792166111,4.579596128054435,19.93859163273725,
2026-03-01 00:00:00,13.1409357844319,5.222822913884896,20.921268249647618,
2026-03-08 00:00:00,13.77767595874875,5.819250153687325,21.54201476231008,
2026-03-15 00:00:00,13.525515931372798,5.7770182524020495,21.61953001643156,
2026-03-22 00:00:00,12.796680853884988,5.490494500097444,20.589052282581207,
2026-03-29 00:00:00,12.350725856825742,3.881340907058523,20.325338708465427,
2026-04-05 00:00:00,12.523378147398493,4.984485372646894,20.450631230877228,
2026-04-12 00:00:00,13.033599686965069,6.072024792867282,20.8729897065287,
2026-04-19 00:00:00,13.508704005793202,5.3193735175921075,20.948393634155316,
2026-04-26 00:00:00,13.960145129055594,6.515728419049649,21.71522884272175,
2026-05-03 00:00:00,14.571824326223052,6.414750693205439,22.719415181575137,
2026-05-10 00:00:00,15.152342972061316,6.921828412540414,22.523260806230752,
2026-05-17 00:00:00,15.12705367268468,7.170596100503409,23.173327913868977,
2026-05-24 00:00:00,14.251149344632076,6.541558430797013,22.218044351493738,
2026-05-31 00:00:00,13.165427613880498,5.289471724454213,20.668736186269854,
2026-06-07 00:00:00,12.919456214577501,5.258936331551665,20.5374584399445,
2026-06-14 00:00:00,13.80069552466945,6.1942187539379185,21.552999021300586,
2026-06-21 00:00:00,14.794958256802335,6.811298482307006,23.313343543223247,
2026-06-28 00:00:00,14.461673031452332,6.634170078910838,21.98506596540544,
2026-07-05 00:00:00,12.434149345491484,4.632336762140575,20.11865500494013,
2026-07-12 00:00:00,9.954104035936306,2.302908114252639,17.384721152380195,
2026-07-19 00:00:00,8.807839629853522,1.4935547121545687,16.86292592156623,
2026-07-26 00:00:00,9.716806739733023,2.385439620846033,17.439542279819953,
2026-08-02 00:00:00,11.779419599355872,4.439864052191217,20.033199241161178,
2026-08-09 00:00:00,13.411342486637984,5.263411288856857,21.114156868332884,
2026-08-16 00:00:00,13.723184730835456,5.888338281885069,21.404791281684904,
2026-08-23 00:00:00,13.019772529860132,4.8531639927525205,20.941204942568667,
2026-08-30 00:00:00,12.190293623479501,4.1855750494313915,19.879556711933546,
2026-09-06 00:00:00,11.835728331098975,4.018886842658008,19.92352302678588,
2026-09-13 00:00:00,11.957035400443052,3.882447094323656,19.791893173233095,
2026-09-20 00:00:00,12.221365546737136,4.665760111371021,20.031720798215243,
2026-09-27 00:00:00,12.313217655684353,5.0463031719417355,20.660435529009913,
2026-10-04 00:00:00,12.094978764641805,4.111878277819389,19.902463118403602,
2026-10-11 00:00:00,11.681591216794448,4.161505429190836,19.83992564344836,
2026-10-18 00:00:00,11.486669179015504,3.9716814957128044,19.235532719500885,
2026-10-25 00:00:00,12.038701276518847,4.635129916376526,19.5527838687484,
2026-11-01 00:00:00,13.491613459717678,5.180125643122592,21.567713521049118,
2026-11-08 00:00:00,15.244288169143271,7.535788184950678,23.036098802181684,
2026-11-15 00:00:00,16.220448844963617,8.101044261981288,23.365990907283006,
2026-11-22 00:00:00,15.74102877859443,8.205510402249528,23.657659268204785,
2026-11-29 00:00:00,14.170576600479016,5.850743568944127,21.266042664206843,
2026-12-06 00:00:00,12.613467054955272,4.420520745672492,20.65548020638616,
2026-12-13 00:00:00,11.914296840609712,4.071063199226526,20.20470199507899,
2026-12-20 00:00:00,11.99017670046484,4.143254696716797,20.12018558216829,
2026-12-27 00:00:00,12.151111960193447,4.0474318988685205,20.37636613195187,
2027-01-03 00:00:00,11.953742130387605,4.704791130872334,19.523591534001515,
2027-01-10 00:00:00,11.592139613233968,3.6788507697491672,19.311261226866137,
2027-01-17 00:00:00,11.47594351922975,3.9760937886925736,19.232488319378295,
2027-01-24 00:00:00,11.647275294983553,3.844046580606326,19.071729750593295,
2027-01-31 00:00:00,11.80430778729043,4.127552609486015,20.47746663122884,
2027-02-07 00:00:00,11.836777224108317,4.176011075210799,19.365876763147515,
2027-02-14 00:00:00,12.083033623064757,4.508192329415884,19.808938575696658,
2027-02-21 00:00:00,12.89544829490399,5.124301786184065,20.56309370116263,
2027-02-28 00:00:00,14.052998608700683,5.419116962974436,21.92309051240612,
2027-03-07 00:00:00,14.829451892825466,6.904567275619265,22.51842673938861,
2027-03-14 00:00:00,14.727477702152223,7.052587652653671,22.33072401970769,
2027-03-21 00:00:00,14.027082995312522,6.194691019184474,21.71197565023729,
2027-03-28 00:00:00,13.48613261513308,4.962810676440286,20.91327866182592,
2027-04-04 00:00:00,13.555301767810182,6.260458659355676,21.911842192133857,
2027-04-11 00:00:00,14.039114426881223,6.646004928987599,22.390169897738403,
2027-04-18 00:00:00,14.532268559342022,6.098069772252145,22.476010568038085,
2027-04-25 00:00:00,14.97172432184962,7.155504160681224,22.74598320290876,
2027-05-02 00:00:00,15.552845616865335,8.011099370954078,22.866370053986415,
2027-05-09 00:00:00,16.176636625065335,8.798190547706099,24.858626525040506,
2027-05-16 00:00:00,16.298462877439317,8.695743049394418,24.63924258567252,
2027-05-23 00:00:00,15.553576980221438,7.602450338322934,22.78564626764894,
2027-05-30 00:00:00,14.425651172769001,6.636991017612224,22.495210095975605,
2027-06-06 00:00:00,13.972212074413676,6.331165799243024,21.712919559401936,
2027-06-13 00:00:00,14.692565851899749,7.289057776217404,22.13579212322235,
2027-06-20 00:00:00,15.780442076226693,8.591769630617163,23.579002747919397,
2027-06-27 00:00:00,15.758411463039975,8.339681675102895,23.098527423792294,
2027-07-04 00:00:00,13.982895577678393,6.138861924228653,21.808655974160786,
2027-07-11 00:00:00,11.445584630892215,3.4362776431599578,18.56326891179925,
2027-07-18 00:00:00,9.960860600611696,2.1358436094997213,17.538418271217978,
2027-07-25 00:00:00,10.527385123856012,2.691166062153173,18.277134004344006,
2027-08-01 00:00:00,12.500340134687566,4.632740770687057,20.4651719751779,
2027-08-08 00:00:00,14.308390365831595,6.2607729679715005,22.329872073783065,
2027-08-15 00:00:00,14.864881383130339,7.1532467930117125,23.114673845757633,
2027-08-22 00:00:00,14.28146530020557,6.677285365932379,21.90763215208171,
2027-08-29 00:00:00,13.41367884294447,5.916511140423141,21.539424876570607,
2027-09-05 00:00:00,12.958308110759614,5.249305116284622,21.265757769262137,
2027-09-12 00:00:00,13.014893361564527,5.401729679717979,20.561791856532167,
2027-09-19 00:00:00,13.280524753243073,5.581059589747656,20.908676296027494,
2027-09-26 00:00:00,13.419356134180472,5.881500324198144,21.107783081083042,
2027-10-03 00:00:00,13.256422547603478,5.453134289635125,20.738504172122937,
2027-10-10 00:00:00,12.85576193687201,5.077131299289654,20.815529284421046,
2027-10-17 00:00:00,12.581213931996807,4.75301958849561,20.1170080619821,
2027-10-24 00:00:00,12.970390437251133,5.0598724412857425,21.31060207103946,
2027-10-31 00:00:00,14.283710610104162,6.352057517915329,22.587064850597336,
2027-11-07 00:00:00,16.05772631606921,8.373776087911688,23.6254655229864,
2027-11-14 00:00:00,17.246328829139877,9.606141476871914,25.20624909554557,
2027-11-21 00:00:00,17.032386907769062,9.508263100087175,24.433909124807382,
2027-11-28 00:00:00,15.585573193133403,7.88309250450827,23.67305758127983,
2027-12-05 00:00:00,13.943032099063078,6.453101527212569,21.476192194638607,
2027-12-12 00:00:00,13.06839981105409,5.614533232232079,20.85985890035017,
2027-12-19 00:00:00,13.04988465036289,4.88290548628873,21.233335522784913,
2027-12-26 00:00:00,13.245355129076692,5.141381403542545,20.955879098438075,
2028-01-02 00:00:00,13.11442622152091,4.722062318705905,21.432245275223075,
2028-01-09 00:00:00,12.74890218092008,5.383391810219254,20.795690289861966,
2028-01-16 00:00:00,12.570950471253603,4.903523116979692,20.566047551437293,
2028-01-23 00:00:00,12.709077912762735,4.834220822308465,20.80986798862337,
2028-01-30 00:00:00,12.889473159860444,4.902017397565647,20.173267930210272,
2028-02-06 00:00:00,12.93018642981038,5.91826237864603,20.73085908541748,
2028-02-13 00:00:00,13.103419376512498,5.144123024910379,20.765279154422558,
2028-02-20 00:00:00,13.810125996211415,5.665603357636191,21.76236383051045,
2028-02-27 00:00:00,14.952244028635109,7.339329707295016,22.704412404344147,
2028-03-05 00:00:00,15.850856100489967,8.191685021759668,23.527986354662644,
2028-03-12 00:00:00,15.908922385936231,8.336812782098802,23.551649185889104,
2028-03-19 00:00:00,15.263554401160928,7.527028877921607,23.807768287393966,
2028-03-26 00:00:00,14.642991187909761,7.413550937956731,22.24531921532106,
2028-04-02 00:00:00,14.6010332041709,6.4754359447837295,22.14833502809794,
2028-04-09 00:00:00,15.043764347699174,6.682824351125934,22.556009617934535,
2028-04-16 00:00:00,15.55324535812044,7.440098078434664,23.33368737427207,
2028-04-23 00:00:00,15.988749042480615,8.359320687859665,23.54845935654313,
2028-04-30 00:00:00,16.536717603679293,7.48413086408867,23.873869014062635,
2028-05-07 00:00:00,17.18449564401873,8.975048779047299,24.90188992272949,
2028-05-14 00:00:00,17.439657149163935,9.289185331826088,25.53129262961379,
2028-05-21 00:00:00,16.841940288241492,8.100552708410369,24.500085238003965,
2028-05-28 00:00:00,15.708964366794529,8.441938987659267,23.216147632686646,
2028-06-04 00:00:00,15.06632994553809,6.55712967355737,22.730714047987696,
2028-06-11 00:00:00,15.598252547632269,7.6904862501690125,24.17671498533237,
2028-06-18 00:00:00,16.728104155817554,8.227823133657727,24.708641646424578,
2028-06-25 00:00:00,16.994363110122045,8.491278587476653,25.05785684885747,
2028-07-02 00:00:00,15.504895167251542,7.493914845197049,23.333341057101887,
2028-07-09 00:00:00,12.973066922694276,5.715982339920612,20.92226830738093,
2028-07-16 00:00:00,11.184152620865756,3.4958826014162554,19.282701064393645,
2028-07-23 00:00:00,11.385465373825166,3.578634457234065,19.435043153491556,
2028-07-30 00:00:00,13.214452440697874,4.979658651583495,21.108761799727766,
2028-08-06 00:00:00,15.161968195727896,7.0930546265387875,23.372777325650606,
2028-08-13 00:00:00,15.968153820533836,8.684063873766902,24.166872638912064,
2028-08-20 00:00:00,15.534710658481783,7.705098045658071,23.667817585271212,
2028-08-27 00:00:00,14.652008668982555,7.1421869975623276,22.39860048684518,
2028-09-03 00:00:00,14.098295581402073,6.172401739241038,21.454782063869757,
2028-09-10 00:00:00,14.079410932184901,6.199657816300451,21.49493902676459,
2028-09-17 00:00:00,14.33518645369141,6.618369671738253,22.10905721377595,
2028-09-24 00:00:00,14.515274313867131,7.039284321693958,22.54099622388099,
2028-10-01 00:00:00,14.409451366905841,6.5222855194873075,22.224533609085107,
2028-10-08 00:00:00,14.033362515413952,6.278283037403563,22.155444410158307,
2028-10-15 00:00:00,13.697616542078375,4.894873206684128,21.340292987732777,
2028-10-22 00:00:00,13.933643348565296,5.916676752073695,21.746402205055347,
2028-10-29 00:00:00,15.092282376136433,6.856697065310611,23.104561385249777,
2028-11-05 00:00:00,16.851898845076683,9.232431883099759,25.079650037802384,
2028-11-12 00:00:00,18.224588002267765,10.700694036670475,25.33914739193222,
2028-11-19 00:00:00,18.281857139619582,10.679156698020755,26.31236365282576,
2028-11-26 00:00:00,16.994574843627305,9.212760979240691,24.56029942513761,
2028-12-03 00:00:00,15.299732400517787,8.058728045139606,23.331456995630493,
2028-12-10 00:00:00,14.251965521372888,5.861618386785379,21.95363426058887,
2028-12-17 00:00:00,14.116019087250653,6.4951954574799515,21.977381835138154,
2028-12-24 00:00:00,14.327207385189066,6.551418655710745,22.12477307905842,
2028-12-31 00:00:00,14.266647633826189,6.712825619408487,22.269301090093492,
2029-01-07 00:00:00,13.912630631869678,5.58959761189851,21.937321111683882,
2029-01-14 00:00:00,13.677335176265162,5.396583467529135,21.857670059275414,
2029-01-21 00:00:00,13.771934336000001,6.113964415249874,21.65949615995755,
2029-01-28 00:00:00,13.968714814140775,6.111865580488955,22.323101568516783,
2029-02-04 00:00:00,14.02735384272561,5.830251945100793,22.141423701631403,
2029-02-11 00:00:00,14.14233166151157,6.493190088261202,21.869726840710182,
2029-02-18 00:00:00,14.740503384250875,6.2994875696761055,23.08295756540919,
2029-02-25 00:00:00,15.843512899413948,8.26840482081656,23.8361253489431,
2029-03-04 00:00:00,16.843230332511308,8.708488999006974,24.778335034138657,
2029-03-11 00:00:00,17.066151093847743,9.355923352813889,25.340058381698956,
2029-03-18 00:00:00,16.501394213266856,9.064869434399766,24.30870292793384,
2029-03-25 00:00:00,15.82031056261126,8.164203746493103,23.828596875397132,
2029-04-01 00:00:00,15.66317036762065,8.424613705963534,23.36183933099981,
2029-04-08 00:00:00,16.049584519072354,7.98983534043384,23.96433366564681,
2029-04-15 00:00:00,16.570764212951826,8.647119255093846,24.80662694132271,
2029-04-22 00:00:00,17.009974251115967,9.16544086789596,24.789115263807194,
2029-04-29 00:00:00,17.525354984914195,9.821409821006558,25.35587321964532,
2029-05-06 00:00:00,18.179868543518907,10.505674895548086,26.121776760737344,
2029-05-13 00:00:00,18.55131582594905,11.342067400198838,27.13017944719777,
2029-05-20 00:00:00,18.11099099838902,10.658317652993714,25.448109950030567,
2029-05-27 00:00:00,17.008829727033728,9.244448141185183,25.540461027200728,
2029-06-03 00:00:00,16.20168075322716,8.720778305307752,24.341972836190802,
2029-06-10 00:00:00,16.525738078757165,8.495527590146915,24.52174812863452,
2029-06-17 00:00:00,17.64659835403209,10.100016234635033,25.421657531046517,
2029-06-24 00:00:00,18.169551808150622,10.727759329313619,26.16046520094332,
2029-07-01 00:00:00,16.99045639102706,8.894763535096535,25.16599357925819,
2029-07-08 00:00:00,14.525849350615395,6.604638302557084,22.481004292055175,
2029-07-15 00:00:00,12.475681585175849,4.471281354565722,20.342882100742923,
2029-07-22 00:00:00,12.298768646330977,3.9831121191370924,20.398178228951593,
2029-07-29 00:00:00,13.931486759111827,5.891221425933666,21.902832325642024,
2029-08-05 00:00:00,15.975674210851107,8.600824485440793,24.19627626110078,
2029-08-12 00:00:00,17.029373221683763,8.89548451469164,25.404008264112896,
2029-08-19 00:00:00,16.773825016257835,8.947986914369459,24.70612636567073,
2029-08-26 00:00:00,15.902577736268185,8.49826906288938,24.220286797928978,
2029-09-02 00:00:00,15.256624748789378,7.1239804527463475,23.26948522528932,
2029-09-09 00:00:00,15.152836892989006,7.42935830010862,22.591272846762095,
2029-09-16 00:00:00,15.387017111486966,8.315999756107459,23.134315909506757,
2029-09-23 00:00:00,15.601510678784832,8.171707428717825,23.598882523238025,
2029-09-30 00:00:00,15.553061692042618,7.415730805614136,23.695409291392888,
2029-10-07 00:00:00,15.211540060776946,7.762418120992819,23.106963313703954,
2029-10-14 00:00:00,14.832657459351374,6.822856573371528,22.77900476554379,
2029-10-21 00:00:00,14.928238615628047,7.380269500890283,22.14005102182353,
2029-10-28 00:00:00,15.922034680522383,7.95219624707249,23.756793096631153,
2029-11-04 00:00:00,17.633641110132984,9.249154694014202,25.504670825091402,
2029-11-11 00:00:00,19.158274469372127,11.154381829430598,26.657758813132567,
2029-11-18 00:00:00,19.48558639048191,12.113271737360545,27.868310270587447,
2029-11-25 00:00:00,18.39025194372156,10.620213801347095,26.62240312476896,
2029-12-02 00:00:00,16.679461741878605,8.794474255278322,24.642167927246774,
2029-12-09 00:00:00,15.467079581931827,8.200428037098481,23.765971189227894,
2029-12-16 00:00:00,15.193302229132067,7.586080335900766,22.96630137165863,
2029-12-23 00:00:00,15.398507904701201,7.426260955317804,23.478016661314882,
2029-12-30 00:00:00,15.408198174719358,7.543490618419838,22.739813810248847,
2030-01-06 00:00:00,15.080840342871745,7.282175718873074,22.810600352124123,
2030-01-13 00:00:00,14.795659422608987,6.256009444418203,22.395639893747358,
2030-01-20 00:00:00,14.838090646774212,6.972122920736518,23.05580929372552,
2030-01-27 00:00:00,15.042148513723545,7.406082263704945,23.02360667217536,
2030-02-03 00:00:00,15.12552636412387,7.014099160642288,23.45001305790521,
2030-02-10 00:00:00,15.197867972518932,7.569357945523314,23.640220510176263,
2030-02-17 00:00:00,15.688938561581347,7.290095046341798,23.23598044697982,
2030-02-24 00:00:00,16.731729723284428,8.155692391367895,24.41925899544069,
2030-03-03 00:00:00,17.80882882836224,10.058041693106409,25.855013662117642,
2030-03-10 00:00:00,18.196195723410725,10.625994421619424,26.15508637625471,
2030-03-17 00:00:00,17.735660887724812,9.713910899944894,25.740430753753504,
2030-03-24 00:00:00,17.016272048621744,9.115799111330084,24.90372800815503,
2030-03-31 00:00:00,16.743924560903885,8.576885590420403,24.738290726895976,
2030-04-07 00:00:00,17.05901256537044,9.043458572799121,25.385012797710715,
2030-04-14 00:00:00,17.584414346227106,10.139018977183971,25.47345973084052,
2030-04-21 00:00:00,18.033902482617698,10.367538730755342,26.20378650197291,
2030-04-28 00:00:00,18.520013194262734,10.501531846787485,26.52842238167244,
2030-05-05 00:00:00,19.166678845412576,11.740755995075919,27.502508505665865,
2030-05-12 00:00:00,19.63507478666846,12.000691677526994,28.030257896564216,
2030-05-19 00:00:00,19.356408586232604,11.367109168009597,27.149744457725408,
2030-05-26 00:00:00,18.318344626530745,10.651486847936603,26.267570456394047,
2030-06-02 00:00:00,17.37659122852103,9.435050610314118,25.78721683524148,
2030-06-09 00:00:00,17.48188157275225,9.116725277923969,25.1596127199204,
2030-06-16 00:00:00,18.545238033167237,10.647908870178647,26.4315301248512,
2030-06-23 00:00:00,19.285950391998387,11.238511006057887,27.431740784770483,
2030-06-30 00:00:00,18.43119393428501,10.421148314958717,26.587231504648862,
2030-07-07 00:00:00,16.09257234813498,8.666108802290484,24.628538262940054,
2030-07-14 00:00:00,13.831467279454117,6.3049082250268125,21.73486413154901,
2030-07-21 00:00:00,13.273669396332902,5.412188936710891,21.374794025571045,
2030-07-28 00:00:00,14.66153336212816,6.674650064988026,22.306075460649925,
2030-08-04 00:00:00,16.754527248502338,9.08286108993962,24.651166761713664,
2030-08-11 00:00:00,18.045930032715273,10.517245890765057,25.728736829659837,
2030-08-18 00:00:00,17.993031427365366,9.224744464556931,25.773741327980495,
2030-08-25 00:00:00,17.161963504531748,8.818925606262885,25.157422290742954,
2030-09-01 00:00:00,16.4337133971007,8.481397460946344,24.3210573759122,
2030-09-08 00:00:00,16.237369278988425,8.05693970173213,24.5792473088537,
2030-09-15 00:00:00,16.437853495714798,8.305354731403149,24.521174534320934,
2030-09-22 00:00:00,16.678824487071804,8.603424081533888,24.641943632406864,
2030-09-29 00:00:00,16.68656955137321,8.682708957941827,24.395538561785518,
2030-10-06 00:00:00,16.387735699712838,8.527267622665654,24.30740300412549,
2030-10-13 00:00:00,15.982963147965528,7.951454602201321,23.603512149072987,
2030-10-20 00:00:00,15.953177397003197,8.241252457401016,23.90001667081765,
2030-10-27 00:00:00,16.77684753111802,8.333462333116076,24.785410633122726,
2030-11-03 00:00:00,18.409818560154356,10.617986303391383,26.149301143222658,
2030-11-10 00:00:00,20.05150397529149,11.835341319446616,28.602429513574606,
2030-11-17 00:00:00,20.640890553452156,12.854633622724247,28.640727704371788,
2030-11-24 00:00:00,19.765407169594237,11.492530171640936,27.59042548597324,
2030-12-01 00:00:00,18.077132702466834,10.367072327724317,25.812429836520202,
2030-12-08 00:00:00,16.71481829134625,9.047178737508974,24.97090767064461,
2030-12-15 00:00:00,16.286430928907897,8.874942178256251,24.371434669587593,
2030-12-22 00:00:00,16.461874995929072,7.770049117827053,25.002241267803498,
2030-12-29 00:00:00,16.53740737486911,9.000249939015724,23.896269058661424,
2031-01-05 00:00:00,16.250754401563377,8.439316785863543,24.40641673062117,
2031-01-12 00:00:00,15.925895664708433,7.923492748248516,24.151367788901855,
2031-01-19 00:00:00,15.909775628023661,8.328232321912886,23.86486806733639,
2031-01-26 00:00:00,16.110471999836506,8.251036469941301,24.384501542432773,
2031-02-02 00:00:00,16.222282513164636,7.691332716239096,24.19286899453599,
2031-02-09 00:00:00,16.26762863800257,8.406926716289398,24.354486271004372,
2031-02-16 00:00:00,16.656982488399514,7.97121130541224,25.1330489637412,
2031-02-23 00:00:00,17.621716296563697,10.212611670967465,25.823421483820628,
2031-03-02 00:00:00,18.75072720582351,10.65737973648752,26.725807035849755,
2031-03-09 00:00:00,19.296934874395085,11.360321752317377,27.159273291506423,
2031-03-16 00:00:00,18.96135351290105,11.243567941727719,26.681820173955774,
2031-03-23 00:00:00,18.22825974250079,10.030249920125941,25.960074993593484,
2031-03-30 00:00:00,17.844982038135058,8.882964132760211,25.71469468574422,
2031-04-06 00:00:00,18.074777640761106,10.15675935496472,25.86340741037901,
2031-04-13 00:00:00,18.59430921060946,10.477330402031662,26.6010740280428,
2031-04-20 00:00:00,19.058925323218933,11.09386176395077,27.28879674395391,
2031-04-27 00:00:00,19.521289071148377,11.14809642693181,28.030349344660014,
2031-05-04 00:00:00,20.14864801993821,12.732302261993679,28.5968019326465,
2031-05-11 00:00:00,20.6933912064394,13.300321285016896,28.626068036459127,
2031-05-18 00:00:00,20.574915365684724,13.001047931070277,28.22968743860065,
2031-05-25 00:00:00,19.630517786625017,12.070696109153303,27.644812156833105,
2031-06-01 00:00:00,18.58796454897253,10.319201400453135,26.486841784612984,
2031-06-08 00:00:00,18.472208057777937,10.493663491822815,27.060498055813472,
2031-06-15 00:00:00,19.433651812242765,11.031940443495435,27.503144041332977,
2031-06-22 00:00:00,20.34737339032847,12.507466731782422,28.33423864097142,
2031-06-29 00:00:00,19.820286893903038,11.51489579975146,28.274885003390107,
2031-07-06 00:00:00,17.661579720572064,9.232224012152187,25.871442900069173,
2031-07-13 00:00:00,15.245684601129652,6.996646918565193,23.676496305859544,
2031-07-20 00:00:00,14.314960732907878,6.173663341958338,22.715174759454563,
2031-07-27 00:00:00,15.414737279293293,6.961530279974984,23.51305478497621,
2031-08-03 00:00:00,17.504883678533645,9.478369946656825,25.982399642168808,
2031-08-10 00:00:00,19.0163948132193,11.335805978572418,27.053588407026123,
2031-08-17 00:00:00,19.186650679624734,11.394972134650425,27.585546129391705,
2031-08-24 00:00:00,18.426071114126863,10.885662789123566,26.4562265727424,
2031-08-31 00:00:00,17.629386333665977,9.779610299840012,26.327019483597276,
2031-09-07 00:00:00,17.335083052832005,9.5264475550401,25.441148191782755,
2031-09-14 00:00:00,17.489684141409704,9.256966169206489,25.80279185755569,
2031-09-21 00:00:00,17.748185796843263,9.691470805635543,25.803504523186593,
2031-09-28 00:00:00,17.809591436202687,10.187206641521414,25.45994582717402,
2031-10-05 00:00:00,17.559715530858057,9.79829361816389,25.523386216449495,
2031-10-12 00:00:00,17.145116063237452,9.21655404701778,25.516171031997175,
2031-10-19 00:00:00,17.006775075299274,8.746504988017447,25.39693987390287,
2031-10-26 00:00:00,17.659713617622437,9.623591663978731,26.187925091329962,
2031-11-02 00:00:00,19.1871271907049,10.678898829265254,27.661264350940673,
2031-11-09 00:00:00,20.90931628888442,13.262233174000809,29.126783734678423,
2031-11-16 00:00:00,21.746333248617994,14.238753160639341,30.19089084673039,
2031-11-23 00:00:00,21.113207739518145,13.102037596501646,29.25198606033085,
2031-11-30 00:00:00,19.486818251485012,11.157591223846442,27.704551826585675,
2031-12-07 00:00:00,17.995156875834937,9.252148471764269,26.350147161936942,
2031-12-14 00:00:00,17.39987445877952,9.598471003250758,25.624907840134473,
2031-12-21 00:00:00,17.520629931088852,9.505347994081127,25.567926758761605,
2031-12-28 00:00:00,17.6532588319673,8.819889971396115,25.913243315164245,
2032-01-04 00:00:00,17.41944222264084,8.995717370597426,26.086978951042273,
2032-01-11 00:00:00,17.0674078710223,9.053012989023768,24.831065571633903,
2032-01-18 00:00:00,16.98906265569459,8.832134015591345,24.966881589785952,
2032-01-25 00:00:00,17.174906315740486,9.401913549006135,26.212612200469366,
2032-02-01 00:00:00,17.31564488854675,8.987253536900125,25.301043057453143,
2032-02-08 00:00:00,17.348859066755747,9.035233574679692,25.854235703390355,
2032-02-15 00:00:00,17.64535660718054,9.224236438333175,26.488802066424206,
2032-02-22 00:00:00,18.518013386488924,10.211190082767743,26.896320945862158,
2032-02-29 00:00:00,19.67269931153448,11.926721367499344,28.69713256031161,
2032-03-07 00:00:00,20.36717653136322,12.036934360670692,28.55650577913327,
2032-03-14 00:00:00,20.173599300430826,12.012959092713936,28.055271968371496,
2032-03-21 00:00:00,19.45292729502708,11.353071524596448,27.919432690891544,
2032-03-28 00:00:00,18.967385004745804,10.685432320975782,27.81434128376192,
2032-04-04 00:00:00,19.099768135907834,10.872741827403644,27.727642540769153,
2032-04-11 00:00:00,19.601119718938087,11.270241133985394,27.984189832571268,
2032-04-18 00:00:00,20.083467754264355,11.771738244374557,29.28564179095765,
2032-04-25 00:00:00,20.529157781109,12.301014639975335,29.256215320107433,
2032-05-02 00:00:00,21.12913947448194,12.842305576214834,29.84591009871262,
2032-05-09 00:00:00,21.72938028187933,13.524532191296032,29.8726311481493,
2032-05-16 00:00:00,21.764343161585803,13.785576141768342,30.094883041760948,
2032-05-23 00:00:00,20.938537738753205,13.581303611171574,28.293570642646383,
2032-05-30 00:00:00,19.831450928525044,11.781237212640333,28.231690855906507,
2032-06-06 00:00:00,19.50075303237415,11.73293638712742,27.810456507935783,
2032-06-13 00:00:00,20.321435431084822,12.31375884456909,28.925783458401586,
2032-06-20 00:00:00,21.359306418735027,12.89154022140874,29.830760067238028,
2032-06-27 00:00:00,21.15268119042752,12.865345630677695,29.671985621461342,
2032-07-04 00:00:00,19.221291252925127,11.124570284306696,27.711986996958924,
2032-07-11 00:00:00,16.710828465863308,8.354696172891812,25.018977291089133,
2032-07-18 00:00:00,15.425667375739769,7.400261037664515,23.763576782897854,
2032-07-25 00:00:00,16.200979688125678,7.921986152435387,24.049701520831643,
2032-08-01 00:00:00,18.234303507569393,10.00064550683038,27.389294648872177,
2032-08-08 00:00:00,19.940647523609346,12.145541353601322,27.88564759800125,
2032-08-15 00:00:00,20.349304648759833,12.021374580350997,29.200328011277147,
2032-08-22 00:00:00,19.69020838149423,11.75266497089169,28.10421846431639,
2032-08-29 00:00:00,18.84281131182324,10.967364136556057,27.722996519581823,
2032-09-05 00:00:00,18.447849659471906,10.31244824861806,26.315788225310044,
2032-09-12 00:00:00,18.544623110867377,10.094028008198404,27.40199200576369,
2032-09-19 00:00:00,18.810767681038858,10.759646106798083,27.190582311109978,
2032-09-26 00:00:00,18.922023991386364,10.502964897471214,26.848008910499104,
2032-10-03 00:00:00,18.72558764389655,10.572328448442992,27.089942961556197,
2032-10-10 00:00:00,18.315753971696765,10.380996366426892,26.624020855525693,
2032-10-17 00:00:00,18.086767565140974,9.911812394607434,26.58884200078202,
2032-10-24 00:00:00,18.572709375546886,10.141145019529512,26.469670834756105,
2032-10-31 00:00:00,19.97190791465397,11.904761929843637,28.28830066598777,
2032-11-07 00:00:00,21.73750493345629,13.58387884168287,29.961571803896454,
2032-11-14 00:00:00,22.80176201809647,14.621378651554812,31.127255345665144,
2032-11-21 00:00:00,22.427406242687542,13.255597184357313,30.42063469758859,
2032-11-28 00:00:00,20.90192668762097,12.289548718286639,28.718376158500465,
2032-12-05 00:00:00,19.306917833170708,11.171246573617339,28.215072570127855,
2032-12-12 00:00:00,18.537673966839932,10.041805317226741,26.998865656389633,
2032-12-19 00:00:00,18.5786856336059,10.277242252366545,26.759770790748757,
2032-12-26 00:00:00,18.755479600292837,10.418839878830083,27.05966978123825,
2033-01-02 00:00:00,18.583971182482063,10.375361676413931,26.599876607136984,
2033-01-09 00:00:00,18.218965202807745,9.88484000706554,26.66650825154339,
2033-01-16 00:00:00,18.07773972794474,10.001812750489261,26.01653066255515,
2033-01-23 00:00:00,18.23710975587121,9.922883539617507,27.05904764040226,
2033-01-30 00:00:00,18.404166511865967,10.051605333690228,27.338339888518764,
2033-02-06 00:00:00,18.43860340055279,10.898686797918351,26.85729894909284,
2033-02-13 00:00:00,18.653967124101214,10.40058983426567,27.414904963241963,
2033-02-20 00:00:00,19.424717990316505,11.00978430775303,27.667493848851024,
2033-02-27 00:00:00,20.579067435290526,11.942942171288415,29.583118733372913,
2033-03-06 00:00:00,21.406703895474536,13.019553138606488,29.505796653806613,
2033-03-13 00:00:00,21.367839166409702,12.451642991834305,29.420876247867458,
2033-03-20 00:00:00,20.686298664011872,12.160664337572019,28.708951692720678,
2033-03-27 00:00:00,20.111438281203284,11.340934305730425,28.74826757254466,
2033-04-03 00:00:00,20.136884572066805,11.707259831702807,28.841995447769285,
2033-04-10 00:00:00,20.60607393891472,12.459582273807927,29.455491594444467,
2033-04-17 00:00:00,21.106127463205887,12.5408721730501,28.915714452924938,
2033-04-24 00:00:00,21.543042817195765,13.866131878967902,30.621313140782647,
2033-05-01 00:00:00,22.111030185910728,14.405282494150098,30.722684072981767,
2033-05-08 00:00:00,22.746632480917015,14.834162745370918,31.76498739218909,
2033-05-15 00:00:00,22.923650698607588,15.273080463323174,31.408051820322076,
2033-05-22 00:00:00,22.236022633262532,13.397488731084104,31.187937061906286,
2033-05-29 00:00:00,21.101659980998154,12.236506759471999,29.713533877650946,
2033-06-05 00:00:00,20.569966989349318,12.434904978503656,29.082962888323447,
2033-06-12 00:00:00,21.217812791723105,12.796587108008918,29.642743854849716,
2033-06-19 00:00:00,22.328679189646195,14.3767809988456,30.89046903415861,
2033-06-26 00:00:00,22.425229235861572,13.39390852584619,30.584794551131406,
2033-07-03 00:00:00,20.76057325066516,12.62296854278787,29.002907943877563,
2033-07-10 00:00:00,18.217937414934966,9.783395313578907,26.765809817041777,
2033-07-17 00:00:00,16.60691407499266,7.584670002219071,24.95416320223,
2033-07-24 00:00:00,17.029557067273615,8.911304023947388,24.9329473320418,
2033-07-31 00:00:00,18.95136822371677,10.452859789661474,26.56918939738023,
2033-08-07 00:00:00,20.819968425061333,12.347665510184203,29.39048609971398,
2033-08-14 00:00:00,21.476124843604577,13.134382691700083,30.036403256557264,
2033-08-21 00:00:00,20.949190806029485,12.98795017829252,29.056119773979812,
2033-08-28 00:00:00,20.07245213480983,11.811368592479774,28.718285513712733,
2033-09-04 00:00:00,19.577250863814378,10.587038702762834,28.01895152881726,
2033-09-11 00:00:00,19.604874539357183,10.82727520569496,27.90789566991513,
2033-09-18 00:00:00,19.867939391264223,11.339183403943535,29.40455127517595,
2033-09-25 00:00:00,20.024024361628435,11.986950488878517,28.659113855531167,
2033-10-02 00:00:00,19.88380702474091,11.707218133871297,28.12286780107421,
2033-10-09 00:00:00,19.49165606252079,10.689872920007463,27.99807357848789,
2033-10-16 00:00:00,19.19042713150266,10.808088999349572,28.04066838446173,
2033-10-23 00:00:00,19.51699758641736,11.138883587029312,27.91112261826756,
2033-10-30 00:00:00,20.76998086666795,12.147550863396642,30.102798423011183,
2033-11-06 00:00:00,22.542427081203634,14.109832734618683,30.76901419805382,
2033-11-13 00:00:00,23.808301268624227,15.643485095843221,32.57101272214691,
2033-11-20 00:00:00,23.702541893766316,15.925421655948337,32.43821945059646,
2033-11-27 00:00:00,22.315403515588216,14.010746897218922,30.913816604724317,
2033-12-04 00:00:00,20.64776216094652,11.943401034718413,29.175027358858827,
2033-12-11 00:00:00,19.703252088546044,10.463985910448931,28.12245489281636,
2033-12-18 00:00:00,19.640404156199853,10.875922233192979,28.39092139062853,
2033-12-25 00:00:00,19.844597622238563,11.29856492291458,28.194800191008337,
2034-01-01 00:00:00,19.74156408888923,11.293766404254544,28.413769793735355,
2034-01-08 00:00:00,19.378788348109417,11.894710208646284,27.83064449762636,
2034-01-15 00:00:00,19.177194403705364,10.638436128417876,27.907061459912974,
2034-01-22 00:00:00,19.2990690840957,10.813414471717879,27.853956385461338,
2034-01-29 00:00:00,19.48698729008789,11.079820277809162,27.94290198779257,
2034-02-05 00:00:00,19.53386213494234,10.44117472004336,27.626394586899057,
2034-02-12 00:00:00,19.681954560286748,10.666854286500769,28.41173961856254,
2034-02-19 00:00:00,20.345342967037674,12.413371609891097,28.773909324902483,
2034-02-26 00:00:00,21.474532436085322,13.54980131606036,29.586038877713303,
2034-03-05 00:00:00,22.416282367394793,13.659828215830434,31.194402736091245,
2034-03-12 00:00:00,22.54000335383415,13.81523598486686,31.59797186651581,
2034-03-19 00:00:00,21.92389894790982,12.952057623036797,30.26191262766356,
2034-03-26 00:00:00,21.276646697304173,12.48126382570705,29.901097333263383,
2034-04-02 00:00:00,21.188884920383718,12.575597253136317,29.771632019123,
2034-04-09 00:00:00,21.610923009794206,13.541712243153171,30.529318563465583,
2034-04-16 00:00:00,22.1258015787272,13.785903191951517,31.192931129840304,
2034-04-23 00:00:00,22.561914353685992,13.779240608623471,31.263435507580077,
2034-04-30 00:00:00,23.096615063960964,14.031989971682794,32.248138225351525,
2034-05-07 00:00:00,23.749020470841625,15.335085419423333,32.09959554932563,
2034-05-14 00:00:00,24.05289299821604,15.211027348501863,32.78256342370597,
2034-05-21 00:00:00,23.517241866798315,15.06542268477565,32.18732224221159,
2034-05-28 00:00:00,22.392405196327623,13.666856500490507,30.933070923479065,
2034-06-04 00:00:00,21.68068207042399,12.97484094316845,30.307985363420574,
2034-06-11 00:00:00,22.13131871025041,13.97247275856622,31.219257723399686,
2034-06-18 00:00:00,23.26359114772864,14.729194382898374,32.073279458040574,
2034-06-25 00:00:00,23.636762070551825,15.33793980117792,32.392387684996365,
2034-07-02 00:00:00,22.269093708592514,13.768737167525988,30.670916994860157,
2034-07-09 00:00:00,19.756868669609894,11.049681430738374,28.99742396778901,
2034-07-16 00:00:00,17.857855449276585,9.783608053881224,26.612875258052867,
2034-07-23 00:00:00,17.90886965493071,8.98825586904,26.936225824794807,
2034-07-30 00:00:00,19.665454935354973,11.062762014247513,28.941198578409896,
2034-08-06 00:00:00,21.6570849270505,13.29175095280882,30.493447675508275,
2034-08-13 00:00:00,22.562958364600235,14.454633556042392,31.185577154037453,
2034-08-20 00:00:00,22.197475115058666,13.855492660201609,31.433005191186417,
2034-08-27 00:00:00,21.316043121712127,12.563018653673033,30.2094419893582,
2034-09-03 00:00:00,20.724490006035282,11.717796175778949,28.67886805647165,
2034-09-10 00:00:00,20.67268694175521,11.999180619561113,29.744453495489047,
2034-09-17 00:00:00,20.92125882394079,12.521627906053467,30.096812672562706,
2034-09-24 00:00:00,21.1159925786257,12.255491152012347,30.201542676046323,
2034-10-01 00:00:00,21.033170576067263,12.521050862183788,29.766635228311674,
2034-10-08 00:00:00,20.669814175729936,11.672223487401602,29.080299948207347,
2034-10-15 00:00:00,20.314682599576322,11.539638902307932,28.190948497446644,
2034-10-22 00:00:00,20.492859392259078,11.744590416135262,29.099713040959788,
2034-10-29 00:00:00,21.586504634276473,12.808553791767551,30.61674720057132,
2034-11-05 00:00:00,23.330800990901928,14.137095011481156,31.87766660687794,
2034-11-12 00:00:00,24.768302936467588,15.835087422991585,33.15363983436236,
2034-11-19 00:00:00,24.934114887635022,16.778243409915667,34.17705611559501,
2034-11-26 00:00:00,23.719952767011943,14.424940146656489,32.27581552657389,
2034-12-03 00:00:00,22.014224516183376,12.930893869961231,30.490758299060186,
2034-12-10 00:00:00,20.899240891644762,11.889501820322458,29.743690764864912,
2034-12-17 00:00:00,20.710428339768107,11.74365147156593,29.75402566976573,
2034-12-24 00:00:00,20.92196357462109,12.514362194394188,29.468890939864398,
2034-12-31 00:00:00,20.8897549027414,11.817971309431961,30.065988320840603,
2035-01-07 00:00:00,20.544626732141346,12.580793961587126,29.770550176055053,
2035-01-14 00:00:00,20.288319708121733,11.938794844392653,29.938054423411188,
2035-01-21 00:00:00,20.36297376243829,11.72650022120726,29.666018911384963,
2035-01-28 00:00:00,20.563858311287163,12.160066750432135,29.595216024759978,
2035-02-04 00:00:00,20.631746183274906,11.803462706314399,29.77560231518281,
2035-02-11 00:00:00,20.727775600655292,12.04637553700978,29.536676159206564,
2035-02-18 00:00:00,21.282704768172426,12.710131586116537,30.842036636096037,
2035-02-25 00:00:00,22.363991174829444,14.519317927070947,31.391819919800607,
2035-03-04 00:00:00,23.39762739161148,14.563642417352694,32.76359381611364,
2035-03-11 00:00:00,23.686669447114298,14.565519515383683,32.81405227051894,
2035-03-18 00:00:00,23.160909979943717,14.582605414617113,32.569069458826434,
2035-03-25 00:00:00,22.46168688286543,14.484611311280695,30.858212938267993,
2035-04-01 00:00:00,22.25823001873833,13.553402183164978,31.785862961246284,
2035-04-08 00:00:00,22.617874747155895,14.128276595576294,31.505381879346583,
2035-04-15 00:00:00,23.141794006722968,14.505724663066335,32.8746140707103,
2035-04-22 00:00:00,23.5844099174505,14.769484643323127,33.17829012755004,
2035-04-29 00:00:00,24.087547421188557,15.685099919427934,32.75469223181152,
2035-05-06 00:00:00,24.740505049754,15.889108690715089,34.06149562340936,
2035-05-13 00:00:00,25.153146121817183,16.58337972585874,34.54806041419916,
2035-05-20 00:00:00,24.777301458730204,16.074939351267,33.83088717105936,
2035-05-27 00:00:00,23.69696981068984,14.92846130242079,32.97120527201734,
2035-06-03 00:00:00,22.83214052981807,14.648844454251538,32.01979360108612,
2035-06-10 00:00:00,23.069514887414403,14.246580451319176,32.03910263508075,
2035-06-17 00:00:00,24.173000466063158,15.394719817177657,33.49810475963588,
2035-06-24 00:00:00,24.788091736822032,16.450405665485647,33.892526222880576,
2035-07-01 00:00:00,23.737649311089648,14.519474894302983,32.37266098175209,
2035-07-08 00:00:00,21.31661536135894,12.62026468032143,30.39444245764429,
2035-07-15 00:00:00,19.175671014637636,10.3105808426739,28.13937802586457,
2035-07-22 00:00:00,18.846130754217995,10.046170881623931,28.009093278816927,
2035-07-29 00:00:00,20.386473236969188,11.072929802980596,29.636236524572105,
2035-08-05 00:00:00,22.456170174520278,13.434846355593784,31.109087911546844,
2035-08-12 00:00:00,23.606563087610642,14.11162755029314,32.23214180966204,
2035-08-19 00:00:00,23.429318497778848,14.6357298184842,32.53365568800647,
2035-08-26 00:00:00,22.57058855040779,13.539737521055425,31.103195770769716,
2035-09-02 00:00:00,21.89030443398027,12.767220889557802,31.11933053917939,
2035-09-09 00:00:00,21.750296883754615,13.300099269113247,31.129495417308686,
2035-09-16 00:00:00,21.97246237109743,13.374970420963379,30.92924207675709,
2035-09-23 00:00:00,22.198556809871377,13.5393359918517,31.15041947422688,
2035-09-30 00:00:00,22.17280471503196,12.89085302456539,31.39473017074911,
2035-10-07 00:00:00,21.84748836115412,12.239628314807542,31.024401580360653,
2035-10-14 00:00:00,21.456239077015965,11.900990199981216,30.4376891396282,
2035-10-21 00:00:00,21.499752563849533,12.965594397495867,30.371608456541836,
2035-10-28 00:00:00,22.42586422098872,13.267142765959969,31.89682123991883,
2035-11-04 00:00:00,24.109498615036507,15.074354199556407,32.86873556952173,
2035-11-11 00:00:00,25.68525745080007,17.126288388602855,35.38751667199132,
2035-11-18 00:00:00,26.118727637202383,17.56298603619181,34.98745905772917,
2035-11-25 00:00:00,25.108269501090312,16.088259601834626,33.754089335595026,
2035-12-02 00:00:00,23.40179157098562,14.423100540371614,32.55155459721299,
2035-12-09 00:00:00,22.127335674763128,13.266553645761807,31.285043060434955,
2035-12-16 00:00:00,21.793494275579974,13.122950363868942,30.671750602181806,
2035-12-23 00:00:00,21.98973506120445,13.10276646545632,31.049999266080476,
2035-12-30 00:00:00,22.02653507849862,12.993072205592123,30.615140234613133,
2036-01-06 00:00:00,21.713863294405837,12.991057878142762,30.51882522504759,
2036-01-13 00:00:00,21.41144605438216,12.522712962247063,30.762185252224665,
2036-01-20 00:00:00,21.43107975128573,12.31285595061836,30.61831844008029,
2036-01-27 00:00:00,21.63513326428043,13.034352828732162,30.604910394353922,
2036-02-03 00:00:00,21.729620124163795,13.47578027871015,30.58527387241228,
2036-02-10 00:00:00,21.789312832457625,13.132723425284183,31.386017537246023,
2036-02-17 00:00:00,22.238843678510232,13.270677763342837,31.304138168029493,
2036-02-24 00:00:00,23.25234915984231,13.898429548898672,32.862050644763585,
2036-03-02 00:00:00,24.35333459217194,14.803565107238764,33.355894307027185,
2036-03-09 00:00:00,24.80519587691532,15.33783253322192,34.62247096757347,
2036-03-16 00:00:00,24.392344186406014,15.49234161437712,33.78742819713361,
2036-03-23 00:00:00,23.66441554092333,15.267687160837067,32.84700420613096,
2036-03-30 00:00:00,23.34693682550994,14.412115203145547,32.88852639667873,
2036-04-06 00:00:00,23.629498034525092,14.78506194843148,32.93603683791342,
2036-04-13 00:00:00,24.153897589392805,15.144342815926066,33.53129664790883,
2036-04-20 00:00:00,24.60897034768932,15.754459873178881,33.67502734626148,
2036-04-27 00:00:00,25.084817091781126,15.825405182571338,35.08550937532352,
2036-05-04 00:00:00,25.724949150797176,16.29600359564126,35.03869551480352,
2036-05-11 00:00:00,26.226392447541322,16.386909611303352,35.21904172985331,
2036-05-18 00:00:00,26.012286875587026,16.640116772256718,35.603033596033775,
2036-05-25 00:00:00,25.00838275888721,16.63361272329999,34.783340492073634,
2036-06-01 00:00:00,24.02208224005613,14.474278693982495,33.15859366275076,
2036-06-08 00:00:00,24.038749134977497,14.684989210218003,33.78836203591708,
2036-06-15 00:00:00,25.066388432366324,15.843410708606811,35.04075056935355,
2036-06-22 00:00:00,25.881944297034252,17.408572478440377,34.981244028697915,
2036-06-29 00:00:00,25.158452474759404,15.606205033109752,34.549182081956545,
2036-07-06 00:00:00,22.885654984036588,14.356973682931006,32.792987200258715,
2036-07-13 00:00:00,20.555626804792468,11.807402298590354,29.573601593594105,
2036-07-20 00:00:00,19.847107969498698,11.032305640818729,29.961202077683044,
2036-07-27 00:00:00,21.124572923749938,12.132040141291363,30.030845700529323,
2036-08-03 00:00:00,23.222790866409362,14.122249645554788,32.77779678409814,
2036-08-10 00:00:00,24.60478380563386,15.967541721326766,34.39720116912503,
2036-08-17 00:00:00,24.638959335657063,15.206508556012166,34.029080715283555,
2036-08-24 00:00:00,23.832389894659453,15.560500076280794,32.943385258183696,
2036-08-31 00:00:00,23.07488334463636,13.282956934441351,32.714860688944256,
2036-09-07 00:00:00,22.839862349985474,13.289812347110988,33.01536253156685,
2036-09-14 00:00:00,23.023450125449383,13.926777167397546,33.08093515871427,
2036-09-21 00:00:00,23.27256168558628,13.894005272184007,32.32413845975141,
2036-09-28 00:00:00,23.30214806141137,14.256950213203552,32.976053971471856,
2036-10-05 00:00:00,23.0222468350372,13.87240124231187,32.723524822592,
2036-10-12 00:00:00,22.611692756918274,13.94867122437768,32.433237059998156,
2036-10-19 00:00:00,22.536392015955126,13.276021712706179,31.654930296281417,
2036-10-26 00:00:00,23.291590251493655,14.004896578058972,33.290174731398565,
2036-11-02 00:00:00,24.885340932755526,15.495292500995907,34.336912321843,
2036-11-09 00:00:00,26.563669036611916,17.40292910059346,36.26701515530411,
2036-11-16 00:00:00,27.254188024153574,18.043767390960525,36.7870673713434,
2036-11-23 00:00:00,26.473274790133264,17.20529345649973,35.763853514765145,
2036-11-30 00:00:00,24.805021073073554,15.114097923012071,34.373228852458254,
2036-12-07 00:00:00,23.388181154730397,13.80352314697781,33.39550581449805,
2036-12-14 00:00:00,22.89423214748806,14.223919265249432,32.52665640075196,
2036-12-21 00:00:00,23.050822754084173,14.264571458838834,32.551078816456155,
2036-12-28 00:00:00,23.150483195267185,13.18880239099278,32.48263298494015,
2037-01-04 00:00:00,22.883642136511547,13.794599289908799,32.25685804463467,
2037-01-11 00:00:00,22.546302977150706,13.772740909139099,31.433552260953405,
MAE,4.076685170581135,,,
RMSE,6.041064610101102,,,
