ds,yhat,yhat_lower,yhat_upper,actual
2001-01-07 00:00:00,19.668904942204634,9.07544774671809,31.211294701964153,2.0635282897144904
2001-01-14 00:00:00,19.3269362302538,7.737642627926966,30.654743669168507,4.312072494613648
2001-01-21 00:00:00,19.968718783876675,8.262265212292757,30.439988407400012,5.955668896963222
2001-01-28 00:00:00,21.10993687595304,10.52221584096455,33.03931921399912,6.47809731870864
2001-02-04 00:00:00,22.048173888585545,10.961907879612461,32.68641301334378,36.54147380460304
2001-02-11 00:00:00,22.28753367787614,10.792803248008964,33.642842320769,27.19770933957185
2001-02-18 00:00:00,21.81938534211501,11.272758770784273,32.40626389245299,20.42621805855192
2001-02-25 00:00:00,21.071254046726157,9.995601533258114,32.51193469002021,19.2861177972732
2001-03-04 00:00:00,20.565557089121256,10.192645387701617,31.416275539311325,11.716461380874904
2001-03-11 00:00:00,20.570997939260906,9.294949252215366,31.601038127026417,16.11713110015455
2001-03-18 00:00:00,21.028238659635672,10.33262040376127,32.776459356461906,19.013594300390714
2001-03-25 00:00:00,21.747910508749037,10.465707803618697,32.76962473817176,18.98559821857984
2001-04-01 00:00:00,22.605702058108047,12.308092147617538,34.220685029994,41.637735302238255
2001-04-08 00:00:00,23.51309954870311,12.828275775200005,34.398026568607904,27.89614272468889
2001-04-15 00:00:00,24.26422812089317,13.174748595246617,35.72012009748839,18.008560981353675
2001-04-22 00:00:00,24.54785108286753,14.168772318838608,35.71015471114172,15.909079991719189
2001-04-29 00:00:00,24.209458644303503,13.242806138606616,35.28856988609455,7.061311282015669
2001-05-06 00:00:00,23.484683811695614,12.820951963480082,33.789510387794415,11.01771868945018
2001-05-13 00:00:00,22.872966697433796,11.224992172707562,34.1400772098593,14.04309277598645
2001-05-20 00:00:00,22.700226757820168,11.14335531322443,34.23817278455286,14.9012952525477
2001-05-27 00:00:00,22.809111898725952,11.69294641182688,33.78033582326904,32.84042661366654
2001-06-03 00:00:00,22.731279923620484,11.239121533766022,33.558333204290186,25.26712719216757
2001-06-10 00:00:00,22.18925609304293,10.739121789938949,33.48638585277958,19.112650853144523
2001-06-17 00:00:00,21.40668577106939,10.319783572580503,32.58194522247015,16.826630341021378
2001-06-24 00:00:00,20.900359188535116,10.623898530016705,31.662343836602652,10.753256222851803
2001-07-01 00:00:00,20.973323084682995,9.465327078408677,32.35896989123186,13.589686596279842
2001-07-08 00:00:00,21.423443387318528,9.618281175861128,31.544611076020768,15.799856659783336
2001-07-15 00:00:00,21.728940204952508,10.594353138857326,33.09421479815683,16.285301521085017
2001-07-22 00:00:00,21.492298735017727,10.37950972966849,32.64517092999327,23.388648906972893
2001-07-29 00:00:00,20.73785301726462,10.02546603884022,31.32487696858334,19.238312098641856
2001-08-05 00:00:00,19.88472094730634,7.977507441902429,31.109626230584453,16.346359783780407
2001-08-12 00:00:00,19.51103844458943,8.11617783876075,30.94035767484018,16.264147210604854
2001-08-19 00:00:00,20.07404487714362,9.286895057777322,31.579939394042306,9.632318810861262
2001-08-26 00:00:00,21.642676121111887,10.675942332727253,32.102969548278885,12.339957696231366
2001-09-02 00:00:00,23.710991599490395,11.82266577648972,33.81170426322221,15.554431895829165
2001-09-09 00:00:00,25.29350154765298,14.056863428148532,36.23602278249571,18.901392597078203
2001-09-16 00:00:00,25.449091826863423,14.971994544910945,36.45218526835522,24.70635551260856
2001-09-23 00:00:00,23.995418189259833,12.94319950691525,35.69459762076464,28.458566536926103
2001-09-30 00:00:00,21.815650078450563,11.180174571678528,33.17961140820172,30.30532961501178
2001-10-07 00:00:00,20.337818770544345,9.521648488323123,31.102065244697094,29.38595033545356
2001-10-14 00:00:00,20.481026517001883,9.645153031123787,31.615889520260012,56.25421356846456
2001-10-21 00:00:00,21.943460053753363,10.761454143853037,32.546184075838234,43.052698446482346
2001-10-28 00:00:00,23.4912186296187,12.588604136616143,35.14411878349475,32.4310641355232
2001-11-04 00:00:00,24.014421484896722,11.527301209937992,34.593564534250135,28.14164384952988
2001-11-11 00:00:00,23.406726272051884,11.757603872504449,34.99068645773573,16.76734660104353
2001-11-18 00:00:00,22.50963698133569,11.180762456698483,33.245542353583545,20.930703054354247
2001-11-25 00:00:00,22.251868200505324,11.362255802177431,33.58339517331229,23.78447627635074
2001-12-02 00:00:00,22.819495735368196,11.888654589200677,33.61594394574256,23.15962606825148
2001-12-09 00:00:00,23.56720304414005,12.17427525184382,34.73195999755309,43.49754704466088
2001-12-16 00:00:00,23.641270601261304,13.31447777904219,34.26144558788001,27.36645052742819
2001-12-23 00:00:00,22.694441889399624,10.384844299715368,33.491435929064956,15.557357970197408
2001-12-30 00:00:00,21.120350641620725,9.328276098794902,32.208574093867995,13.769006457713523
2002-01-06 00:00:00,19.729083388703625,8.457544917000487,30.202021094288636,5.239116186547255
2002-01-13 00:00:00,19.19893696273102,8.66470256596543,30.666290322029447,9.272995846758274
2002-01-20 00:00:00,19.688008976919143,8.148181360165221,29.631262967839145,12.42717095872936
2002-01-27 00:00:00,20.79087395589444,9.996993251596415,31.869373582523714,13.136862007965105
2002-02-03 00:00:00,21.81287288282754,11.214982013461821,32.54286887200635,43.32309973368065
2002-02-10 00:00:00,22.193177470667706,10.656643406405152,32.93850301581013,28.461830504099726
2002-02-17 00:00:00,21.829216606370515,10.491090885260594,32.987312816096654,16.14774356985151
2002-02-24 00:00:00,21.090007930931364,10.75263741742787,31.696273493409077,12.257688192368107
2002-03-03 00:00:00,20.511010940020455,9.214323623612778,32.37544438681188,4.787262994514595
2002-03-10 00:00:00,20.42166118353002,9.497961178270229,32.032438884018305,8.299676449202265
2002-03-17 00:00:00,20.81184039902682,9.401322850934694,32.258708519290835,12.05182469922612
2002-03-24 00:00:00,21.49671163760486,10.316086780263937,32.4223838313718,14.937380857057011
2002-03-31 00:00:00,22.335297091961273,11.180429620057105,32.84227825665985,26.743692407716235
2002-04-07 00:00:00,23.244067390130837,12.558927518256086,34.91561076183855,28.48983064193692
2002-04-14 00:00:00,24.045271525661953,13.18037946175035,35.35089000707963,28.47462457567823
2002-04-21 00:00:00,24.43257866729185,13.175206760199922,34.90812793989544,26.50125037466861
2002-04-28 00:00:00,24.200125364677373,13.495703819715091,35.24267175164038,44.07976645618779
2002-05-05 00:00:00,23.510466052325885,12.597275653499505,34.29644148360531,33.22755103753831
2002-05-12 00:00:00,22.84345382017674,11.725124219879994,34.303436209414755,26.10915655491277
2002-05-19 00:00:00,22.589134427005433,11.22221667502438,33.16362033004549,26.83099595136112
2002-05-26 00:00:00,22.67905400751703,12.02977100823809,34.42205513662962,13.02891866613966
2002-06-02 00:00:00,22.667048591225015,11.080961686873898,33.86531656835479,18.76434197236483
2002-06-09 00:00:00,22.206283022160818,10.799215038329137,32.63745180768255,23.45806153954985
2002-06-16 00:00:00,21.430923081202113,10.03991403774648,31.655305626601027,24.900966821945666
2002-06-23 00:00:00,20.840526239298267,9.81390513691821,31.358702894528854,59.01266504426126
2002-06-30 00:00:00,20.810078255743257,10.20601125336769,31.995618496540164,46.49329108342322
2002-07-07 00:00:00,21.227403945132004,9.199911235028603,32.60233775088494,32.77591554261702
2002-07-14 00:00:00,21.597125048242603,11.214088422208519,33.32215757474769,22.022707329698505
2002-07-21 00:00:00,21.469108019006573,11.27894439811288,32.033698100643285,21.975025068521955
2002-07-28 00:00:00,20.7853092828671,9.921378237905092,31.894268193834687,14.86652328232301
2002-08-04 00:00:00,19.908282953851124,8.367010162465633,30.30418005912668,13.775973219429934
2002-08-11 00:00:00,19.408346073792856,8.596171860910946,30.621089076180773,19.515731429725097
2002-08-18 00:00:00,19.78454419182841,8.460454090821663,30.12813756225377,5.771984615585402
2002-08-25 00:00:00,21.193104890445735,9.937926115025416,32.10973028769722,9.131805017465071
2002-09-01 00:00:00,23.235100790526815,12.031232154600275,35.30141545059928,11.968490483916748
2002-09-08 00:00:00,24.9843204073415,14.334862562138843,35.734941639063706,13.203864883032775
2002-09-15 00:00:00,25.438073307076753,13.807860224251073,36.94996290866794,39.65579448221134
2002-09-22 00:00:00,24.235837973549067,12.923229574624639,35.27196289285709,33.72283289502301
2002-09-29 00:00:00,22.083918690862625,10.910531648784495,33.52527288503968,26.50032525558569
2002-10-06 00:00:00,20.384778705052582,8.73734792724234,31.68567346178459,20.34948136717996
2002-10-13 00:00:00,20.222903627135842,9.774419589833233,31.40552606176763,24.100338457364263
2002-10-20 00:00:00,21.524965245780265,9.849239815767403,32.57138494568572,17.989966676614927
2002-10-27 00:00:00,23.15787543381304,12.878698368435149,34.09704659664769,14.360140604547604
2002-11-03 00:00:00,23.90626548205953,12.732515500939792,34.815620416581694,13.682807261473204
2002-11-10 00:00:00,23.45762353078878,12.767447162713223,35.27372291908823,5.253634773024285
2002-11-17 00:00:00,22.532948589574403,12.0922423759881,33.36509226645562,6.930199961037515
2002-11-24 00:00:00,22.119611742404892,10.445119427041366,32.94390458103689,8.85106233308627
2002-12-01 00:00:00,22.568599700331376,11.614801679302063,33.88912921679997,10.52411793285193
2002-12-08 00:00:00,23.351604778662804,12.955681238162757,34.41428466380022,14.293277771854902
2002-12-15 00:00:00,23.59275558357338,13.026358287885904,34.757202556987465,15.66231149010144
2002-12-22 00:00:00,22.819052450557948,11.466223302771853,33.28940755946811,16.50212278838557
2002-12-29 00:00:00,21.302457092776017,10.30955655602026,32.704322970748805,16.66031894965809
2003-01-05 00:00:00,19.81818890152339,7.549032600295764,30.0043674368901,23.991342663796747
2003-01-12 00:00:00,19.105003221054325,7.931872554438078,29.567420000694355,22.226917533634488
2003-01-19 00:00:00,19.427671241696164,8.796585051071014,30.86964166672686,20.048809554047835
2003-01-26 00:00:00,20.468853672938565,9.533904889505546,31.436858710888806,17.89030424852094
2003-02-02 00:00:00,21.55581257756405,10.776780620667704,32.27736375562495,16.68042489003313
2003-02-09 00:00:00,22.073749412220295,11.729897347815408,33.463491168246065,14.57522719059845
2003-02-16 00:00:00,21.82662649381168,10.334878471103014,32.74859730503918,14.380546205120464
2003-02-23 00:00:00,21.114498270874513,10.636280844844677,31.79369547564808,17.481832714247954
2003-03-02 00:00:00,20.47307455750159,10.828295479792265,31.59524412868897,10.765380470317137
2003-03-09 00:00:00,20.288084466919685,9.1823700819397,30.961359532052725,15.02101897943735
2003-03-16 00:00:00,20.604635743183312,9.117613549143075,32.084559790511975,18.365566129517017
2003-03-23 00:00:00,21.250192917150365,9.256081487153203,32.760428361212476,18.966065420728498
2003-03-30 00:00:00,22.067421622206048,11.02804762204684,32.40268084421869,52.89508288160719
2003-04-06 00:00:00,22.972051746493193,12.04376918499607,35.00262486757964,37.63621148137136
2003-04-13 00:00:00,23.81288160069471,12.752641568303313,34.42816287633873,22.23130917467348
2003-04-20 00:00:00,24.296465396870765,13.876161930461464,36.14452972701294,13.473457462347996
2003-04-27 00:00:00,24.175245270994026,13.06464740868959,35.29630831334079,6.121140817544941
2003-05-04 00:00:00,23.5372127187237,12.247531940681027,34.09113515480992,8.606405751745076
2003-05-11 00:00:00,22.828464849681772,11.687108930410176,33.541191131532514,12.2583484665735
2003-05-18 00:00:00,22.49015579469887,11.192066666742813,32.8236342685108,15.092791964136484
2003-05-25 00:00:00,22.545451931732327,11.475493893094137,34.14156527938779,14.68844909042488
2003-06-01 00:00:00,22.587064839529788,11.162564297375726,33.31619087988291,15.63112603183017
2003-06-08 00:00:00,22.21218537387093,11.433831781941159,34.093208043916206,16.175797530303257
2003-06-15 00:00:00,21.46143403926444,10.263928127887889,32.66914198405871,16.622658347441696
2003-06-22 00:00:00,20.799993763729,9.47150038862554,32.48028863705914,20.936458653246483
2003-06-29 00:00:00,20.662225066222447,9.725950940175725,31.87724876389348,21.26006692621342
2003-07-06 00:00:00,21.029689227629788,9.171375414200241,32.161266024588144,21.24953451878969
2003-07-13 00:00:00,21.448299472299077,10.132139879713138,33.37564868091656,20.71131390175041
2003-07-20 00:00:00,21.427025657671244,10.59632236323891,32.70731151723058,22.251768519439896
2003-07-27 00:00:00,20.826056387002637,10.244551606957428,32.046226635412495,20.50845832725432
2003-08-03 00:00:00,19.944057684763663,9.25151177838832,31.02544261987541,19.804950794599574
2003-08-10 00:00:00,19.33448299261134,7.9120685018913415,29.84409254155282,21.59219635870622
2003-08-17 00:00:00,19.529469944935684,8.335634440809375,31.468986143533836,15.900468253072694
2003-08-24 00:00:00,20.765254397536737,9.631490221276605,31.59473813550319,20.02270746828652
2003-08-31 00:00:00,22.750190906860723,11.314029740958432,34.600381783070105,23.58256507072592
2003-09-07 00:00:00,24.632076387510764,13.35888155034907,35.847652543325204,24.65163320791488
2003-09-14 00:00:00,25.37119146971634,14.18299544677381,37.096958345604946,44.575506490164095
2003-09-21 00:00:00,24.443919236667426,13.808471512245857,35.707413786920355,36.95851247196373
2003-09-28 00:00:00,22.367504898740897,10.75821066799591,33.279173226319244,29.246975470890263
2003-10-05 00:00:00,20.48411044576278,9.196535670580172,30.89000641581849,25.97473856698192
2003-10-12 00:00:00,20.014542213280862,8.783889466451662,31.779342619806815,16.340983613773357
2003-10-19 00:00:00,21.117234054863893,9.763404485533435,32.73676308618248,19.849006302478227
2003-10-26 00:00:00,22.79365884477216,11.659485958352732,33.636109800915335,24.42694871276733
2003-11-02 00:00:00,23.75692158774731,13.21264555476741,34.99804487507883,28.44016937098108
2003-11-09 00:00:00,23.49260894608986,12.321081975548871,33.54499753772847,33.849357322909505
2003-11-16 00:00:00,22.574473323906325,11.32122369189889,33.5368814692348,36.72368068018329
2003-11-23 00:00:00,22.01742201277221,10.41078703366292,33.57380711018154,37.875737416085
2003-11-30 00:00:00,22.329325813952895,11.445479569940156,33.75971790693789,36.26902458082223
2003-12-07 00:00:00,23.117521675155267,12.480954660341299,34.80709033663191,60.14550088715151
2003-12-14 00:00:00,23.50973495392713,12.024929020640519,33.5392198893753,46.7246604304846
2003-12-21 00:00:00,22.918572799664837,11.896078795758733,34.697773966468866,33.60551209077007
2003-12-28 00:00:00,21.48573547106175,11.202016030675317,31.696983281058106,26.506403591593823
2004-01-04 00:00:00,19.933227120385794,9.419895432298759,30.63617897358464,14.735700214278618
2004-01-11 00:00:00,19.04571987432991,8.270117764960606,30.246388744359383,17.78741511910801
2004-01-18 00:00:00,19.19122847918272,7.599976445888974,30.22255876821419,21.723359314868528
2004-01-25 00:00:00,20.148126950010663,9.4497363821716,30.32720541344763,23.67849435174485
2004-02-01 00:00:00,21.279423454709402,9.33348223956023,31.476570913116625,30.33709821353246
2004-02-08 00:00:00,21.928516584880036,11.497041309618242,33.41445003586805,27.42266794204465
2004-02-15 00:00:00,21.808551663618662,10.118798641129084,32.49160583885768,23.20143004754806
2004-02-22 00:00:00,21.141708617437363,10.012360636620729,33.265700835417036,19.228049796874814
2004-02-29 00:00:00,20.4506979836815,9.221550398948512,31.5487727292093,21.08700446653604
2004-03-07 00:00:00,20.1711039439921,9.287189550606536,31.156443150782984,16.64994363359328
2004-03-14 00:00:00,20.40780550484923,9.884553284487016,31.465533042839724,14.083084191176775
2004-03-21 00:00:00,21.008872837160958,10.394694226250728,32.33519098129294,14.972798708693915
2004-03-28 00:00:00,21.802531442191007,10.550589483880419,32.5886985604701,6.797817713920557
2004-04-04 00:00:00,22.698482606370682,10.702986324686261,34.122716697669915,9.567351408343178
2004-04-11 00:00:00,23.56903164399405,12.744480142539409,34.95973128683501,12.75350395248519
2004-04-18 00:00:00,24.140095518432922,13.233844186595084,34.36586688600967,15.409880925251075
2004-04-25 00:00:00,24.132801187330035,12.939691794425835,35.34289008502688,26.381565526577493
2004-05-02 00:00:00,23.561691559268827,12.560283713933828,35.72085416838338,28.6038077278608
2004-05-09 00:00:00,22.82652733509611,12.009775602467458,34.192199040503475,29.17000757048524
2004-05-16 00:00:00,22.405021692702515,11.17041186755352,33.48186263668529,27.16600417507649
2004-05-23 00:00:00,22.411404794875182,12.050721534281477,33.45746501008791,52.150195426766885
2004-05-30 00:00:00,22.492470563486684,11.181419532454157,33.69028962979937,35.55920476532837
2004-06-06 00:00:00,22.20483094866117,11.001569525097016,33.19244491364685,20.120693927082414
2004-06-13 00:00:00,21.4948886768449,10.538717818406125,32.213067358028184,14.623428880822347
2004-06-20 00:00:00,20.777506216175283,9.864422568929346,32.08345241553022,5.276029496244916
2004-06-27 00:00:00,20.531755142151283,9.216791695912331,31.120479025913568,9.38090501667292
2004-07-04 00:00:00,20.83368838521129,9.223924246179632,31.679723914801002,13.92904102897174
2004-07-11 00:00:00,21.284418621523642,10.61679735512029,32.884453810217536,15.942578458110424
2004-07-18 00:00:00,21.365229272615856,10.04122175080801,32.24780458247005,40.47254946483369
2004-07-25 00:00:00,20.857163489777374,9.000824461307197,31.342012182230413,31.458328715362214
2004-08-01 00:00:00,19.98857949001112,9.437823581704835,31.064647712601786,21.340506720111588
2004-08-08 00:00:00,19.287041727931108,8.205180086097403,30.15228051727236,18.05000009969252
2004-08-15 00:00:00,19.30900349587839,8.978637030647924,30.577073184647976,9.624654796698454
2004-08-22 00:00:00,20.362889728817873,8.170747053442568,31.62816929371339,14.544790719765484
2004-08-29 00:00:00,22.262619868553124,10.968365536161123,33.65825920810247,20.03306203643268
2004-09-05 00:00:00,24.242009245453772,13.735586821054595,35.415141987104434,22.59032344710339
2004-09-12 00:00:00,25.24820535152724,14.492403002854743,36.20145953074922,48.01203450523233
2004-09-19 00:00:00,24.612936636462265,14.137761710546902,35.89068411804293,39.79514772513362
2004-09-26 00:00:00,22.657550838964298,11.184870097205822,33.45415607863955,29.204617099625903
2004-10-03 00:00:00,20.631593723219144,9.373560131859067,31.45445550587006,22.493590670008142
2004-10-10 00:00:00,19.859679106938714,8.05462375028342,31.73566863299953,15.181885086282255
2004-10-17 00:00:00,20.72861540588227,9.871539090681885,31.15106101751072,16.648952686503765
2004-10-24 00:00:00,22.40441126964418,12.087828694889597,33.44953625182476,20.18246016901172
2004-10-31 00:00:00,23.56524705453216,11.899824973622962,35.14961846362974,24.080551058202264
2004-11-07 00:00:00,23.505495344308727,12.827338308000131,35.13614255622496,21.546995881005984
2004-11-14 00:00:00,22.629044849048306,11.109742026374258,34.03043758802577,24.862003219727
2004-11-21 00:00:00,21.945581705284653,10.539929943923525,32.851773804619825,27.376324271765043
2004-11-28 00:00:00,22.106599933107006,10.663345353180913,33.31965439903669,27.673141627501987
2004-12-05 00:00:00,22.869941019181148,11.515450165959127,34.485371880916745,47.956242318246055
2004-12-12 00:00:00,23.39324594682246,12.309013486397642,33.880730254491205,39.8338011199236
2004-12-19 00:00:00,22.989624603115494,11.734286454003271,33.65310902646074,29.874663870963584
2004-12-26 00:00:00,21.665058735561157,11.13023971139355,32.33657579400494,21.840682690866764
2005-01-02 00:00:00,20.070659119174024,8.087913881035986,31.685645138466043,21.26769926465204
2005-01-09 00:00:00,19.02101910273822,7.646155747346686,29.766139672579254,16.540280656667118
2005-01-16 00:00:00,18.981806956424926,7.894298917818335,31.191186424378703,13.847314983183985
2005-01-23 00:00:00,19.83300989650347,8.345992599658041,30.51810994089315,11.756246095496854
2005-01-30 00:00:00,20.986611660291295,10.552909218098936,32.38050825708818,6.735702637105804
2005-02-06 00:00:00,21.75731308094435,11.120131518537494,32.383113563916154,5.985844432041582
2005-02-13 00:00:00,21.772190977621076,10.418457898983009,32.6606942346691,5.849270320493441
2005-02-20 00:00:00,21.168428924423807,10.619157689650578,32.27099625511671,6.793798610359173
2005-02-27 00:00:00,20.442419566355337,9.805770726066033,31.062561439049663,4.023911588777467
2005-03-06 00:00:00,20.07131103042597,9.028547803831746,31.26125670032513,5.469359080554733
2005-03-13 00:00:00,20.22258183108699,9.409085057845587,30.75161331464575,7.168240696490567
2005-03-20 00:00:00,20.77338485710156,10.082307539416819,31.981381260028932,8.703104634177231
2005-03-27 00:00:00,21.540999039392688,9.6261374646856,31.738708725688277,14.316598345057365
2005-04-03 00:00:00,22.424586190968533,12.364504857806445,33.23748138020417,15.92178271587542
2005-04-10 00:00:00,23.315714185743822,12.40248463614532,33.609769032221415,16.827207458009998
2005-04-17 00:00:00,23.964444109271525,11.417355022101082,34.78824756525737,16.34595248105722
2005-04-24 00:00:00,24.071216806934324,13.522873848727626,35.28344376177731,29.4835608575266
2005-05-01 00:00:00,23.58067476315597,11.949537872586461,34.61738145541085,22.57598535532676
2005-05-08 00:00:00,22.835660302705634,11.739272308647706,34.16650694165437,14.703597524019154
2005-05-15 00:00:00,22.334930564816254,11.414539456737895,33.07355618503587,9.330705263127491
2005-05-22 00:00:00,22.280011112124434,12.076614872016984,33.47826532992047,4.62302440790526
2005-05-29 00:00:00,22.38494704098244,12.199362003319292,33.27426673488844,4.838397199924941
2005-06-05 00:00:00,22.18260267757487,11.137977203772632,33.75187951275348,6.614735594241444
2005-06-12 00:00:00,21.527913260087047,11.3129192199424,32.74939029978214,9.288458797928357
2005-06-19 00:00:00,20.771254401050292,9.147935698765046,31.849581572294195,6.37976090610032
2005-06-26 00:00:00,20.42013843911994,8.686447031779476,30.915357461855013,8.536151893933447
2005-07-03 00:00:00,20.64275447132703,9.714361105090124,32.322177943634024,10.751765236693243
2005-07-10 00:00:00,21.10785099052869,10.818178304465734,32.47512053140957,12.379246963272989
2005-07-17 00:00:00,21.28338619004574,10.9879049181511,32.268633786682514,21.456960951816622
2005-07-24 00:00:00,20.875964548148257,9.711125645088035,32.39437774737679,21.96363720407999
2005-07-31 00:00:00,20.038353326384616,8.742899201830479,30.331983916787006,22.11602032121457
2005-08-07 00:00:00,19.263307099369328,7.833954486980299,30.378274015915675,23.239538522888807
2005-08-14 00:00:00,19.12275551578814,7.736921359850399,29.737296573259982,23.978057522686463
2005-08-21 00:00:00,19.9891258316532,8.658982422157576,31.0244612981202,27.12976907892273
2005-08-28 00:00:00,21.778480235222595,11.557571205551183,33.152561584512604,29.80290652368948
2005-09-04 00:00:00,23.819905135596215,12.652464675765504,34.30930436894002,29.02467987470132
2005-09-11 00:00:00,25.070068803391752,13.945085551374028,35.703633977344694,60.64184369304214
2005-09-18 00:00:00,24.73714499841381,14.431112150747376,35.805143306131924,39.934092145198285
2005-09-25 00:00:00,22.94507484566536,11.748296744907979,34.43938075472707,16.982290720402162
2005-10-02 00:00:00,20.82176032700468,9.93812531827269,32.14076539039705,6.119113441357428
2005-10-09 00:00:00,19.760681830982634,8.435638651972361,31.916538218060893,1.708544606870084
2005-10-16 00:00:00,20.367123899868943,9.70821830151776,31.503934264866217,4.8572808408115495
2005-10-23 00:00:00,21.996904409016864,11.232223995044006,33.25070362316413,9.18054136221772
2005-10-30 00:00:00,23.331390421582462,12.338488719453723,34.865764279788095,11.737486190100649
2005-11-06 00:00:00,23.490596160221628,11.794478989984757,33.8932077735311,37.74780596420919
2005-11-13 00:00:00,22.690865611048597,11.654237250229714,34.04882091416566,32.4689374196915
2005-11-20 00:00:00,21.90329595712678,10.733377049748892,32.6635402529393,23.36486696134054
2005-11-27 00:00:00,21.90479520932517,10.504817145124184,33.31388974362342,16.353802654758777
2005-12-04 00:00:00,22.614203664396054,12.027801092093524,33.855638664016396,13.462427715642248
2005-12-11 00:00:00,23.245178229566033,12.053048205519245,33.94495324749715,12.020422844944887
2005-12-18 00:00:00,23.029482250713052,12.107436614006968,33.75119457587559,13.270779024788515
2005-12-25 00:00:00,21.821641634448646,11.509035489736538,32.93172268640924,16.21407641462435
2006-01-01 00:00:00,20.19904753764886,8.793393872438076,31.041851069098083,9.628328271276802
2006-01-08 00:00:00,18.98904758905092,7.261571564342495,30.307173289424888,12.44396211713582
2006-01-15 00:00:00,18.747239589550336,7.683359451582942,29.61080799781717,15.450473302871533
2006-01-22 00:00:00,19.459259689943607,8.560936833264176,30.19543331069416,17.44494230871585
2006-01-29 00:00:00,20.598458382500823,9.964406285954551,31.626974816871932,28.8415198567575
2006-02-05 00:00:00,21.464603324744818,9.597451164309202,32.14096661281726,28.27581182155141
2006-02-12 00:00:00,21.605423450618773,10.614311735461076,32.75588143746387,26.70523716163294
2006-02-19 00:00:00,21.067964078651702,9.732139046270206,32.115421675923656,26.11284416005813
2006-02-26 00:00:00,20.30930248066121,9.427004643633959,30.55024254860039,24.891986751968528
2006-03-05 00:00:00,19.838221599495935,8.72125529562437,30.671477551544093,26.681005026834065
2006-03-12 00:00:00,19.885717197344448,8.702917684029618,31.669671323381824,28.85084723416848
2006-03-19 00:00:00,20.366296365440554,8.554398436913633,31.7886806702374,29.51157398702893
2006-03-26 00:00:00,21.091253919738733,9.17818676628212,32.07207778476871,35.79508763655849
2006-04-02 00:00:00,21.94577525635857,11.235830772258907,33.14485072467076,32.12707951392723
2006-04-09 00:00:00,22.83556290735739,11.151082187279076,33.79084090770813,27.98755179874991
2006-04-16 00:00:00,23.537799391734314,12.693930429665249,35.06188002848189,27.76762105076436
2006-04-23 00:00:00,23.742657936058727,12.545738739234999,35.463972139817145,19.011370408409377
2006-04-30 00:00:00,23.330605129691676,12.925736194079267,34.39127661784807,24.30473169762705
2006-05-07 00:00:00,22.579300914345612,12.446012281042336,33.864605715271836,30.977643702337645
2006-05-14 00:00:00,21.992655641367374,11.23565869440133,33.906652617176654,35.64166719162592
2006-05-21 00:00:00,21.85269727749298,10.854325942299974,33.01300367610962,54.85818516382105
2006-05-28 00:00:00,21.951387083214765,10.590488899393577,32.79533285266272,54.25437560064931
2006-06-04 00:00:00,21.81548429714013,11.36244232105501,33.27486576997815,50.72785932334356
2006-06-11 00:00:00,21.21453125264159,9.95171773098362,32.28428515910734,46.28847891218607
2006-06-18 00:00:00,20.422552687483062,8.803885229270692,31.718118003160022,56.443902001953816
2006-06-25 00:00:00,19.9581850825994,8.207973511132586,31.363731070965375,48.76512460491002
2006-07-02 00:00:00,20.076309996020857,9.603056958951926,30.995975169584998,40.60476388976598
2006-07-09 00:00:00,20.523819468995946,9.48999875745185,31.09869273092895,32.83125550337019
2006-07-16 00:00:00,20.770459969634853,10.040469294506481,32.02984312281201,32.83058810225066
2006-07-23 00:00:00,20.4551935597671,9.461232649991263,31.440756978394106,24.224587518683343
2006-07-30 00:00:00,19.65128287610159,8.104680140964632,30.33272568672446,17.404554367558397
2006-08-06 00:00:00,18.807975379327075,7.132446939760144,28.7702350687289,15.441379011507616
2006-08-13 00:00:00,18.50376974274385,7.535874406205806,29.611661754402174,6.36727746224973
2006-08-20 00:00:00,19.166669320703875,8.014327436678201,29.709559864949114,9.340582691247448
2006-08-27 00:00:00,20.810038140741188,9.285989851903754,32.40904831200942,13.312517269895553
2006-09-03 00:00:00,22.842080988849528,11.88377690229108,34.8948257943678,15.930176576607264
2006-09-10 00:00:00,24.2725954826212,12.44568036177138,35.54619215998001,29.19813543534013
2006-09-17 00:00:00,24.20922089327667,13.017550629091204,36.189192092456935,27.57889336434722
2006-09-24 00:00:00,22.5821217830743,11.784817652688998,33.95120802937847,24.33114530162008
2006-10-01 00:00:00,20.37255511053317,9.653573783445317,32.732366652679275,23.77645289869257
2006-10-08 00:00:00,19.00657713238679,7.943489654747913,30.185764380549166,19.167860327866727
2006-10-15 00:00:00,19.291897936414625,7.705631057712679,30.61496038241414,23.77714054574585
2006-10-22 00:00:00,20.793942860788846,10.16114184068124,31.73623749975619,29.549326329644
2006-10-29 00:00:00,22.23570208138456,11.264285646062596,32.59520748735531,32.39029979674342
2006-11-05 00:00:00,22.5853987677325,11.233588238198955,34.042055943209384,55.24778622255073
2006-11-12 00:00:00,21.859749467899015,9.56354754858368,32.77083114475532,47.22247283351682
2006-11-19 00:00:00,20.958355101938785,9.350004945358684,30.956901275876998,35.21098262612726
2006-11-26 00:00:00,20.760838005677698,10.414202646163403,31.84641402072369,27.1374573178052
2006-12-03 00:00:00,21.35269812376091,10.464661554364703,32.154375890992085,17.261969507864755
2006-12-10 00:00:00,22.028674382991767,10.236381830972418,32.417252510044904,19.31066393695335
2006-12-17 00:00:00,21.96018217181437,11.912718426039262,33.43060483772186,24.271110246406764
2006-12-24 00:00:00,20.879315422163018,9.798205656697052,31.854641957216852,29.05736530877514
2006-12-31 00:00:00,19.247419171971256,7.688845454574178,30.168226907974333,30.04815235504697
2007-01-07 00:00:00,17.886587158541985,5.964284842865972,29.00659067222384,32.94597438277744
2007-01-14 00:00:00,17.432554679235285,5.445270927187915,27.813955386546972,35.1411822924148
2007-01-21 00:00:00,17.978664533810655,7.281010768368958,29.540764829438352,36.71635396976079
2007-01-28 00:00:00,19.070960383345916,8.099472121397,30.255463591224043,45.37131210013086
2007-02-04 00:00:00,20.008418444882867,8.889865466894998,30.8897122553181,45.81629695314992
2007-02-11 00:00:00,20.267942111950525,9.206113158626469,31.530976527380894,45.34113299519504
2007-02-18 00:00:00,19.80340841377346,9.090282622130715,31.585653292796216,43.27347595152418
2007-02-25 00:00:00,19.020281313531846,7.538746010228027,29.64144369907791,51.1974381020306
2007-03-04 00:00:00,18.44768490526599,7.934024778287903,29.506938055266907,44.00724190705609
2007-03-11 00:00:00,18.379016148292244,6.823571128639309,29.273577456918503,36.17365152187153
2007-03-18 00:00:00,18.773822994755506,6.658878745607835,29.354171351941332,33.44036746904178
2007-03-25 00:00:00,19.443665432716877,8.258117810607029,30.606564485910013,20.899196824195183
2007-04-01 00:00:00,20.257629943456067,9.306972611614468,31.376574993934742,26.54952404261089
2007-04-08 00:00:00,21.12989646351845,10.909856047096389,32.66120559617816,34.23097430006859
2007-04-15 00:00:00,21.865925531303407,11.181038182689235,32.30759269221332,38.188449833125325
2007-04-22 00:00:00,22.155399808840524,10.951669084350334,33.749845406656185,70.11289484678568
2007-04-29 00:00:00,21.8221743885153,11.303234855983193,33.02969177629518,58.51441847460116
2007-05-06 00:00:00,21.072999135066407,9.750505862984149,32.1222936023198,40.2092255530451
2007-05-13 00:00:00,20.40126185267864,8.75103974934705,32.03957234916054,25.949197125568084
2007-05-20 00:00:00,20.150295209221603,8.647759294065633,30.903425488657554,15.949048467346763
2007-05-27 00:00:00,20.20745010070997,9.365356438670755,31.827872000232144,15.017889993345696
2007-06-03 00:00:00,20.111181298971033,9.084498856269262,31.181420052505974,19.043748215212187
2007-06-10 00:00:00,19.55481380038639,8.152074943489641,30.421367416136206,24.90690432409536
2007-06-17 00:00:00,18.72690113281641,7.50651740343618,28.741814025934637,18.26728050186995
2007-06-24 00:00:00,18.139448390187905,7.23883114611554,28.76020272011268,22.8623669572793
2007-07-01 00:00:00,18.125633194358414,7.60712170928722,28.705865189112075,27.34340353389207
2007-07-08 00:00:00,18.518665138340722,7.816402452876958,29.372147616139202,28.760220006958683
2007-07-15 00:00:00,18.805496258076694,7.397538997822147,29.861475631918733,62.7584040499049
2007-07-22 00:00:00,18.566264778954796,7.088003989937046,28.75456010083072,47.99627817257453
2007-07-29 00:00:00,17.792404577896693,6.796141733910656,28.937290603129824,27.113739782119023
2007-08-05 00:00:00,16.881335454238034,5.892818052429826,27.71126545616819,12.401178995401551
2007-08-12 00:00:00,16.409149810071508,4.9697111967928365,27.52804466408792,3.5362512749282096
2007-08-19 00:00:00,16.850850846153122,6.433703721179717,28.378511919731174,5.556611967748999
2007-08-26 00:00:00,18.311122667604653,7.886742934720321,29.294369773520003,11.10435622850536
2007-09-02 00:00:00,20.32665948033032,9.112264525148746,31.498984818697636,15.160333528817436
2007-09-09 00:00:00,21.93374557711934,10.953780771228349,33.09402872221459,22.943876869471545
2007-09-16 00:00:00,22.163675749200266,10.773485957804933,32.73017605787458,20.66340282949906
2007-09-23 00:00:00,20.761267281235526,10.183971891770298,32.11197158740598,15.413965591047912
2007-09-30 00:00:00,18.540745542696303,7.365654942745138,29.547182743859288,11.693861709981489
2007-10-07 00:00:00,16.924197862223178,4.557080424995869,26.855496188043453,7.944890677023114
2007-10-14 00:00:00,16.900106439099453,5.678838620523452,28.31480489750538,9.30106167073193
2007-10-21 00:00:00,18.2572322263017,7.237153311563255,29.062967898880395,12.25194991665336
2007-10-28 00:00:00,19.79775072388553,8.599018232004536,30.431980776469217,14.699039735591596
2007-11-04 00:00:00,20.365724057863478,9.388318628939023,31.788175860402994,18.04156604654576
2007-11-11 00:00:00,19.772244857372137,9.009957287380562,30.9235241628823,18.309041652476026
2007-11-18 00:00:00,18.814050522162027,8.184762939252622,29.134912156758805,17.55333201156817
2007-11-25 00:00:00,18.44690729741305,7.56317884035872,30.105417102409344,16.81116728941005
2007-12-02 00:00:00,18.923476987303093,7.778249554304558,30.235574918677393,17.61599710476407
2007-12-09 00:00:00,19.642796292862954,8.484121919431999,30.343965311195916,17.50568141009318
2007-12-16 00:00:00,19.739263050549436,8.433020098325446,30.702220238151305,17.687090235145714
2007-12-23 00:00:00,18.814197001891035,7.526150832922107,29.58127231796215,17.906338249997034
2007-12-30 00:00:00,17.21377987467973,6.2451945762374494,28.47266229090934,17.79804966812769
2008-01-06 00:00:00,15.736376624845134,5.561926540803638,27.500840664560627,17.936028442679866
2008-01-13 00:00:00,15.086109172619988,3.1009703561785162,26.258048376453704,17.907940292541493
2008-01-20 00:00:00,15.464017951705724,4.092708581809697,26.989182777733085,17.073088596650962
2008-01-27 00:00:00,16.4988925129706,5.2201282722592826,27.90672090275406,22.008729174694984
2008-02-03 00:00:00,17.50315569588156,6.354115196778275,28.060359909817915,17.888678289470064
2008-02-10 00:00:00,17.8930023473472,6.655919745128475,29.214196840079303,12.788752208664748
2008-02-17 00:00:00,17.528294929476182,7.557491590012025,28.33943302301777,9.1895583271702
2008-02-24 00:00:00,16.751640095576885,5.103553315470528,27.682613445961714,4.663761064002589
2008-03-02 00:00:00,16.100166721818344,5.376670575680393,26.832310129317484,5.260623350229816
2008-03-09 00:00:00,15.926474873329587,5.153744258341176,27.000965039437084,7.0948077380921735
2008-03-16 00:00:00,16.241891357593733,5.173847787990342,27.006982650522332,9.498972847675422
2008-03-23 00:00:00,16.865529735011194,6.006977151408233,28.50649833110881,9.686609212411362
2008-03-30 00:00:00,17.649742702283554,6.841686251146197,29.05031386140086,12.13629509998637
2008-04-06 00:00:00,18.511375122057828,7.353680958821328,29.03200760779309,14.702499434951775
2008-04-13 00:00:00,19.283572092089376,8.20053448997237,30.75572600501245,16.51092625265049
2008-04-20 00:00:00,19.664278026487608,9.518550231966259,30.926692074748694,26.23178025307061
2008-04-27 00:00:00,19.429741778958416,8.719933169835103,31.190060882734215,25.760907232645856
2008-05-04 00:00:00,18.712722666220618,7.4786431094112364,29.348817122102147,23.841733424302376
2008-05-11 00:00:00,17.981192845133688,6.670583836961912,29.991076147979722,21.39885008998117
2008-05-18 00:00:00,17.647301552745173,6.221003522135136,28.248182597554933,24.46210454305087
2008-05-25 00:00:00,17.679100016589405,6.301555608095577,29.505098040453277,20.7679447222044
2008-06-01 00:00:00,17.64404120284463,6.8361741169310575,28.30703230347581,17.007672613087745
2008-06-08 00:00:00,17.17116945394072,5.130448675429809,27.80768800484711,14.292890121656995
2008-06-15 00:00:00,16.357532459409523,5.279043734443988,27.905798421305967,9.67660734426156
2008-06-22 00:00:00,15.690941544486694,5.260173542027504,27.591175771841737,9.818216660227373
2008-06-29 00:00:00,15.571767778559844,4.743590321272256,26.834345051596678,10.904751220914232
2008-07-06 00:00:00,15.925043277369658,3.798426805924919,27.710071247522627,12.117431774596836
2008-07-13 00:00:00,16.27016336599885,5.527374901477032,27.616801177292796,11.81704234238644
2008-07-20 00:00:00,16.139139114489183,4.783468888522108,27.292023783978713,12.57794468550787
2008-07-27 00:00:00,15.441036248786391,4.816453894931998,26.381810097212792,13.159111517862357
2008-08-03 00:00:00,14.513687028464432,3.161836616174032,25.349815204942487,13.466309454243335
2008-08-10 00:00:00,13.921748862160944,3.241402158606464,25.289669153855684,15.478806906605111
2008-08-17 00:00:00,14.178553426021729,2.9390404755966077,25.864502552312835,15.117678553712851
2008-08-24 00:00:00,15.473239857723861,5.347331313303679,26.82292266648594,14.51385085551422
2008-08-31 00:00:00,17.44987862441001,6.301242626759819,27.788420793732254,14.413473684167808
2008-09-07 00:00:00,19.210244367249903,8.112097578199394,31.030373004155486,12.88930475932268
2008-09-14 00:00:00,19.733911742942134,8.172471784371073,30.03970066100229,14.172753626259093
2008-09-21 00:00:00,18.593108130507463,7.131990222180583,29.641590518927835,15.910615438879685
2008-09-28 00:00:00,16.419678937688523,5.414710309451381,27.290072429181407,16.55113617553854
2008-10-05 00:00:00,14.596020291502098,3.1722977408961572,25.963065889534686,25.217329768039
2008-10-12 00:00:00,14.264848860915695,3.3815829282576875,25.285170280363694,20.588093962689893
2008-10-19 00:00:00,15.445522211989031,4.710574004178904,26.080517992271236,13.693797938349624
2008-10-26 00:00:00,17.054915763717066,6.033676926392124,27.73093524004017,8.527989330921473
2008-11-02 00:00:00,17.84480264143053,6.399783546173633,28.439023102582883,3.870004670395508
2008-11-09 00:00:00,17.421035579025396,6.109626250535112,27.724240737469884,4.834943178160812
2008-11-16 00:00:00,16.44871268317674,5.446592738346521,27.54688884451366,7.436287959094191
2008-11-23 00:00:00,15.930067872673401,4.383233548123471,28.14995605939957,9.368968192349492
2008-11-30 00:00:00,16.280102168971624,5.497728141308306,27.973096718478033,15.54448816101052
2008-12-07 00:00:00,17.02272642551598,6.286138713569016,27.814570217659828,13.239202081301311
2008-12-14 00:00:00,17.280368997335557,6.356621722976918,28.815497394509123,8.657395677868088
2008-12-21 00:00:00,16.53270722925302,5.2564170890540876,27.57537273594871,5.075921079820081
2008-12-28 00:00:00,15.000461035112956,3.731425046602409,25.561935688952456,2.1904952178337367
2009-01-04 00:00:00,13.439738473529927,1.6890027158840972,24.458047750286724,2.952070636055688
2009-01-11 00:00:00,12.60949378048076,0.8984371963510256,22.800630135245335,4.929544191973895
2009-01-18 00:00:00,12.816328276034739,2.507983630991788,23.633714232449712,6.93469295413668
2009-01-25 00:00:00,13.780366138013814,2.464693857042988,25.155854243713463,9.434776031222714
2009-02-01 00:00:00,14.841536605145887,2.7679085180577125,26.56006287535022,10.504622548664642
2009-02-08 00:00:00,15.366801246877191,4.162199218010425,27.064046477670246,11.044080302880138
2009-02-15 00:00:00,15.123357807722376,4.228230343120851,26.41551650791564,11.533528117232503
2009-02-22 00:00:00,14.381085000432227,3.6183039300999784,26.194448599781808,13.51280470753746
2009-03-01 00:00:00,13.672095530962405,2.6143719369483147,23.780606851370322,14.454073604022602
2009-03-08 00:00:00,13.402940964079518,2.6694961156468846,25.082461819059418,15.515963644072176
2009-03-15 00:00:00,13.6421831661156,2.666410536417592,24.68604439285235,16.040968044367755
2009-03-22 00:00:00,14.224514385248838,3.131759974588629,25.09828592257299,20.050352596654538
2009-03-29 00:00:00,14.986504389211634,4.183801772106284,25.696692842201713,18.52103529592298
2009-04-05 00:00:00,15.842069876544777,5.1019491074333345,26.81222247867242,16.00276748670675
2009-04-12 00:00:00,16.649850938584706,5.644433920602337,26.94700216586031,13.453055620715718
2009-04-19 00:00:00,17.123461117749972,6.051146448498728,27.243390628947665,12.583718489787566
2009-04-26 00:00:00,17.001546458021014,5.919444227093358,27.82805709052482,10.76741813298278
2009-05-03 00:00:00,16.34244426114897,5.323835730389572,27.776866687347333,9.510453784652883
2009-05-10 00:00:00,15.575123081043362,4.123435260326961,27.0107219768855,9.279159592576766
2009-05-17 00:00:00,15.15717371307548,4.437268961882705,25.737800593759015,6.118525714837371
2009-05-24 00:00:00,15.14843751185664,4.4503575713926296,26.067986999286255,7.487436989784257
2009-05-31 00:00:00,15.161536828192844,3.6190545528747524,26.364148684389377,9.458681000096332
2009-06-07 00:00:00,14.77548962213439,4.1169032131086,26.375453784625726,10.64795629528204
2009-06-14 00:00:00,13.993117593421996,2.8041712534171257,25.019242312067423,19.473259898980945
2009-06-21 00:00:00,13.261301865847596,2.7179689134522445,24.141427181076935,15.949315723233711
2009-06-28 00:00:00,13.034148846898091,3.1268511020398595,24.27773133360458,9.933479427458042
2009-07-05 00:00:00,13.331099245304175,1.4588819482793092,24.152087846739747,5.212844950327304
2009-07-12 00:00:00,13.718548808433384,2.6871228075120364,24.896082791324268,1.7555669386460024
2009-07-19 00:00:00,13.692734880541353,2.807212454185791,24.15634503713257,2.693118448707684
2009-07-26 00:00:00,13.081757434058941,1.4862250352789417,23.62378280172708,5.031356499523333
2009-08-02 00:00:00,12.15687131882478,0.7883754991620684,22.72797693161113,7.376258113122983
2009-08-09 00:00:00,11.46225384372131,0.41718731314694857,22.910716120490278,12.052630807854095
2009-08-16 00:00:00,11.540825490489011,0.04589151992682794,22.000949248625616,13.0866411697395
2009-08-23 00:00:00,12.658659970209245,1.3961923576938773,23.655005506649772,13.080990776848404
2009-08-30 00:00:00,14.566645742143322,2.5544011511470117,25.728530246093953,12.348637245558
2009-09-06 00:00:00,16.445700471765907,5.419175337791115,27.548924119603484,17.171175317209904
2009-09-13 00:00:00,17.2480412337026,6.466854760188425,28.348921245412818,14.351757902849174
2009-09-20 00:00:00,16.389811226388005,5.970079447310794,27.405403903528754,10.840633447905011
2009-09-27 00:00:00,14.31041643934172,3.1432008263746756,25.758859535246536,8.20533333203591
2009-10-04 00:00:00,12.318684250150369,0.7658839727409248,23.58622443187528,4.604724906705554
2009-10-11 00:00:00,11.681005201860772,0.354134066860869,22.560398936406735,5.235532108327351
2009-10-18 00:00:00,12.647939784146219,1.1336804825945919,23.558349939123772,6.908027966321016
2009-10-25 00:00:00,14.283422224102642,2.648969802641302,25.142655336795812,8.536165018646079
2009-11-01 00:00:00,15.28208484141549,3.633481203352723,26.202490097244677,10.783275997455744
2009-11-08 00:00:00,15.05139287229865,3.6077555091580855,26.244909887143123,10.997647863641644
2009-11-15 00:00:00,14.099607577354497,2.7696994062199902,25.555835127583034,10.451581315763612
2009-11-22 00:00:00,13.443536488548363,3.3365546682566176,25.036582895973815,9.908244823138997
2009-11-29 00:00:00,13.650376392327473,2.2520991963185217,25.01246333921369,9.708443620278858
2009-12-06 00:00:00,14.386115334215175,3.356965172016542,25.443617032037686,10.141456395146776
2009-12-13 00:00:00,14.7872808215003,3.630162983760451,25.37496558275209,10.983922855429238
2009-12-20 00:00:00,14.224703531673613,3.224916742177479,24.997631428541297,11.306927129145128
2009-12-27 00:00:00,12.786265028639658,1.5414065139590747,24.115554502287758,15.779975576937453
2010-01-03 00:00:00,11.167680116098033,-0.02541240501260411,22.327527801207438,12.865564311909324
2010-01-10 00:00:00,10.167581324878572,-0.28694586971661984,20.608550836423326,8.4484328526451
2010-01-17 00:00:00,10.193836112054896,-0.9506806721994607,20.927412078463746,5.046777258508119
2010-01-24 00:00:00,11.06485735110719,0.16136360547485218,21.884734674914185,1.9526922132009028
2010-01-31 00:00:00,12.161697575919277,1.494893537216024,23.358152631281506,2.869534931859085
2010-02-07 00:00:00,12.814660426755,1.3351422886787425,23.322966480323963,4.93330465502623
2010-02-14 00:00:00,12.701780227366092,2.35014741741562,23.196069708840035,7.100768199913785
2010-02-21 00:00:00,12.011985756364847,1.1243738032039854,22.528621606578405,11.628913000892368
2010-02-28 00:00:00,11.25904931749912,-0.826676184940677,22.46998254671273,12.865089753002552
2010-03-07 00:00:00,10.896272818349098,-0.032230172981853045,22.417734326592367,13.254713896828411
2010-03-14 00:00:00,11.056627869165146,0.6711363036166844,22.085580413034386,12.820183349276666
2010-03-21 00:00:00,11.595514618529002,0.5529180711284845,23.029623305487654,18.609246304015706
2010-03-28 00:00:00,12.336275205118316,0.6311493781007904,23.10457618801087,15.313002040755858
2010-04-04 00:00:00,13.184882393286028,2.1383715631060713,24.183558723645476,10.886459782609132
2010-04-11 00:00:00,14.021912973399992,2.680678651259056,24.69390494342059,7.657188872619305
2010-04-18 00:00:00,14.582467337412126,4.04306580631471,25.768276146789404,3.6369902551255495
2010-04-25 00:00:00,14.578124217718019,3.7196286380384187,24.89441179429333,4.928880718175616
2010-05-02 00:00:00,13.994912009975582,3.2054223993211615,25.23665362429968,7.575086489302466
2010-05-09 00:00:00,13.210970204375187,2.612777548128257,24.71529535163639,10.09199153739637
2010-05-16 00:00:00,12.714325746519792,1.6951713084580273,24.40219160284471,16.935073809987248
2010-05-23 00:00:00,12.65475399362834,1.8647948786027442,23.900864405002253,16.942602373491447
2010-05-30 00:00:00,12.704499848834107,1.8578078408397651,23.756713222087924,15.11088784797853
2010-06-06 00:00:00,12.408596609829766,0.832091125317481,23.443245816376624,12.221648968542777
2010-06-13 00:00:00,11.676340237449942,0.5708020067269644,22.75300812370316,20.762213849848862
2010-06-20 00:00:00,10.898380417842723,-0.6455138969815515,22.00335173812259,11.915068056624744
2010-06-27 00:00:00,10.567189218581563,-0.27247532659710316,22.050856426206245,2.2999830935264
2010-07-04 00:00:00,10.796131352861321,-1.1268169432306756,21.777404021767524,0.0
2010-07-11 00:00:00,11.211979696741153,-0.2724641125079703,22.542299515379447,0.0
2010-07-18 00:00:00,11.288912576976749,0.04284340386337071,22.733807479550265,0.0
2010-07-25 00:00:00,10.777515261452674,-1.0627427738113582,21.9610403492523,0.0
2010-08-01 00:00:00,9.876471963229115,-1.3951285703936218,20.632290955760183,0.0
2010-08-08 00:00:00,9.100484207471869,-1.7792893226990234,20.710955320129298,14.350195946421293
2010-08-15 00:00:00,9.013260250423944,-2.1814904582363077,20.68525770898306,14.802807232976152
2010-08-22 00:00:00,9.949824217021778,-1.7361889486489908,21.983974606299974,12.978555066648306
2010-08-29 00:00:00,11.76544913972519,0.8799952717583128,23.45611078142755,10.334338753954247
2010-09-05 00:00:00,13.73110201789678,3.0341425449069455,25.201284101412675,12.102391470286555
2010-09-12 00:00:00,14.795107655868392,3.5288327239280495,26.293814680744454,9.399874618423969
2010-09-19 00:00:00,14.237116296583842,4.107227640181588,26.057639240464002,7.359574755072667
2010-09-26 00:00:00,12.299400389910558,1.127649441696411,23.50705065118906,6.115424156216808
2010-10-03 00:00:00,10.18612103448332,-0.9737512175838727,21.102591158743458,3.45725469534759
2010-10-10 00:00:00,9.253731683942263,-1.8687163631131725,19.901999589203875,3.805471161114834
2010-10-17 00:00:00,9.977973706072333,-1.7488587195090624,21.46177804972396,4.673500243396457
2010-10-24 00:00:00,11.598037724686218,0.438595495772919,22.108000969815812,5.5524059001411175
2010-10-31 00:00:00,12.788760331711684,1.9031647007583885,22.90158329010815,7.066021697237646
2010-11-07 00:00:00,12.772415855444097,1.6410178480147586,23.621107329389666,7.048192606755378
2010-11-14 00:00:00,11.879696398990577,1.2500769707316959,22.85922858329747,6.503491682088747
2010-11-21 00:00:00,11.108855117480402,0.019952681812304363,21.875796727625797,5.615243013918232
2010-11-28 00:00:00,11.176209961172646,-0.2874993043146681,22.022928637942307,6.968351642896433
2010-12-05 00:00:00,11.89079456527848,0.6718933744057853,22.831816696491288,5.075408701575617
2010-12-12 00:00:00,12.429563760275993,1.3348455245348294,23.34583147112218,3.0035514745900267
2010-12-19 00:00:00,12.070740920583088,1.4931663131706223,23.589116045639905,2.4413201809379226
2010-12-26 00:00:00,10.765251975963471,-1.2553775100844788,21.10445609460215,1.4016951220073657
2011-01-02 00:00:00,9.131140765839334,-1.8721234531481343,20.26136880103517,3.002668340146845
2011-01-09 00:00:00,7.990217385276223,-3.3703934643566384,18.627456294608983,5.441697354227704
2011-01-16 00:00:00,7.845166533080124,-3.337869984360804,19.093473589030634,7.642571183618085
2011-01-23 00:00:00,8.61785918963181,-3.1097200345859655,19.556035492340584,21.643161021162268
2011-01-30 00:00:00,9.743393589255454,-1.430724114943585,20.786835153025965,20.6754845416068
2011-02-06 00:00:00,10.528818092356778,-0.4083764698792596,21.46652968190219,16.485508636179826
2011-02-13 00:00:00,10.568558748049723,-1.0226103249562257,21.291295033532766,11.150375801051112
2011-02-20 00:00:00,9.964244904063168,-0.9436810700937102,21.0494820726612,16.26879734670998
2011-02-27 00:00:00,9.19807185198586,-1.992607477317545,20.35436879080943,7.938392178501696
2011-03-06 00:00:00,8.76111625337115,-2.5910389693175944,20.25447745485625,2.060212474788324
2011-03-13 00:00:00,8.846265314879876,-3.581807134186196,20.906860212269567,0.0
2011-03-20 00:00:00,9.34464537512374,-1.1299851126218226,20.33492810731612,0.3311315242378345
2011-03-27 00:00:00,10.070469332812301,-1.181810054101481,21.502819534807884,1.293004820685025
2011-04-03 00:00:00,10.917651966143085,0.20190017884297262,22.008698486758142,2.844090984032816
2011-04-10 00:00:00,11.784068305775513,0.20818919908798073,22.781597882166942,4.287573671044325
2011-04-17 00:00:00,12.430373205717354,1.0822905418182067,23.881453033708283,16.70251281400595
2011-04-24 00:00:00,12.551676946188014,1.0302969730007643,23.469903946475576,15.824400428787936
2011-05-01 00:00:00,12.066153384689848,0.7275255977782766,22.78035692478793,12.081896789351628
2011-05-08 00:00:00,11.291425294950537,0.3967538011869838,22.921553496180724,7.925993967854485
2011-05-15 00:00:00,10.730219042642172,-0.7327669468241229,21.964506717221127,4.690817183897022
2011-05-22 00:00:00,10.617236769676886,-0.6972004032662351,21.282680329160534,4.999665819924568
2011-05-29 00:00:00,10.69656393735331,-1.2597334812852097,21.57726216649672,7.089586593187642
2011-06-05 00:00:00,10.496482098513022,0.0376171644885801,21.666343405922934,9.48733240299077
2011-06-12 00:00:00,9.836860419507506,-1.1565767714805784,21.243922351171793,12.862186068183728
2011-06-19 00:00:00,9.038813091544293,-2.741451856813473,19.418556146325052,12.483231871111409
2011-06-26 00:00:00,8.616418663632501,-1.7891854520798116,19.916758063696808,10.447996307894943
2011-07-03 00:00:00,8.77336606169352,-2.3406962443760158,19.351158421731046,7.985589752809918
2011-07-10 00:00:00,9.208522556185345,-1.3985612010318196,20.740895233262947,6.334766572324396
2011-07-17 00:00:00,9.388720521183547,-0.8928089930898384,20.47502158516592,5.882801160047491
2011-07-24 00:00:00,8.99257633830608,-2.226731006823563,19.708860781815776,6.4319651672351625
2011-07-31 00:00:00,8.141440775594063,-2.6987757729950594,19.28011045046208,7.61786910039295
2011-08-07 00:00:00,7.311691916149455,-4.367318806192046,19.062079917649683,6.892220591971586
2011-08-14 00:00:00,7.092629326130782,-3.31894762614402,18.24778836201976,8.106605472563656
2011-08-21 00:00:00,7.866262350715769,-2.74198998722402,18.98242170840501,9.454570690160594
2011-08-28 00:00:00,9.588224767332,-1.798363807916429,21.564663339807975,10.569806245304166
2011-09-04 00:00:00,11.627692565813561,1.3151964979356823,23.09845103386226,14.31531083108395
2011-09-11 00:00:00,12.95110920398644,1.2709035305629612,24.208643439990194,13.989370901877251
2011-09-18 00:00:00,12.723589944218595,0.8702310618973375,23.882673741319145,12.781163071133866
2011-09-25 00:00:00,10.990851800598307,-0.18713003123765937,22.62769033032118,11.448959195904928
2011-10-02 00:00:00,8.82489193212129,-2.7975135444581483,20.784699796329974,9.884668050442382
2011-10-09 00:00:00,7.636614696362628,-3.236173298704422,18.065548994464756,10.19069797307018
2011-10-16 00:00:00,8.114528920504668,-2.458582219155172,19.091827899973147,11.26043909090241
2011-10-23 00:00:00,9.696248330890974,-1.0415549822306183,20.822733437358636,12.443198885585025
2011-10-30 00:00:00,11.075199048816003,-0.5518357855782803,21.901709540362212,14.366366701201764
2011-11-06 00:00:00,11.307670795559286,1.0004833709826944,22.210185511366422,14.048986201090536
2011-11-13 00:00:00,10.531274601744027,-0.09509815507525765,21.101072357109345,12.8943894311376
2011-11-20 00:00:00,9.6923958314313,-1.393975970152887,21.005703317496014,11.225061666570106
2011-11-27 00:00:00,9.611984480350348,-1.8409309687673794,19.783373427308653,12.230764452710655
2011-12-04 00:00:00,10.275148646308015,-1.7711766111266485,21.381213216009186,9.858590828755574
2011-12-11 00:00:00,10.925055611384737,0.13568827304120212,21.62916695001296,7.412803952500786
2011-12-18 00:00:00,10.766666451254423,0.2658556402211971,21.11785002002826,5.521043766032983
2011-12-25 00:00:00,9.613356764542294,-1.3562547233961837,20.99868686947674,2.894877605633586
2012-01-01 00:00:00,7.989557605313144,-3.099293840476978,19.357962302065992,3.441275162596437
2012-01-08 00:00:00,6.722711000503886,-3.970942241998454,18.454976426324563,4.808750228987207
2012-01-15 00:00:00,6.401757419501594,-4.3415164607635965,17.534289688496724,6.366698002782769
2012-01-22 00:00:00,7.055282781548335,-3.3035184147806156,17.463283014927402,9.333894840227776
2012-01-29 00:00:00,8.184422519514413,-2.720609927362368,18.86508315270671,9.524930836978148
2012-02-05 00:00:00,9.086919068539771,-2.128491489563487,19.611407069900753,8.771750030906118
2012-02-12 00:00:00,9.281054176257955,-1.1327002515958213,20.586082711002945,7.224774291887958
2012-02-19 00:00:00,8.776848122450485,-3.034816458943915,19.461228405012054,11.846173106523064
2012-02-26 00:00:00,8.0121571972909,-2.442799910635152,18.61759888492284,5.581501893476938
2012-03-04 00:00:00,7.5053220936612375,-4.112853305123846,18.717995656976345,0.0
2012-03-11 00:00:00,7.512549316566474,-2.742906593980088,18.626286161246277,0.0
2012-03-18 00:00:00,7.965485139293116,-3.0904914237273324,19.682563115908035,0.0
2012-03-25 00:00:00,8.674716148128518,-2.0051452974151296,19.931637382896156,0.0
2012-04-01 00:00:00,9.519162666314305,-1.346270927400333,20.611917293829563,0.0
2012-04-08 00:00:00,10.408614210474568,-1.0003767347497607,21.774082113566067,0.0
2012-04-15 00:00:00,11.131526242902433,0.09364101879607922,22.461759594399222,21.574806552228548
2012-04-22 00:00:00,11.376751929839859,0.03981785704720586,22.57207727942792,21.275511088588303
2012-04-29 00:00:00,11.013166617784956,0.299813191242313,21.7587866096124,16.63232695291175
2012-05-06 00:00:00,10.278555333592818,-1.2282719762975098,22.05707541748097,10.2280564062714
2012-05-13 00:00:00,9.674469001145068,-1.5920799168479132,20.896386853475118,6.963014725188925
2012-05-20 00:00:00,9.512611600287606,-1.5663662323385719,21.158527752104586,5.01414914976858
2012-05-27 00:00:00,9.618463837958405,-1.3796859543507676,20.045862074587298,5.96435055453097
2012-06-03 00:00:00,9.521340406984034,-2.223420098303013,20.217974026939608,8.199998570511523
2012-06-10 00:00:00,8.959032217656613,-1.6180655155007155,20.288579087696725,8.23683918710116
2012-06-17 00:00:00,8.17230366374729,-3.07344241326982,19.707712931653788,7.790859412792192
2012-06-24 00:00:00,7.679272797950189,-2.9249284899520944,18.796708509797426,6.035280545914828
2012-07-01 00:00:00,7.767305402993887,-2.6158785156235247,19.1431253528616,4.0785338541918215
2012-07-08 00:00:00,8.216982467125337,-2.9053633600305027,18.928860362637383,2.244287117366436
2012-07-15 00:00:00,8.503081564750616,-2.5087463152838687,18.40935616616631,3.086150533452235
2012-07-22 00:00:00,8.239867755045712,-2.61605851403041,18.97887665396274,4.978472467046939
2012-07-29 00:00:00,7.468055141912872,-3.5711971441308634,19.00309030176448,7.118764882134392
2012-08-05 00:00:00,6.617131615537309,-4.432016454134931,17.8518588022061,12.967184350797364
2012-08-12 00:00:00,6.265713901792976,-4.462762816330777,18.404967836731434,12.709034675384032
2012-08-19 00:00:00,6.8616406638825,-4.327297513562932,18.37881170474008,10.534583685557545
2012-08-26 00:00:00,8.45557672316787,-2.979034832223036,19.133846616335504,7.358385288261058
2012-09-02 00:00:00,10.520404500775186,-0.34033559288460147,21.345820245741862,7.623009616782968
2012-09-09 00:00:00,12.060777175118588,0.2875227322145424,23.013190077848,4.582647346207055
2012-09-16 00:00:00,12.150852942500393,1.2884612758782037,23.873820181556642,2.702127498128047
2012-09-23 00:00:00,10.645391732948227,-0.15172771305049082,22.294948328975075,2.5198905388819304
2012-09-30 00:00:00,8.461009769791449,-2.0292789024476594,19.15978417852989,1.460569776041701
2012-10-07 00:00:00,7.026538743394002,-3.470721871264381,18.264721341293974,2.9866583776502447
2012-10-14 00:00:00,7.224887280870107,-3.999232522452452,18.98074333663785,5.308726774490067
2012-10-21 00:00:00,8.709523069209599,-1.7087081454562032,20.001986578716334,7.671720071817987
2012-10-28 00:00:00,10.230691852624176,-1.0684623153031545,21.404312904615562,19.57861692952485
2012-11-04 00:00:00,10.703379147197111,-0.17647927505349337,21.540974009609457,18.596589120264937
2012-11-11 00:00:00,10.062418619103404,-1.4580365056853761,20.475177360090292,14.321152698272872
2012-11-18 00:00:00,9.169907752706933,-1.0555077018845704,19.72943562056115,8.500504251937329
2012-11-25 00:00:00,8.93930739639767,-2.2738475433157532,20.535309517914726,5.954995036805967
2012-12-02 00:00:00,9.523218231922742,-0.9940125595417175,21.18618550337867,3.198968781966398
2012-12-09 00:00:00,10.255442998205268,-1.3047395993725086,21.55593046733585,3.2407375271271674
2012-12-16 00:00:00,10.289679496238552,-0.9180948431741331,21.378480493945506,5.032973654100469
2012-12-23 00:00:00,9.304856282360927,-1.359567660336312,21.12976026501632,3.5775919721585967
2012-12-30 00:00:00,7.717659998127823,-2.917701096818547,18.758041838620485,4.147423911459786
2013-01-06 00:00:00,6.342922476286712,-5.011451566902288,17.54340969366144,4.453124946135461
2013-01-13 00:00:00,5.851064489557691,-5.449394766234203,16.303985992253097,4.654042170246157
2013-01-20 00:00:00,6.372811338899304,-5.005375256269563,16.926857842551637,5.095086558591693
2013-01-27 00:00:00,7.486176641557255,-2.968180185518829,18.31272327359056,5.756673784324904
2013-02-03 00:00:00,8.493810620768782,-2.5905110738377743,18.549248177721466,6.66591397808115
2013-02-10 00:00:00,8.847037584600415,-2.288976369359755,20.441119048147964,7.730600679002252
2013-02-17 00:00:00,8.462106953791611,-4.022046655936482,19.43861651537835,9.104142124710524
2013-02-24 00:00:00,7.720618858118632,-3.616073799377581,18.73504621435436,10.12014149045523
2013-03-03 00:00:00,7.156426339325324,-4.124105337015809,17.670519225679385,11.078034658417156
2013-03-10 00:00:00,7.0871078300331645,-4.191192749809112,17.22442279358583,11.778139726417091
2013-03-17 00:00:00,7.492179002195704,-3.282022306768255,17.806442798536807,14.696564007515166
2013-03-24 00:00:00,8.1852981234887,-3.4663391499375678,19.165148283493952,13.820423434974714
2013-03-31 00:00:00,9.028846900932304,-2.402881565990384,19.84950284269036,12.040852485457185
2013-04-07 00:00:00,9.938764747621736,-1.9467657852274414,20.793513153864602,9.938709072052934
2013-04-14 00:00:00,10.731750910078043,-0.998695093761448,21.539220131187832,7.690078203482139
2013-04-21 00:00:00,11.099811378975135,-0.08825139953399308,21.926178383682394,7.6180751903107105
2013-04-28 00:00:00,10.846611958121134,-0.43905085402801447,22.270099562613566,8.501189316578992
2013-05-05 00:00:00,10.149526479413293,-1.2992482748826486,20.854157128315197,9.855023289628155
2013-05-12 00:00:00,9.493501662182403,-1.6114337679540256,20.720876634228606,11.15395792040114
2013-05-19 00:00:00,9.256740941018922,-2.2569961461205814,19.219418139309354,11.156044655733092
2013-05-26 00:00:00,9.352688364780851,-2.1504097696973083,20.85990624702996,10.373780821660969
2013-06-02 00:00:00,9.329371230003794,-2.604778835333793,19.67488698953831,9.3966746022048
2013-06-09 00:00:00,8.852829130287612,-1.624663842298613,20.318174476553864,7.781558268298004
2013-06-16 00:00:00,8.07555564065111,-3.2749942744969758,18.16190266776792,9.011969299999771
2013-06-23 00:00:00,7.50195361460923,-3.295010768153862,18.910329826338426,11.328036107567796
2013-06-30 00:00:00,7.493551193962011,-3.5327598017600756,18.985850413517483,13.95889432413443
2013-07-07 00:00:00,7.919785249148323,-3.297614520038408,18.950536113503638,20.08777595017175
2013-07-14 00:00:00,8.27878341748675,-3.1272107259479114,19.397878453318512,19.25318638267564
2013-07-21 00:00:00,8.13005090485563,-2.64432533416867,19.21516779654116,16.081114678181482
2013-07-28 00:00:00,7.432033346370038,-2.934806455376542,19.0686527403981,11.90665598897114
2013-08-04 00:00:00,6.559208508298572,-4.618820694374914,18.648396108073747,7.765277070487392
2013-08-11 00:00:00,6.084180274022051,-4.926988990138604,17.339338229825792,8.366512662070711
2013-08-18 00:00:00,6.498327969179154,-4.20243101561114,17.865426000478486,11.079294922026472
2013-08-25 00:00:00,7.94098295924177,-3.3396452046631744,18.938023662998653,14.869373345415427
2013-09-01 00:00:00,9.991725424448017,-0.6159807287405261,21.226047044368336,20.249323459799307
2013-09-08 00:00:00,11.711224510400886,0.40697446943826066,23.15281740942544,20.703494501248898
2013-09-15 00:00:00,12.107131660980682,0.3617102933807672,22.079860782658884,18.9162382144709
2013-09-22 00:00:00,10.853473404197572,-0.2736722461080614,22.73095473166466,15.875767824480882
2013-09-29 00:00:00,8.693072483317643,-2.3202594972722395,18.966227297203623,13.429730392517037
2013-10-06 00:00:00,7.036345220909846,-4.558066278627809,18.709426556632984,13.372318942706784
2013-10-13 00:00:00,6.93689805022677,-4.588987978350097,18.192300206042063,14.921700225914076
2013-10-20 00:00:00,8.275230007410757,-2.955477122179662,19.450337595364807,17.188891438862107
2013-10-27 00:00:00,9.895287643306009,-0.7467613473372499,20.366995532595926,21.519353064969884
2013-11-03 00:00:00,10.600186360241574,-0.8469083090706366,21.973433126262883,19.83388411248804
2013-11-10 00:00:00,10.118514215514224,-0.8289289252809713,21.29631213802644,15.705214994555933
2013-11-17 00:00:00,9.197626792797653,-0.8671817318927815,20.864640087092674,10.270280827986156
2013-11-24 00:00:00,8.815583812281224,-2.0821103997796335,19.319092832476663,6.09703000972701
2013-12-01 00:00:00,9.290861416647116,-1.8835311883889077,21.408022788780833,4.892514444231009
2013-12-08 00:00:00,10.070150029986026,-2.201832695349715,21.144826517290824,5.82369810691241
2013-12-15 00:00:00,10.279980376987421,-1.336129803846866,21.045553793282682,8.30186843912957
2013-12-22 00:00:00,9.47171068983116,-2.4914216309940223,21.02388377178952,8.48087212080394
2013-12-29 00:00:00,7.9424184728539675,-3.3217251601036395,18.2063658098561,10.044678106221578
2014-01-05 00:00:00,6.475777610989031,-4.728459899618748,16.651253552095724,11.290203479352384
2014-01-12 00:00:00,5.799564143279257,-4.939729029176835,16.127596495463216,12.042764293622092
2014-01-19 00:00:00,6.157419788215202,-4.3023310541536866,16.336021041881345,16.77419526470144
2014-01-26 00:00:00,7.213725234043969,-3.324935412135794,18.34962290580761,14.870113401152988
2014-02-02 00:00:00,8.290237708981659,-1.8574602992564468,19.53501898676625,11.414374867524828
2014-02-09 00:00:00,8.782014138732066,-1.9300147469301727,19.199311938442165,7.171538466620746
2014-02-16 00:00:00,8.511567042892732,-2.1407262835762744,19.642445530757946,3.7417316532079634
2014-02-23 00:00:00,7.793509692776408,-2.990899672468526,19.348864743047955,3.0535425301388064
2014-03-02 00:00:00,7.164552702473706,-4.31507653409011,18.141999778303344,3.992904301685909
2014-03-09 00:00:00,6.999619224763767,-3.810379009562709,17.521198776890763,5.955228514967324
2014-03-16 00:00:00,7.332357378372278,-3.8049590930494226,17.973577628456113,7.535371853225755
2014-03-23 00:00:00,7.987119123705999,-3.0790851657560196,19.53434349891544,7.448128466742219
2014-03-30 00:00:00,8.809739587723428,-1.9568479872704643,20.004407848910496,6.081397993710151
2014-04-06 00:00:00,9.716538940232201,-0.6794610416779658,20.77430389718448,4.050212686321872
2014-04-13 00:00:00,10.551205488204976,-0.6057850022369404,21.871600652412567,2.228821301792267
2014-04-20 00:00:00,11.017146824774144,-0.4674058169955444,21.661658378127672,2.863448690545679
2014-04-27 00:00:00,10.874329906695714,0.09426440788999102,21.813108975039977,4.629465143800418
2014-05-04 00:00:00,10.225651078371367,-0.7597633424962602,21.783657792952944,7.021671863861636
2014-05-11 00:00:00,9.525022343974776,-0.8768344278596203,19.888733838825463,12.345608732863456
2014-05-18 00:00:00,9.204499011215619,-1.8475540628239173,20.313644712153504,12.328473732728607
2014-05-25 00:00:00,9.268863187178601,-1.197432221441316,20.781082647586164,10.290937777732656
2014-06-01 00:00:00,9.301778766925125,-1.896818628751097,19.91083275713896,6.893497756675271
2014-06-08 00:00:00,8.91045624220867,-2.5317362148162097,20.720981232772772,4.6931382813782845
2014-06-15 00:00:00,8.154388793427891,-2.774421279683235,19.413592684558132,3.435399467677418
2014-06-22 00:00:00,7.506956913021586,-2.8342698407700517,18.461115469297823,3.625827405292396
2014-06-29 00:00:00,7.391758689300251,-3.324373409241087,19.51796987611046,4.989041845651904
2014-07-06 00:00:00,7.771449022961015,-3.7900811425129675,19.11218043218035,4.6292691280755545
2014-07-13 00:00:00,8.182531591528852,-2.565777651583627,19.06877171984478,5.740324594033769
2014-07-20 00:00:00,8.141141948732358,-2.4354908877151047,19.007434948641027,6.852124890974219
2014-07-27 00:00:00,7.523678292461013,-3.6863193246397294,18.18562048814434,7.893392386916456
2014-08-03 00:00:00,6.642130095661622,-5.788639353991119,17.123074423032115,10.334799681652244
2014-08-10 00:00:00,6.054047185592571,-5.394499436632753,17.294144975793234,10.729433853258064
2014-08-17 00:00:00,6.285648954122873,-4.590220378169331,17.840197264862482,10.661536424424922
2014-08-24 00:00:00,7.557780668608634,-3.6839213465602754,18.477842125956794,10.132748040664762
2014-08-31 00:00:00,9.557418272764536,-2.4970658168554287,20.1643926003984,11.560374512788604
2014-09-07 00:00:00,11.416508019759933,0.4791968619025546,22.461959217810865,9.744721221518596
2014-09-14 00:00:00,12.10079480758661,0.021261825243589882,23.580719137884074,7.356211453148312
2014-09-21 00:00:00,11.117903289718083,1.027832837492447,22.492701765658637,4.825507812544487
2014-09-28 00:00:00,9.023609635542254,-2.5975413557768725,20.54006244190859,2.3199947230176403
2014-10-05 00:00:00,7.174811929012453,-3.92367903834516,18.353610491022074,2.859803278865961
2014-10-12 00:00:00,6.767557258893971,-3.739135082337956,18.05387826487389,4.561852368086857
2014-10-19 00:00:00,7.913985677236967,-3.357165318201016,18.209148476611524,7.001756630029543
2014-10-26 00:00:00,9.586124883979542,-2.8246250231397596,21.001009251216654,11.860082096470038
2014-11-02 00:00:00,10.508525689816803,0.561641505760738,21.02997540383088,12.05575373728851
2014-11-09 00:00:00,10.206503199222395,-1.1086415405844825,21.31798484927897,10.35702195025602
2014-11-16 00:00:00,9.285213026473176,-2.2156837411965107,20.423286521521412,7.376455215985433
2014-11-23 00:00:00,8.756637810769522,-1.5065236106251572,19.74231003136721,4.70310103179884
2014-11-30 00:00:00,9.098167915495145,-2.81517658802904,19.991607900338572,4.785644063858921
2014-12-07 00:00:00,9.888692553368342,-1.7792516540320165,20.70552831696717,6.424915115900461
2014-12-14 00:00:00,10.25311936537452,-1.0405424292449634,21.99748743475827,9.075927788441778
2014-12-21 00:00:00,9.625852489473884,-1.266950232999335,21.215586371554984,13.746385517832913
2014-12-28 00:00:00,8.175185994791462,-2.926950017998564,19.690565226364612,13.056024366070082
2015-01-04 00:00:00,6.635209544258047,-4.210514449549137,17.397433479450356,9.877215391181489
2015-01-11 00:00:00,5.782648787958523,-6.429351520129082,16.33105746647245,4.969687724915521
2015-01-18 00:00:00,5.9652479778195975,-5.991132248704439,16.828726476927233,1.2669924168098596
2015-01-25 00:00:00,6.941709092799356,-4.129248682277854,18.020924209648154,0.6025430647002616
2015-02-01 00:00:00,8.066810072140628,-3.6438901250148206,19.534835097220427,1.8518071218849368
2015-02-08 00:00:00,8.691287718604613,-2.590387938012327,19.842673446949185,4.608520396604941
2015-02-15 00:00:00,8.546136512861292,-3.0593243515556523,18.96609053515496,6.751330875598727
2015-02-22 00:00:00,7.869742774884072,-3.38294136265014,18.937083227009904,8.296928090288263
2015-03-01 00:00:00,7.188484451275426,-4.207974114694167,18.394435955068968,9.050408106591378
2015-03-08 00:00:00,6.928581401840418,-3.758420647439678,18.045933737868317,9.220782927521636
2015-03-15 00:00:00,7.18267396783578,-4.066653570789157,17.700929216860594,10.02589433311903
2015-03-22 00:00:00,7.794033168515432,-3.509998572018951,18.551513086581863,11.277269124104842
2015-03-29 00:00:00,8.593542445290305,-2.15335440685849,18.699447830219615,13.210590146166114
2015-04-05 00:00:00,9.492499128980931,-1.2458852552026052,20.27832061159271,15.465421396610012
2015-04-12 00:00:00,10.358812511027326,-0.2650199556525603,22.02368943153663,21.034770481148
2015-04-19 00:00:00,10.91408810364858,-0.044230808930372234,22.66638831586647,19.666231332088728
2015-04-26 00:00:00,10.884866817554533,-0.35343341697703323,21.393557614743337,15.828764313881086
2015-05-03 00:00:00,10.300172151531552,-1.5570998684718855,21.460872548993883,10.109133872882197
2015-05-10 00:00:00,9.56994780752325,-1.8529402801111683,21.277262183612564,7.392747709359754
2015-05-17 00:00:00,9.165813869397256,-2.028550504250086,20.29142892666993,3.555279327733864
2015-05-24 00:00:00,9.18398838455777,-1.0415127258858217,21.723102442080222,2.322932289542609
2015-05-31 00:00:00,9.259322802896653,-1.0876641893833376,19.51648613387342,3.3887656733637743
2015-06-07 00:00:00,8.955235575325,-2.35792950880548,20.51385439073583,2.5707291379888924
2015-06-14 00:00:00,8.236861880438454,-3.4719573249019504,18.990739029197407,3.581380309280265
2015-06-21 00:00:00,7.530326513856989,-2.603910450726783,18.687093867139993,4.710407201015462
2015-06-28 00:00:00,7.307016749256576,-3.7579496295550925,18.037322478901427,5.797208351715383
2015-07-05 00:00:00,7.62417569315589,-5.099499572298754,18.286957102016018,10.732882421507991
2015-07-12 00:00:00,8.070827284337504,-3.475434877865073,19.67919247295453,9.010975201841369
2015-07-19 00:00:00,8.132674786482498,-2.936889674247322,19.26005712867569,5.208142905970515
2015-07-26 00:00:00,7.6062811803489545,-3.7082115628607184,18.429701438724724,0.0375874706801245
2015-08-02 00:00:00,6.734528589550169,-4.439169672591412,17.238486805584866,0.0
2015-08-09 00:00:00,6.050877778567545,-4.822021323627421,17.554236669350896,0.0
2015-08-16 00:00:00,6.107623965887,-4.910161805168499,17.120914493757112,0.0
2015-08-23 00:00:00,7.199399547586635,-3.5693662540499,18.67424647545107,0.0
2015-08-30 00:00:00,9.11923432796985,-2.7450028619869364,20.173857244755048,12.087093558707306
2015-09-06 00:00:00,11.082911721132373,0.8257117188560397,21.85306319197884,13.899221796845405
2015-09-13 00:00:00,12.038345955279956,2.1077429638627354,23.092162288853075,13.304182756191777
2015-09-20 00:00:00,11.344583030271053,0.28300630681029126,22.77608195916447,10.688676888255516
2015-09-27 00:00:00,9.36243971359482,-1.613335476771537,20.07066296710391,9.534486319584367
2015-10-04 00:00:00,7.362423949530025,-3.749865495583556,18.815281806596484,7.947698609559736
2015-10-11 00:00:00,6.6511209292648825,-4.9925390971015915,17.967296100104626,7.534375497299745
2015-10-18 00:00:00,7.570251581709799,-4.090110497999525,17.969898714225504,8.145435573556156
2015-10-25 00:00:00,9.250732881754907,-1.305283686045593,20.536522018884465,7.729972003864708
2015-11-01 00:00:00,10.374712687506674,0.029684330871695863,21.01943385194791,8.2073625507141
2015-11-08 00:00:00,10.273650022131797,-0.7301570585524022,20.66311763325423,8.514135586288724
2015-11-15 00:00:00,9.386989335404639,-1.4933792183255008,20.188501024312213,8.71052585913247
2015-11-22 00:00:00,8.728126128480392,-2.2636423993733636,19.758979811107025,8.784396329250345
2015-11-29 00:00:00,8.921133693842016,-2.1787916962361926,19.40470936203655,9.609099102231834
2015-12-06 00:00:00,9.692765793070645,-1.9149385376257602,20.838928848741407,10.820202593391896
2015-12-13 00:00:00,10.192573615539173,-0.8191925622191221,21.50456694774686,12.238796975125924
2015-12-20 00:00:00,9.752213456457838,-1.5999952077385764,20.22674323255891,15.63121160690672
2015-12-27 00:00:00,8.405086449906765,-2.645019771659399,19.60364892320081,14.530979192350571
2016-01-03 00:00:00,6.817848253305698,-3.4915257090633105,17.615745568750395,11.732858202528504
2016-01-10 00:00:00,5.800448301364083,-4.822626930633202,16.457647506396466,7.847945998214203
2016-01-17 00:00:00,5.799574478279892,-4.439562339667734,16.166176404069418,4.294390381748304
2016-01-24 00:00:00,6.674507057004082,-4.506309609333496,18.175737647360336,6.547746965469036
2016-01-31 00:00:00,7.826413172391417,-3.498377524843395,18.46068782973329,11.645937831953573
2016-02-07 00:00:00,8.574649088668522,-2.8463745203671564,19.64643819477157,18.96441982082909
2016-02-14 00:00:00,8.563028587284904,-2.9269039879617225,18.88451159601791,35.293012447039
2016-02-21 00:00:00,7.946211500890135,-3.1202605875945366,18.69459501174608,37.45129708211523
2016-02-28 00:00:00,7.226909689074142,-3.9751107749331283,17.46903821102348,34.06537237123642
2016-03-06 00:00:00,6.874703997562526,-4.616824187566223,17.128630538407112,25.83830309960937
2016-03-13 00:00:00,7.044416245319399,-3.7546988949200397,18.029103374264473,23.190079178098536
2016-03-20 00:00:00,7.6067089751433015,-3.3227304109581226,19.02603442203708,15.481036231065175
2016-03-27 00:00:00,8.380698266216397,-2.3850372931460946,20.201676283666508,10.702194682098831
2016-04-03 00:00:00,9.267967004616246,-1.8266307544391776,20.731797172671758,8.660183908737453
2016-04-10 00:00:00,10.156617528722965,-1.558791311959883,20.68048756000439,5.733285594116294
2016-04-17 00:00:00,10.791585277354399,-0.44840955366788293,21.864412826941347,5.730191277283533
2016-04-24 00:00:00,10.876601652724693,-0.3726813034381511,21.867679624976915,6.23571116047335
2016-05-01 00:00:00,10.369896515559066,-1.1834405139920374,21.836035873614602,7.172308968126823
2016-05-08 00:00:00,9.626434971045542,-2.794676674209505,19.57122034231063,8.139985411847652
2016-05-15 00:00:00,9.142033177480329,-2.1704112750688935,19.888455590279722,8.514760095352417
2016-05-22 00:00:00,9.10120790236283,-2.062566259877828,19.995641917575394,8.46059213591037
2016-05-29 00:00:00,9.203614729313184,-2.1399951552117713,20.472207814514643,8.046658356889562
2016-06-05 00:00:00,8.985472765585431,-2.7290871463573545,19.02860465778373,7.602093054012712
2016-06-12 00:00:00,8.319628715061691,-2.207275869202597,19.47444526450376,7.792584797938053
2016-06-19 00:00:00,7.570385287533907,-2.7892570300903436,18.63853600169999,8.40395748378336
2016-06-26 00:00:00,7.240927028338563,-3.6720618311485502,18.174721275847826,9.363360664265874
2016-07-03 00:00:00,7.481353709799261,-3.424903928670666,19.383685951391875,10.5560550650109
2016-07-10 00:00:00,7.9459781089895705,-2.789773985917293,19.436522431785956,10.764419305148255
2016-07-17 00:00:00,8.10423227435058,-2.650292180938475,19.017689716250793,10.42473202913125
2016-07-24 00:00:00,7.677131104465998,-3.164506842661609,19.124562632893074,9.707288600709589
2016-07-31 00:00:00,6.832920240462663,-4.944135593870659,17.989435343528555,8.422404489808219
2016-08-07 00:00:00,6.07202116266217,-5.001481766477021,16.608733196719477,10.160926897667416
2016-08-14 00:00:00,5.963978597357741,-5.405895190089023,16.627931558758505,13.37012315912894
2016-08-21 00:00:00,6.869087295341828,-4.715710922276777,19.11447104119891,17.78954045339543
2016-08-28 00:00:00,8.683326861268574,-2.3095871782221984,19.931861398345376,25.173236953267764
2016-09-04 00:00:00,10.716120543949877,0.047826732396528016,21.50407832164078,26.59592140685677
2016-09-11 00:00:00,11.920497433772486,0.32763448630283065,22.789237545419855,25.408660668950063
2016-09-18 00:00:00,11.52755124661719,0.02736503768858789,23.451867357558854,21.8565949709254
2016-09-25 00:00:00,9.700574485297622,-1.6321901099110203,21.067515667352694,19.99021559846396
2016-10-02 00:00:00,7.5939363064226715,-2.572046614048645,18.954583819241858,16.959571529469283
2016-10-09 00:00:00,6.590219622694201,-4.992253904168571,17.345231522646976,15.018461312745837
2016-10-16 00:00:00,7.252107685987766,-3.4204143142127563,18.15742108385566,14.054694559320918
2016-10-23 00:00:00,8.895687695615115,-2.0310567616823665,19.5974654696365,13.476176451023184
2016-10-30 00:00:00,10.198607566116527,-1.4525968582565767,21.45858415845692,11.77164997129161
2016-11-06 00:00:00,10.314122400828435,-0.7031260046148926,21.323218442120265,9.416836567055206
2016-11-13 00:00:00,9.497239089953489,-2.08909180600849,21.046029616412643,6.59967601063
2016-11-20 00:00:00,8.729435526677285,-2.151452824541799,20.343503318505082,3.648138927877158
2016-11-27 00:00:00,8.764217142364679,-2.180937684635005,20.16886200805296,4.265854359259076
2016-12-04 00:00:00,9.487611293840281,-2.1901012434824167,19.898125587797534,6.560743739640956
2016-12-11 00:00:00,10.10002149181149,-1.2260003072921553,20.966538850220115,10.283866973222809
2016-12-18 00:00:00,9.847884868918833,-1.4981643631423527,21.496499056493505,17.237855419954943
2016-12-25 00:00:00,8.626974403828788,-2.7471594288222505,20.33443408803193,17.51848273247489
2017-01-01 00:00:00,7.019710975651676,-4.724642998845496,18.58949066959102,14.497929535816562
2017-01-08 00:00:00,5.852310216479287,-4.791780485780123,16.281554888241732,8.515807311753605
2017-01-15 00:00:00,5.66310249525527,-5.2951811320240765,16.312668721281742,4.5162225918594245
2017-01-22 00:00:00,6.41636481845226,-5.113439806071799,17.947204550145912,0.3467454457616029
2017-01-29 00:00:00,7.57223101835966,-3.5036334648302443,19.15408649013818,0.0423534674943392
2017-02-05 00:00:00,8.43233204917637,-2.1537108376561847,20.206748898710952,3.3475464948846323
2017-02-12 00:00:00,8.559639518534688,-2.258340728694513,19.44298689905566,3.939545691301288
2017-02-19 00:00:00,8.019537795429114,-3.378592568258007,18.609827394107423,5.71922525484199
2017-02-26 00:00:00,7.277978736411361,-3.4839037280972285,18.50460952813539,7.07844586831045
2017-03-05 00:00:00,6.838282511055796,-4.952194590471159,17.770478213312053,8.021387185546269
2017-03-12 00:00:00,6.9187644551827105,-4.782115498133191,18.17161529309783,10.294338542758092
2017-03-19 00:00:00,7.4258217888136056,-3.775619545516971,18.2453213467245,10.57236905870344
2017-03-26 00:00:00,8.171484206441392,-3.6282437650478165,19.243438700253293,10.44254506398992
2017-04-02 00:00:00,9.04394721624595,-2.0509841617865607,19.736900044059507,9.955086334548543
2017-04-09 00:00:00,9.946527377084186,-2.11082280070476,21.943407966025077,9.293291546139448
2017-04-16 00:00:00,10.650832584452573,-0.502494306182097,22.612598479597523,9.606242807287984
2017-04-23 00:00:00,10.848281027655716,0.4314335842960606,22.153296119223107,10.493294281636455
2017-04-30 00:00:00,10.43162279626536,-1.0458386683099619,21.24227147797524,11.871510364936112
2017-05-07 00:00:00,9.69209597526908,-1.973406542815777,21.08948174120161,14.108949481433164
2017-05-14 00:00:00,9.133849602136488,-1.9395555556550743,20.34511822600623,13.798483326844549
2017-05-21 00:00:00,9.023490573669356,-1.068624731120476,22.166959895516044,12.194946419590996
2017-05-28 00:00:00,9.136677103497393,-2.0240579911376546,20.77498540184597,9.414827772131297
2017-06-04 00:00:00,8.999960952236119,-1.9811539251497,20.152710668753155,6.801564273326526
2017-06-11 00:00:00,8.399324032567494,-2.477165876998999,19.338483223200782,5.56984086847175
2017-06-18 00:00:00,7.624884282938221,-3.2783802747266577,18.498223172976193,5.593122416522704
2017-06-25 00:00:00,7.194468767998345,-3.6320828951249027,18.698663954547754,6.794076441679021
2017-07-02 00:00:00,7.346200639190054,-3.832368822650796,18.658337804396695,7.552617448919434
2017-07-09 00:00:00,7.810609308177756,-2.883584193350462,18.196350923238498,8.34490669142744
2017-07-16 00:00:00,8.055853138237678,-3.0187367057759467,19.321756917025052,8.642926972775964
2017-07-23 00:00:00,7.733780316684633,-2.6226005023251417,19.522167906309775,8.471019886877164
2017-07-30 00:00:00,6.9337942116641225,-3.8718888750904057,17.797767703239945,8.570228829933441
2017-08-06 00:00:00,6.114523870645898,-6.1566306760759275,17.244695811741735,8.337523625754363
2017-08-13 00:00:00,5.853870102690244,-5.10521203058607,17.6330984183708,8.207511227712441
2017-08-20 00:00:00,6.569403334928945,-4.559239818017964,17.333621497747195,8.148769316599756
2017-08-27 00:00:00,8.255473129963612,-2.7577954685342725,19.193478038476123,8.980653378317289
2017-09-03 00:00:00,10.322222878877973,-0.5279861733236615,21.555198303556843,7.676333381371232
2017-09-10 00:00:00,11.74908989099343,0.6023995287147095,22.17095532750287,5.556584247260943
2017-09-17 00:00:00,11.661911807168305,0.9135635602683525,22.603335080946856,2.7344539930505363
2017-09-24 00:00:00,10.029081719383523,-0.7235311535045792,20.836350444417356,0.5065292638578894
2017-10-01 00:00:00,7.862971361019976,-3.459517781740775,18.925490127465537,0.6967884185944837
2017-10-08 00:00:00,6.586052999490011,-4.810330998502973,17.628001619859038,2.199264653894524
2017-10-15 00:00:00,6.96711394451139,-4.453429539049228,18.307354620292152,4.913425663653103
2017-10-22 00:00:00,8.528358531182706,-1.3127503921167172,19.743026200580925,10.665427698949832
2017-10-29 00:00:00,9.981402181852344,-0.9559524283672634,20.29410346679291,11.961392635530144
2017-11-05 00:00:00,10.322767082405464,-0.6778391475259848,21.40152245478127,11.011066639723136
2017-11-12 00:00:00,9.609775257904767,-2.251203120873285,20.66250009493932,7.942155025796887
2017-11-19 00:00:00,8.758900971386279,-2.3861047054578286,19.397167354936386,5.115904730867923
2017-11-26 00:00:00,8.631235615965412,-2.558322828436978,20.08221286272878,3.3685548799177694
2017-12-03 00:00:00,9.278738512149413,-2.076138121648082,20.550014662868726,3.305357562749508
2017-12-10 00:00:00,9.978004094829696,-0.5988449086372896,21.15836448058264,4.8421998264648
2017-12-17 00:00:00,9.919591714035128,-1.0140274397012075,19.618071951003294,6.0096311296267935
2017-12-24 00:00:00,8.853640550208667,-1.647718417355705,20.322804799860723,6.745491604917161
2017-12-31 00:00:00,7.263062688686209,-3.572837851651286,18.132389733026876,6.594722200909062
2018-01-07 00:00:00,5.97247142783216,-5.507668501625467,16.385774555706416,5.598180064546985
2018-01-14 00:00:00,5.60245389028781,-6.092241881751583,17.544017547437612,4.737688325587435
2018-01-21 00:00:00,6.224745069517722,-4.494503868755125,17.45960021963385,4.017656320271144
2018-01-28 00:00:00,7.370002155889181,-3.581446428693358,18.254245962621702,3.803471091902447
2018-02-04 00:00:00,8.336219685708361,-3.128354058851592,19.586525547644552,4.073201262238974
2018-02-11 00:00:00,8.613704589537658,-2.0615209184967984,19.97005333297977,4.270562455182865
2018-02-18 00:00:00,8.175105687285239,-2.2507413188259413,19.446237631660452,4.36767092815799
2018-02-25 00:00:00,7.437147700964193,-3.9557332857735226,17.894217245347804,4.206427647962689
2018-03-04 00:00:00,6.925845002080431,-4.641750895988544,17.724233412667722,3.787355968696459
2018-03-11 00:00:00,6.922303456684173,-4.275826304471941,18.248275309130765,4.052040862799274
2018-03-18 00:00:00,7.376488412961804,-3.6554456424274058,17.776129233190375,2.875369506059144
2018-03-25 00:00:00,8.099352959566325,-3.2226450057868377,18.730168996161893,1.3885976311415829
2018-04-01 00:00:00,8.963303660272064,-2.021073649497387,20.122706302082868,0.0
2018-04-08 00:00:00,9.881290441550036,-0.9363865677956174,20.548340098721958,0.0
2018-04-15 00:00:00,10.65311143008435,-0.9277637170194843,21.21268463629287,0.0
2018-04-22 00:00:00,10.967809371945926,-0.5339859255852346,22.923989257913036,0.0
2018-04-29 00:00:00,10.659881189252847,-0.17723982398617366,21.70239933425271,0.0
2018-05-06 00:00:00,9.950590625563612,-0.7518874813681897,20.8955200883252,6.020650384894294
2018-05-13 00:00:00,9.336654360256656,-1.726640072059066,20.07330838737569,7.124916740992382
2018-05-20 00:00:00,9.157767137207273,-1.5203301571829613,20.13313171144143,6.776762975483179
2018-05-27 00:00:00,9.273982331115283,-2.438717631504332,20.861465083058956,5.025694898630146
2018-06-03 00:00:00,9.220006120028627,-1.980291119815833,19.722948035780906,3.6969197914531966
2018-06-10 00:00:00,8.703534613572396,-2.2780879246039163,18.997890550490844,1.987955147020928
2018-06-17 00:00:00,7.9308011409442924,-3.7755976179425517,19.263163547414816,1.229819632136557
2018-06-24 00:00:00,7.416557424280336,-3.242406543312022,19.1473535652327,1.4013134293893184
2018-07-01 00:00:00,7.479127899831009,-3.182541252410701,18.946707624414234,1.4641117853595398
2018-07-08 00:00:00,7.933928662159517,-3.1174068822611822,18.803253548125205,1.8862394486180527
2018-07-15 00:00:00,8.263238712929272,-2.502810710061066,20.215236230963008,2.267609584996918
2018-07-22 00:00:00,8.058162706976535,-3.5248574170529707,19.593928038605302,2.6124921810254897
2018-07-29 00:00:00,7.326603076408731,-3.546781549389884,18.569278913982636,3.059376495722929
2018-08-05 00:00:00,6.476986759045588,-4.7790037344904235,17.159590678619118,3.647625300048519
2018-08-12 00:00:00,6.0866083689431925,-5.300741130023987,16.823520157058365,4.413268158449553
2018-08-19 00:00:00,6.6217623453950685,-3.6210510304914685,18.13527196331409,5.340635045778999
2018-08-26 00:00:00,8.169393209213835,-2.7634909026434116,19.44768892555522,6.84877289891248
2018-09-02 00:00:00,10.256367768433282,-1.4724435731528747,20.594129281209735,6.900347572510782
2018-09-09 00:00:00,11.896216130556688,0.6355146408337706,23.68230088718837,6.19343223643046
2018-09-16 00:00:00,12.13353559273342,0.011782553922058625,22.791444437897297,4.748805292146278
2018-09-23 00:00:00,10.749323071880008,-0.05324604280925627,21.963304418997765,3.716141927696609
2018-09-30 00:00:00,8.592604065654154,-1.7365509365540017,20.824270564150254,2.260844546159224
2018-10-07 00:00:00,7.089158956106337,-3.5519611903419595,19.01665977246189,1.329205423981474
2018-10-14 00:00:00,7.1932938224934455,-3.430038363590139,18.587784167063074,0.9242611021626946
2018-10-21 00:00:00,8.648310615082245,-2.64065436617852,21.004191165934415,0.7265998807099738
2018-10-28 00:00:00,10.23762459330861,-0.8750578449593025,21.82590943544234,1.3129817145819973
2018-11-04 00:00:00,10.827702997244256,-0.3338872568412299,20.88968775797794,2.356095320752707
2018-11-11 00:00:00,10.270939293722362,-1.2186278464899143,22.054601041389887,3.8347760839553215
2018-11-18 00:00:00,9.387043301281174,-1.8535904649276045,19.907848039161486,6.630497219998722
2018-11-25 00:00:00,9.118839277310563,-1.7439617392890447,19.752176865196812,7.130418112916864
2018-12-02 00:00:00,9.685771024861232,-1.6837167043492336,20.16461487918457,6.411762308129584
2018-12-09 00:00:00,10.464274119531902,-0.4293141070269879,21.61496485697726,4.518680358954834
2018-12-16 00:00:00,10.594191463780854,-0.7743588373258667,21.07749783774314,2.365221714243654
2018-12-23 00:00:00,9.70238688410777,-0.4462454838881751,20.64331113532024,2.474364051066436
2018-12-30 00:00:00,8.158985503234195,-3.6276928090103695,19.334611041669817,4.181831714971007
2019-01-06 00:00:00,6.7685848132085145,-3.992897488228543,18.46396100274506,7.439487519718904
2019-01-13 00:00:00,6.222658667216178,-5.049075391942541,16.96638970425111,12.544579623609623
2019-01-20 00:00:00,6.700810184306347,-4.415537437466501,17.057195728549797,14.02873673964866
2019-01-27 00:00:00,7.814543205900589,-4.002330528892891,19.0911161024734,13.075318756602629
2019-02-03 00:00:00,8.872456876441202,-2.305282929856201,20.79983985242318,9.734080880139087
2019-02-10 00:00:00,9.30200959350488,-2.1565326042643456,20.922830490382502,6.428990709841682
2019-02-17 00:00:00,8.981828728673104,-2.1483788463355786,20.362457376441412,3.660994701148849
2019-02-24 00:00:00,8.267930263451731,-2.3701452513382115,19.071935586345084,2.73479033949132
2019-03-03 00:00:00,7.69686727088127,-3.7463185985653062,18.968846776557143,3.636129249518148
2019-03-10 00:00:00,7.609754638867328,-3.4326087372743608,17.770859144332046,4.513102332575238
2019-03-17 00:00:00,8.007081414615664,-2.7567532575870075,19.146370755420946,6.696353883905893
2019-03-24 00:00:00,8.705827278900236,-1.9336982215623433,19.624766476213672,9.328140145802651
2019-03-31 00:00:00,9.561667139547804,-2.6701669475957814,21.29681117822706,12.384214637716214
2019-04-07 00:00:00,10.491372653580662,-0.6732676184303124,21.84402924517488,17.349165331967875
2019-04-14 00:00:00,11.322678937683987,0.5913611446807732,22.28213556258599,18.203504332261925
2019-04-21 00:00:00,11.751238394089793,0.6487342089564727,22.299997067567727,16.8781654499534
2019-04-28 00:00:00,11.562046166479941,0.3270443283322475,22.169351066675056,13.412785885816794
2019-05-05 00:00:00,10.902778119948701,0.12646890810700206,22.43157345754497,9.563057630134818
2019-05-12 00:00:00,10.247625395005041,0.07615141021726934,21.305927877249925,7.379560786155045
2019-05-19 00:00:00,9.997953690911725,-0.6524426666306393,20.541707047503046,7.14497084891832
2019-05-26 00:00:00,10.103520296041362,-0.719608546521437,21.50457450864416,8.834221734791818
2019-06-02 00:00:00,10.124639821861749,-1.5788944825515525,20.90861798660636,10.67274277366468
2019-06-09 00:00:00,9.702139421025148,-1.6254105848030687,21.31090917817138,12.301476372890066
2019-06-16 00:00:00,8.951693950641456,-2.149832470812008,20.009820358925822,13.10679182470886
2019-06-23 00:00:00,8.3673278286185,-2.561524401140435,18.910611530114892,13.095286028736394
2019-06-30 00:00:00,8.336980549226709,-2.6698342078899238,19.242053036927327,13.191655587954806
2019-07-07 00:00:00,8.76701659427997,-2.1501328977116856,20.013191138052417,12.603633081552534
2019-07-14 00:00:00,9.169149018791543,-1.1132341748214802,20.353195491158004,11.999755056364064
2019-07-21 00:00:00,9.084075265397054,-2.006368384023151,19.828923530354317,11.381253274128598
2019-07-28 00:00:00,8.437286526183149,-3.3371004174895944,19.83526698772351,10.736541317229037
2019-08-04 00:00:00,7.579119579978047,-3.0621640677193334,18.65864242856986,10.311214098079812
2019-08-11 00:00:00,7.077242668505226,-3.9784666872163115,17.836406111631902,10.033634860515852
2019-08-18 00:00:00,7.438018960186961,-3.3312058754399416,18.54714843686105,9.8988577241753
2019-08-25 00:00:00,8.834280253632109,-2.472547711931295,20.248625325455208,10.056610727621216
2019-09-01 00:00:00,10.88860152230746,0.41502758525848726,21.987772684185927,9.214454527676066
2019-09-08 00:00:00,12.688480287347476,1.774806660369073,22.96416707085215,7.771787180426426
2019-09-15 00:00:00,13.221868258338308,1.636883721462711,24.7115606070324,5.741345564276296
2019-09-22 00:00:00,12.094301187435267,0.8557408633710271,23.264513634575287,3.5032084078038013
2019-09-29 00:00:00,9.97507667557661,-1.7597118595688244,21.403691766336053,3.0345283164901056
2019-10-06 00:00:00,8.25731243442219,-3.102386545034122,19.392094299596522,3.866979848972026
2019-10-13 00:00:00,8.055207750596526,-3.6303658217562322,19.030650231579415,5.987382426734069
2019-10-20 00:00:00,9.341738435298588,-1.6044150335378031,19.59614691928756,8.744867285630189
2019-10-27 00:00:00,11.008134996061424,-0.3255376260739915,22.92415578235294,10.44124883781324
2019-11-03 00:00:00,11.821906415057118,0.13768777637017493,22.60491156737945,11.091109367736696
2019-11-10 00:00:00,11.429611761647053,0.15359964670751403,22.10212560662883,10.703022508819878
2019-11-17 00:00:00,10.524820813055236,-1.0528510985113453,22.838067445257693,10.069200520957189
2019-11-24 00:00:00,10.102968155829778,-0.5354800836929634,20.090890666217575,9.764822477796177
2019-12-01 00:00:00,10.547229647914246,-0.043829496867051176,21.07283858406495,10.094432054342631
2019-12-08 00:00:00,11.355047138802512,0.6975520538120623,22.392053959766375,11.051792946904008
2019-12-15 00:00:00,11.649179431385296,0.5214944430292086,21.98907933727184,12.280136386809373
2019-12-22 00:00:00,10.93272351586305,0.21064031621478918,21.985401216454832,12.765729647211582
2019-12-29 00:00:00,9.452180569768165,-1.6337573502459364,20.451040209683544,12.535401182406702
2020-01-05 00:00:00,7.973580092098964,-2.5808560539996854,18.868887743865706,11.595029783572336
2020-01-12 00:00:00,7.246074316777508,-3.522497833267309,17.893489673891953,10.394738561948806
2020-01-19 00:00:00,7.555426739325933,-3.316718923478131,17.951669225491294,9.837015754028933
2020-01-26 00:00:00,8.602883682740142,-2.923020095977705,19.400662430764786,9.96804220469788
2020-02-02 00:00:00,9.721765869180519,-0.8912348649744395,21.246801836917424,10.780451479324386
2020-02-09 00:00:00,10.287906841779057,0.21276693580765027,21.208197274362764,12.07588605436111
2020-02-16 00:00:00,10.086824946394612,-1.5465316173295758,20.33855563193964,11.739300956169464
2020-02-23 00:00:00,9.403658567080695,-1.9770210045070815,20.87910346209626,10.074471671670311
2020-03-01 00:00:00,8.772585486005164,-2.502932267013474,19.02704110802971,7.090589317799117
2020-03-08 00:00:00,8.589882762992755,-2.6501806166367032,19.57737702084555,4.030795541839196
2020-03-15 00:00:00,8.912300401099628,-2.20488333603425,20.199785272547285,1.6776065802112894
2020-03-22 00:00:00,9.570748831679367,-1.8124528089513419,20.055681509670002,0.8732292322726996
2020-03-29 00:00:00,10.404800946568566,-0.20427683091160986,21.067177066508016,1.6144186456768137
2020-04-05 00:00:00,11.329383743941388,0.41816501126445793,23.097518321670616,2.8317073280756366
2020-04-12 00:00:00,12.198282989316628,0.5885799480219074,23.33572626399355,4.7991475154266485
2020-04-19 00:00:00,12.721459248619354,1.4605360259197795,24.403976736883934,7.131874488141039
2020-04-26 00:00:00,12.644246519760909,1.6287781053873402,23.2544828244871,9.825419668356677
2020-05-03 00:00:00,12.039776555598966,1.6890040338871657,23.112963326152254,13.5964404805225
2020-05-10 00:00:00,11.34582703601787,0.525450540800227,22.98018993311566,15.033280465360829
2020-05-17 00:00:00,11.012067122044385,-0.048309247009520107,21.887377575875952,15.002021800265164
2020-05-24 00:00:00,11.080024989441295,-0.17028569904690727,22.079101173549407,13.506450253851511
2020-05-31 00:00:00,11.152069933040622,0.3040233091313489,22.609612623983615,11.859850724929329
2020-06-07 00:00:00,10.815990817563211,-0.4156959837421681,22.27052918548779,9.275685281225137
2020-06-14 00:00:00,10.093508475755229,-1.960122770003478,21.078971823517712,6.870170564737077
2020-06-21 00:00:00,9.440968557109873,-1.3963799438061812,20.68483355419218,4.644689429108456
2020-06-28 00:00:00,9.302905878670739,-2.538785994872036,20.134009398938517,2.7002742712229626
2020-07-05 00:00:00,9.679818594153677,-1.7283785586423175,21.32103252561662,1.7084241172548944
2020-07-12 00:00:00,10.127587368971277,-1.5815975274108265,21.163479652039072,1.5452443885521896
2020-07-19 00:00:00,10.148545852710253,-1.2891523679748236,21.527494648639056,2.208656222969953
2020-07-26 00:00:00,9.586777718555958,-1.974183209087732,20.566271231399394,3.1599651505997928
2020-08-02 00:00:00,8.727368003093947,-2.8882076508361294,19.367310045867793,3.9943859682489578
2020-08-09 00:00:00,8.119312475486625,-3.220715687755291,19.363035206408917,4.498178079440027
2020-08-16 00:00:00,8.300315961452771,-2.2873486734258464,20.32113999429294,4.672668801711224
2020-08-23 00:00:00,9.521691598596952,-1.4264118540196673,20.431235932054918,4.741128325105683
2020-08-30 00:00:00,11.513102969255144,-0.8932997204577386,22.26464742456978,5.303510831274242
2020-09-06 00:00:00,13.438678165450009,2.5945526179742107,24.577021076909837,6.40367097316511
2020-09-13 00:00:00,14.254191276994598,2.316755950072979,25.040423950032512,8.039486870454967
2020-09-20 00:00:00,13.40552369838364,2.592128921565383,24.764086345696697,10.13927120937537
2020-09-27 00:00:00,11.371116232669747,1.0506441812574696,22.28602376905303,10.935168577112623
2020-10-04 00:00:00,9.477099384569346,-2.639265970072131,20.53302566108205,10.600632252536272
2020-10-11 00:00:00,8.967734918038456,-1.8187038619924873,20.95701885544594,9.13792296097574
2020-10-18 00:00:00,10.047614493346966,-1.7992625051722104,21.42569701182851,7.187349783441594
2020-10-25 00:00:00,11.748858131782473,0.8525421189523925,22.398961922278126,5.866353958572878
2020-11-01 00:00:00,12.77459273052813,1.4927320569991043,24.609600526979225,5.461532368588659
2020-11-08 00:00:00,12.57110481106221,1.6359309410770546,24.30590191904512,5.972560889396871
2020-11-15 00:00:00,11.679836274838374,1.488433406879059,22.71595065718574,6.91621003314607
2020-11-22 00:00:00,11.117305471929793,-0.9833949050186472,22.5083706914498,8.74838792498379
2020-11-29 00:00:00,11.421332290623633,0.4072443757227351,22.559905210094776,11.119747062534028
2020-12-06 00:00:00,12.228297707340516,1.0551999675158967,23.428716971623516,14.028649979336112
2020-12-13 00:00:00,12.669800085641546,1.9792939679536126,23.672493715427272,17.590929047707355
2020-12-20 00:00:00,12.137246356027124,0.9814833800996219,22.898190487957947,19.18895980902369
2020-12-27 00:00:00,10.745523735299962,-1.1771969473237078,21.936635280753556,19.16462718186145
2021-01-03 00:00:00,9.203842215448503,-1.8234623075240428,19.94873166174826,17.51887496140751
2021-01-10 00:00:00,8.304179672913257,-2.477712473587488,19.553336389945773,15.408212781135848
2021-01-17 00:00:00,8.434597665240497,-2.4877329009141924,19.83559261778536,12.045684534055663
2021-01-24 00:00:00,9.39337867830082,-1.8739330007680213,20.376868296680236,8.521656008425749
2021-01-31 00:00:00,10.55229106467462,-0.5966212639435255,21.29010748867578,4.8374416763827375
2021-02-07 00:00:00,11.247920302132355,0.5916114354345758,21.912008255839936,1.4441071790388935
2021-02-14 00:00:00,11.175752904121193,-0.5290037366650839,22.344905901789048,0.4421331131860838
2021-02-21 00:00:00,10.541478295216484,-0.640998103906556,22.24193869404659,1.5399987472866503
2021-02-28 00:00:00,9.863604229080437,-0.9834372562163214,20.04985709447056,4.736359960488373
2021-03-07 00:00:00,9.58674687389163,-1.166990153131234,20.35988173399624,9.605994078191838
2021-03-14 00:00:00,9.828137653662658,-0.6692991283642282,20.684637501499882,13.496215379974895
2021-03-21 00:00:00,10.44098619220611,-0.4555349524583736,21.16151705867641,16.2296240338841
2021-03-28 00:00:00,11.251000141589463,0.62759960060278,22.017347982923813,17.806359507949168
2021-04-04 00:00:00,12.166103352986513,1.058618204141089,22.634619142061897,18.93720086548376
2021-04-11 00:00:00,13.062826364553588,1.4100038101843992,24.313539794846914,18.668696788025564
2021-04-18 00:00:00,13.671589186013804,3.066685593140342,24.452353017357307,17.642962538841513
2021-04-25 00:00:00,13.708531466290207,2.437634734559781,24.341073343224018,15.860444807649175
2021-05-02 00:00:00,13.173858279843245,1.9874163242705851,24.314151187456154,13.687041153704666
2021-05-09 00:00:00,12.45672302078206,1.1408989107444647,24.42601335895276,12.359213589597196
2021-05-16 00:00:00,12.04030945911362,0.9183987386433525,23.259901817494324,12.034288678550809
2021-05-23 00:00:00,12.056708534373893,0.9620728717525413,23.2700376978312,12.711817578147327
2021-05-30 00:00:00,12.165184891904293,0.8805095887425409,23.068677802655614,13.94069078436964
2021-06-06 00:00:00,11.916219242448314,0.6124658162641676,23.21151695087839,14.020532187169408
2021-06-13 00:00:00,11.237592188485175,1.4824641028348307,22.19223199405284,12.737875929643003
2021-06-20 00:00:00,10.532335532877592,-0.2201826840308332,21.681942060455857,10.093262098817943
2021-06-27 00:00:00,10.286552539764081,-0.7350828898403918,21.264173155347954,6.777088573628194
2021-07-04 00:00:00,10.595011673381427,-0.8569269670855402,21.373464877891546,5.690220772052589
2021-07-11 00:00:00,11.0714132725623,0.1048449164907801,21.7920139935995,7.075575002426084
2021-07-18 00:00:00,11.193196646103617,0.06775120534441648,21.880828205954536,10.932531651893132
2021-07-25 00:00:00,10.726073497272163,-1.0596937414013663,22.298200232716454,16.276448772568397
2021-08-01 00:00:00,9.883665930520166,-0.5321833208706952,20.64458261213246,18.23277942716006
2021-08-08 00:00:00,9.187284873490723,-2.268989684283113,19.943004877752784,16.215715344079957
2021-08-15 00:00:00,9.197188141016053,-1.7551543137953853,20.103356129449192,10.225889456191592
2021-08-22 00:00:00,10.235265327330533,-1.2648507669326818,21.477516938386504,1.9137512910075285
2021-08-29 00:00:00,12.136187703984326,0.7486262603500933,22.852899079165432,0.0
2021-09-05 00:00:00,14.152172452661054,2.7674985020943694,24.746546950013673,0.771341535216399
2021-09-12 00:00:00,15.230508101427606,4.492120180109595,26.2957134662927,7.473379173776072
2021-09-19 00:00:00,14.676451923848669,4.101279891475135,25.87227238019647,19.91542976430171
2021-09-26 00:00:00,12.771822878291449,2.0282221582954154,24.9002612701814,27.20506614136445
2021-10-03 00:00:00,10.74404107347912,-1.191478834674836,21.64328909778019,29.04094291478879
2021-10-10 00:00:00,9.934347852212715,-0.9860767746814201,19.942331751049593,25.423283179545045
2021-10-17 00:00:00,10.774242025300676,-0.318944809827423,22.04774681815352,18.33178816697277
2021-10-24 00:00:00,12.465837342206742,1.0623984023678386,22.965899217558327,13.631314229670313
2021-10-31 00:00:00,13.684874919508216,3.1963968727502863,25.063995481019752,12.887491614009482
2021-11-07 00:00:00,13.68931659646966,2.6191421246518516,24.869839520548222,16.10023898934744
2021-11-14 00:00:00,12.846785973444494,2.320846861302252,24.7297895623804,21.879871448465536
2021-11-21 00:00:00,12.161921668306324,1.232741063502921,23.033662335562855,26.026019931286456
2021-11-28 00:00:00,12.312908589860493,1.464475677039303,22.524382535235176,27.46925092964895
2021-12-05 00:00:00,13.08909722643666,1.0371671187143896,24.191990916997934,26.209579690599053
2021-12-12 00:00:00,13.657264988380698,3.21996263622227,24.48641965747583,22.96138161399117
2021-12-19 00:00:00,13.312702688503178,2.0181828420711003,24.744039372320238,19.32824585637753
2021-12-26 00:00:00,12.033890803477675,1.1931370071732843,23.431153372648172,15.96075820256272
2022-01-02 00:00:00,10.455732350041302,-0.49418880475833227,21.84978666742238,12.85891932706858
2022-01-09 00:00:00,9.396776855477746,-1.9900943266842965,20.477261998146382,10.083426951101444
2022-01-16 00:00:00,9.341363806724459,-2.4050434589997067,20.69837529542906,7.968823359054493
2022-01-23 00:00:00,10.190349157910749,-0.6768748831054303,21.529922652671694,6.561552203980185
2022-01-30 00:00:00,11.36702962157161,0.47772317209784454,22.832997217466414,5.86161348586388
2022-02-06 00:00:00,12.182002088906431,1.3288943416385308,23.372807532955335,5.846312980885447
2022-02-13 00:00:00,12.245875789777447,0.7539252503853291,22.876144125888263,6.558275440087612
2022-02-20 00:00:00,11.678151940746766,1.0263296891725915,22.336426303286366,7.974835229600627
2022-02-27 00:00:00,10.968382856860634,-0.32369444589580176,21.209754393676256,10.095992349426314
2022-03-06 00:00:00,10.600885901660739,-1.0987665122685542,21.515498615823788,56.479763913690206
2022-03-13 00:00:00,10.75583339123398,-1.9742084890040221,20.903369021929784,13.718456635525124
2022-03-20 00:00:00,11.317200640091945,0.7711144449236649,22.5950288767753,11.57905248335571
2022-03-27 00:00:00,12.100628515188266,0.907161251036424,24.392441447126465,9.891090967428962
2022-04-03 00:00:00,13.002719504427171,1.9904836707809999,23.706973844083144,19.456962882936807
2022-04-10 00:00:00,13.918300953655981,2.819201854568192,24.869803990674686,17.69197679534683
2022-04-17 00:00:00,14.602678547208225,3.018769374237083,25.626522245657142,16.94191120620502
2022-04-24 00:00:00,14.753420699812553,3.2976450969612223,25.5302202314884,17.20676611551134
2022-05-01 00:00:00,14.30181258458696,3.122855366984316,25.481283764811327,11.440913646309038
2022-05-08 00:00:00,13.578242484200098,3.492789171451708,24.56364598713874,12.65266722521127
2022-05-15 00:00:00,13.083770988751718,1.9853827910619941,24.669559504006816,13.396651084768823
2022-05-22 00:00:00,13.036659773378537,1.807813325257463,24.055154707467032,13.436637043710874
2022-05-29 00:00:00,13.165771226428893,1.207970994156634,24.449218435473636,18.561955549622137
2022-06-05 00:00:00,13.001322695396135,2.8406813224416396,23.765925876665243,16.674105982542457
2022-06-12 00:00:00,12.380581654203858,1.3475633034253587,23.361063349969236,14.303892108037052
2022-06-19 00:00:00,11.639520637627214,1.040524617344392,23.04502893163256,11.57228935979835
2022-06-26 00:00:00,11.28928515949199,1.1669880801120787,21.94678007131484,10.118814230518703
2022-07-03 00:00:00,11.51593545870892,0.1186816858428763,22.26486632001053,6.904745896061868
2022-07-10 00:00:00,12.003077357090858,1.8393354783615568,23.227692773901566,8.286572305993294
2022-07-17 00:00:00,12.217801174503554,1.2541008482780907,23.832466266661473,15.431362567426133
2022-07-24 00:00:00,11.852573037653507,1.2088672147270483,23.46496328247984,6.365450182784954
2022-07-31 00:00:00,11.04452456677927,0.20903882542026864,22.501050237798893,10.058686081289556
2022-08-07 00:00:00,10.27839505051059,-0.8078893491119832,21.790574549237064,12.203185529305053
2022-08-14 00:00:00,10.128142770395339,-0.6937888646585968,20.970372738488926,12.114173206620436
2022-08-21 00:00:00,10.977990154340358,-0.13456886178393823,22.221648753699284,67.49995142813187
2022-08-28 00:00:00,12.763887443521464,1.698991410024501,23.82803124514144,39.744793622351104
2022-09-04 00:00:00,14.83484567953785,3.4492477519187084,25.815170742894672,17.89449749541413
2022-09-11 00:00:00,16.15200995783582,5.179795948058379,27.662482635402384,7.270616454102933
2022-09-18 00:00:00,15.901557302904664,4.806756482867831,26.403226267763827,2.780907179548681
2022-09-25 00:00:00,14.168223759805702,2.8202893069372834,24.472543576797484,6.276582376109873
2022-10-02 00:00:00,12.052442197193752,0.8235609625991813,23.68189227383497,9.65147755412977
2022-10-09 00:00:00,10.957135329447848,-0.6588299273569547,21.85204294306959,11.84715389021168
2022-10-16 00:00:00,11.529545199264893,0.8058000074221585,22.793309366427955,12.956734215709218
2022-10-23 00:00:00,13.166014199091011,2.829704931792387,23.865143802047708,12.94227219875907
2022-10-30 00:00:00,14.553169851680048,3.816451054965656,25.292643525759242,12.662527156416775
2022-11-06 00:00:00,14.778690276430094,4.528291463188214,26.00621487682261,12.365335429114936
2022-11-13 00:00:00,14.01977167725611,2.903111100631744,25.286032121876797,15.28439046795556
2022-11-20 00:00:00,13.235810764495959,2.2838564321763926,24.816640748772528,14.941900600658142
2022-11-27 00:00:00,13.22620815187553,1.2434098811365253,24.335341878272644,15.072373262576178
2022-12-04 00:00:00,13.942844557168602,2.8444245718164893,25.293484196448887,15.813578668810113
2022-12-11 00:00:00,14.613635551321348,2.9543344577724646,26.21386776976358,14.855525264435013
2022-12-18 00:00:00,14.456512292784435,2.973489944672867,25.585888877349397,16.240184948015894
2022-12-25 00:00:00,13.31223227028942,3.0733946999743456,24.90721810957617,16.117222736309362
2023-01-01 00:00:00,11.725144284612263,-0.07930942934378216,22.972599519712382,13.899310051239723
2023-01-08 00:00:00,10.523006433577665,-0.2890037864115609,22.5568751802178,34.11994185044599
2023-01-15 00:00:00,10.278291920474357,-1.0064896469508966,21.586214985585983,13.94520409970734
2023-01-22 00:00:00,10.998078633959851,0.10752928144827756,22.22265365728324,3.8784188280696896
2023-01-29 00:00:00,12.169387451817462,1.0624974764802406,23.935086860337197,9.168678221776975
2023-02-05 00:00:00,13.090689304930661,2.068976561972921,24.93014296758097,
2023-02-12 00:00:00,13.29481201313286,1.5929342627973426,23.967455145499425,
2023-02-19 00:00:00,12.810340413342342,1.9463342946480928,23.61910124093339,
2023-02-26 00:00:00,12.084984136537983,0.7928309197974777,23.02617337960863,
2023-03-05 00:00:00,11.63253611726548,0.34678772905864896,22.58109396570892,
2023-03-12 00:00:00,11.696628057193017,0.7553978702754662,23.59600525104102,
2023-03-19 00:00:00,12.200185555898459,1.0943286768356035,23.744013791418013,
2023-03-26 00:00:00,12.954019319653352,2.17689402730848,23.963259582397928,
2023-04-02 00:00:00,13.840219193816974,2.6477384619292472,24.83875990935666,
2023-04-09 00:00:00,14.7666461752935,3.45967509181893,25.268910193219643,
2023-04-16 00:00:00,15.516103436096726,4.4299066380875445,25.684918443441127,
2023-04-23 00:00:00,15.777911555388798,4.968511219955733,26.556994189573285,
2023-04-30 00:00:00,15.420557483082742,4.787031065847742,26.67545262821698,
2023-05-07 00:00:00,14.707893554237781,3.5825009721722907,25.508649992372455,
2023-05-14 00:00:00,14.142962577726543,3.0372922877457498,25.07154012160722,
2023-05-21 00:00:00,14.022831570580962,3.892429707341819,25.21088724927195,
2023-05-28 00:00:00,14.15607742929149,3.3655072534227006,25.080342117026074,
2023-06-04 00:00:00,14.070381005431575,1.2882240844376636,24.823808100014134,
2023-06-11 00:00:00,13.519213168842725,2.384025413849521,24.712955394938938,
2023-06-18 00:00:00,12.760139542788458,2.2489621155875277,23.74504796609699,
2023-06-25 00:00:00,12.311893770577942,1.5598399991829464,23.998852504875146,
2023-07-02 00:00:00,12.445779169395065,1.0152028799271218,23.182770651883214,
2023-07-09 00:00:00,12.925378449840535,1.4460917313083428,23.940993591972447,
2023-07-16 00:00:00,13.22264443064915,2.2508939164487014,23.95544696480065,
2023-07-23 00:00:00,12.96400625244733,1.2348550069927455,23.586788344624534,
2023-07-30 00:00:00,12.206492225153902,1.830407810293524,22.720019124682985,
2023-08-06 00:00:00,11.389634809658162,0.5415299892214822,21.81139783977384,
2023-08-13 00:00:00,11.092171488575218,0.6465152404628434,21.196747530026723,
2023-08-20 00:00:00,11.752195320443427,0.26245053177690636,22.673378202398172,
2023-08-27 00:00:00,13.401844699057625,2.6102177213877074,24.27514516540438,
2023-09-03 00:00:00,15.492944009018498,4.899430138326174,26.261087303132015,
2023-09-10 00:00:00,17.021002454379627,6.778746040659304,27.988299602128546,
2023-09-17 00:00:00,17.076430900922777,5.859133822877039,27.946799787192198,
2023-09-24 00:00:00,15.551504069877433,3.9521135951913813,27.132174212460328,
2023-10-01 00:00:00,13.395547323653076,2.5693589837913464,24.249094684402404,
2023-10-08 00:00:00,12.03673565626683,2.1802348713677926,23.01952396744453,
2023-10-15 00:00:00,12.32083348516779,0.9125090841850767,23.136509132515748,
2023-10-22 00:00:00,13.857037553288215,3.048404713630953,25.211298629070072,
2023-10-29 00:00:00,15.381219050220093,3.4825635479781347,26.641292455837462,
2023-11-05 00:00:00,15.834409966947518,4.708533210670243,26.90279626569908,
2023-11-12 00:00:00,15.192480568209922,4.150055640807489,26.07786123852494,
2023-11-19 00:00:00,14.336900360670581,3.4185521004667603,25.998270615521708,
2023-11-26 00:00:00,14.164757349053511,2.4856135269208774,25.283822699314698,
2023-12-03 00:00:00,14.79511272735419,4.238657642573894,26.019396642417288,
2023-12-10 00:00:00,15.541781081272134,3.639487552784363,26.090780506952697,
2023-12-17 00:00:00,15.56684347141385,3.956912469307122,26.610071394674495,
2023-12-24 00:00:00,14.575688702389138,3.4199376277423728,25.413821023067385,
2023-12-31 00:00:00,13.007580373191072,2.531663659436438,23.676655749174962,
2024-01-07 00:00:00,11.68135233812417,0.5020504911610608,23.29925598540755,
2024-01-14 00:00:00,11.247417537936684,-0.6667657613464382,23.014991722691573,
2024-01-21 00:00:00,11.820726414579058,1.1254146136400838,23.234158437564872,
2024-01-28 00:00:00,12.963111818007315,2.3669226148136833,24.040223256145012,
2024-02-04 00:00:00,13.975102048903278,2.5599127119892735,26.051356356636745,
2024-02-11 00:00:00,14.320602403070641,2.839672796231973,26.7735573080615,
2024-02-18 00:00:00,13.93468422940751,2.598116690176168,25.100815752567886,
2024-02-25 00:00:00,13.211099946102815,1.6974352476598238,23.685660521140807,
2024-03-03 00:00:00,12.681588763407738,1.1401236622008692,23.371043578034364,
2024-03-10 00:00:00,12.651710718392511,1.9945371138715426,23.736475240466646,
2024-03-17 00:00:00,13.090866958846927,2.1278520675815216,25.17343812001813,
2024-03-24 00:00:00,13.811516881568254,2.351506716993642,24.617275154870867,
2024-03-31 00:00:00,14.679401174818652,4.507597997975127,25.653529695303288,
2024-04-07 00:00:00,15.609696079433999,4.10991071848728,26.315154187658358,
2024-04-14 00:00:00,16.413500310919435,4.687271017786429,26.86795248295985,
2024-04-21 00:00:00,16.781487569844213,5.172212653959237,28.091678496261668,
2024-04-28 00:00:00,16.52723275442122,4.621224600808118,27.14971767427373,
2024-05-05 00:00:00,15.842848627275941,4.540986970620553,26.91608113561844,
2024-05-12 00:00:00,15.217796712957156,4.252238132940809,25.76813062407365,
2024-05-19 00:00:00,15.017930591394505,3.7196745751923252,26.35860027169184,
2024-05-26 00:00:00,15.138727482088726,4.314369176838744,26.55726929513541,
2024-06-02 00:00:00,15.123084894713411,4.243512798026462,26.382174427317757,
2024-06-09 00:00:00,14.650435606260057,3.71376791449752,26.076300686409688,
2024-06-16 00:00:00,13.891411221966866,3.0124539590893153,24.887894513492746,
2024-06-23 00:00:00,13.35456567699092,2.28463809352235,24.48844570538921,
2024-06-30 00:00:00,13.387484547125332,1.7538811422169847,25.054297213787983,
2024-07-07 00:00:00,13.841391927653241,2.5892992990596646,25.007289827850823,
2024-07-14 00:00:00,14.208524008903662,3.5787959592931937,25.614193747716357,
2024-07-21 00:00:00,14.058481163686016,2.821899622611804,25.425366022970557,
2024-07-28 00:00:00,13.3662066303926,1.3767532768593433,24.43951837308234,
2024-08-04 00:00:00,12.517802001424242,1.605659302207842,24.46391047654577,
2024-08-11 00:00:00,12.087796202156323,0.7932413408138803,22.688793844745305,
2024-08-18 00:00:00,12.559554257652167,0.9338356094821094,23.844828456681807,
2024-08-25 00:00:00,14.055224523622956,2.7059632583765083,25.140671906425986,
2024-09-01 00:00:00,16.132921841968276,4.822406190323388,27.111604224758253,
2024-09-08 00:00:00,17.840806931396706,6.563702688740285,28.288235375306208,
2024-09-15 00:00:00,18.1978592877151,6.7427454374695,28.17608181561816,
2024-09-22 00:00:00,16.913228724188794,6.054936596122842,27.373599105070653,
2024-09-29 00:00:00,14.765725744253176,3.4851287659522505,26.36186231304631,
2024-10-06 00:00:00,13.172312447348839,1.2902790881211565,24.308972928132857,
2024-10-13 00:00:00,13.154582877801186,2.3356472336451155,24.402030391535877,
2024-10-20 00:00:00,14.547048033116885,3.0709565742957015,26.240553088749024,
2024-10-27 00:00:00,16.1720677994929,5.029425097187925,27.49513695257948,
2024-11-03 00:00:00,16.85257717493265,5.521257288933313,27.78660904711784,
2024-11-10 00:00:00,16.358383028235583,5.075266325209341,27.82768990285704,
2024-11-17 00:00:00,15.462096137022105,4.344015368747819,26.110427107555665,
2024-11-24 00:00:00,15.13123483171114,3.692801452481973,25.58896553560345,
2024-12-01 00:00:00,15.651486001390614,3.7492928133033008,27.443461123390456,
2024-12-08 00:00:00,16.44531288792711,5.257847453781178,27.295863081337444,
2024-12-15 00:00:00,16.642672423393492,4.833468074571321,27.455806796276285,
2024-12-22 00:00:00,15.819705863127252,4.846733891475791,26.908629886351495,
2024-12-29 00:00:00,14.298238326041758,3.173037436638168,25.099279713692255,
2025-01-05 00:00:00,12.86965967930083,1.1031172489808139,24.047446033715076,
2025-01-12 00:00:00,12.250197086427953,1.1443666403114783,23.450979505602756,
2025-01-19 00:00:00,12.662242924180193,1.6807804174349048,23.860856169045984,
2025-01-26 00:00:00,13.75221654899833,2.88068479825459,24.402742996637308,
2025-02-02 00:00:00,14.836927734956504,4.12048420342475,25.497732548052888,
2025-02-09 00:00:00,15.321767617804925,4.807283558981231,26.058611860561506,
2025-02-16 00:00:00,15.047887888904516,3.7121708339233184,25.815130748984124,
2025-02-23 00:00:00,14.3440901642172,3.715451894326753,24.88415782919386,
2025-03-02 00:00:00,13.747557058999757,3.0610546190947083,24.289700184801795,
2025-03-09 00:00:00,13.622163416844066,2.8789134555524605,24.692448790169276,
2025-03-16 00:00:00,13.99029298202325,3.2672873539100653,24.626840652195803,
2025-03-23 00:00:00,14.67351530572664,4.3957617216515885,25.434024239849577,
2025-03-30 00:00:00,15.520898847562629,4.221462637251003,26.52449588953126,
2025-04-06 00:00:00,16.4491367996849,5.296752584392921,26.547813660474358,
2025-04-13 00:00:00,17.296695925425627,6.016181206228485,28.60583634253816,
2025-04-20 00:00:00,17.764109732635436,6.744456918252619,29.70076111067995,
2025-04-27 00:00:00,17.619282422575232,6.750959153811308,29.041651883168782,
2025-05-04 00:00:00,16.980039842200988,5.74603956098813,29.00312066778433,
2025-05-11 00:00:00,16.307590175792658,5.670840525647094,26.99018696055127,
2025-05-18 00:00:00,16.024316628953613,4.751695840900737,27.30790122992091,
2025-05-25 00:00:00,16.116620818278385,5.145274136458877,27.426561999773057,
2025-06-01 00:00:00,16.159742798779355,4.721844503546015,26.591442170981,
2025-06-08 00:00:00,15.771515978692063,4.47235978321379,27.11840978687609,
2025-06-15 00:00:00,15.030251732911438,3.9792057064332234,26.309208341111873,
2025-06-22 00:00:00,14.416876877015987,3.505088483471887,25.081516690015874,
2025-06-29 00:00:00,14.343654304179141,3.0921267029431423,25.423983159049733,
2025-07-06 00:00:00,14.75438769630705,4.424449929863501,25.77724702687081,
2025-07-13 00:00:00,15.176738541793942,3.5480996915953273,26.056517206550257,
2025-07-20 00:00:00,15.13452662359627,4.609508781611115,26.32162984460686,
2025-07-27 00:00:00,14.520447950952402,2.5897927503913056,25.304493635423903,
2025-08-03 00:00:00,13.659549939827023,1.4866386178725026,25.387077798166416,
2025-08-10 00:00:00,13.113117152667968,2.2796805342689392,25.837109972325578,
2025-08-17 00:00:00,13.401100168353102,3.1156321056548517,24.634574605322314,
2025-08-24 00:00:00,14.728644030348093,2.5892549763903396,24.79004544499383,
2025-08-31 00:00:00,16.76129149803534,5.693154658604254,28.472062448942815,
2025-09-07 00:00:00,18.61564074183657,8.475405392193572,29.6874596461892,
2025-09-14 00:00:00,19.263865908571574,8.225356524605079,30.116138170748325,
2025-09-21 00:00:00,18.245548365833486,6.5389840995184185,30.322637996386376,
2025-09-28 00:00:00,16.154678707414135,4.975818472983455,27.895699000897043,
2025-10-05 00:00:00,14.361573368722858,3.2675893972628067,25.68383089959445,
2025-10-12 00:00:00,14.036240850269062,3.517360009662669,25.77859348718231,
2025-10-19 00:00:00,15.244444637948867,4.413557550143725,27.06036811681294,
2025-10-26 00:00:00,16.930002651741468,5.799097102134631,28.07080750757304,
2025-11-02 00:00:00,17.830361556876156,7.243237213829377,29.597001741369933,
2025-11-09 00:00:00,17.510942245804753,6.300592783780793,29.344495271505153,
2025-11-16 00:00:00,16.607360400396768,4.424258843538695,28.217404727673873,
2025-11-23 00:00:00,16.127370347515814,4.904057377596304,28.019275696410546,
2025-11-30 00:00:00,16.51739195799929,4.91870908812111,27.59181238726741,
2025-12-07 00:00:00,17.32849530681506,5.784699991025992,29.689317494685447,
2025-12-14 00:00:00,17.68382349125594,6.897061329462618,28.734569765653283,
2025-12-21 00:00:00,17.040146744826604,6.3673232825193224,28.676239301526337,
2025-12-28 00:00:00,15.592107570434182,5.37098825896552,27.8552774071622,
2026-01-04 00:00:00,14.085165633060365,3.728299874860573,24.672517897874826,
2026-01-11 00:00:00,13.287470200104172,1.9660764821200551,24.644968052627526,
2026-01-18 00:00:00,13.526288615401073,2.81993360513912,24.499786574737655,
2026-01-25 00:00:00,14.540901554880147,2.8173979698251888,25.70866101722013,
2026-02-01 00:00:00,15.678392255766227,4.678278566660424,27.419188692106474,
2026-02-08 00:00:00,16.297354203492397,4.873387560340728,27.144642171271684,
2026-02-15 00:00:00,16.146804907760462,4.185764131861578,27.298086467092332,
2026-02-22 00:00:00,15.481033811769242,3.6553146350096437,26.829436982274178,
2026-03-01 00:00:00,14.829554319360822,3.254526687536673,26.89446785277302,
2026-03-08 00:00:00,14.608903890616686,2.964910263920528,25.514705221377667,
2026-03-15 00:00:00,14.899612436743167,4.194358767179139,26.336914054646556,
2026-03-22 00:00:00,15.540491935318077,5.213873015158027,26.81064468296111,
2026-03-29 00:00:00,16.365211439527723,4.8223720866143225,27.70709586314691,
2026-04-05 00:00:00,17.286475673025997,6.978551682701856,28.311180758728316,
2026-04-12 00:00:00,18.167635791442546,6.928562129240142,29.844299184374993,
2026-04-19 00:00:00,18.72619153804268,6.807514419726602,30.156118001536235,
2026-04-26 00:00:00,18.694523931358287,7.93092082887573,30.21078682589721,
2026-05-03 00:00:00,18.116261001825176,7.779364238141581,29.564762210664032,
2026-05-10 00:00:00,17.411087952341045,6.600579001791351,29.396888272330045,
2026-05-17 00:00:00,17.04391513577909,6.38807091327424,27.592597406190897,
2026-05-24 00:00:00,17.09282246798372,6.046559165702455,27.43623351524561,
2026-05-31 00:00:00,17.1812651456095,5.3870839548124145,28.597262368373034,
2026-06-07 00:00:00,16.88013381067465,6.021668724036123,27.715647863937058,
2026-06-14 00:00:00,16.17337910951885,5.246539098795061,27.73390376448765,
2026-06-21 00:00:00,15.497803783025804,4.1491249057982,27.51104936839255,
2026-06-28 00:00:00,15.316469363522524,4.407341308917177,27.034540392333408,
2026-07-05 00:00:00,15.667739873500064,5.303653919990532,26.601168288525436,
2026-07-12 00:00:00,16.129062754133916,4.336702766017032,26.98133926813569,
2026-07-19 00:00:00,16.191128798319745,5.541199325823545,27.34709493221706,
2026-07-26 00:00:00,15.666192168532394,5.361958811676539,26.100927581740258,
2026-08-02 00:00:00,14.811437045695545,3.966743781760078,26.306112570890573,
2026-08-09 00:00:00,14.165862136161033,2.664913305677368,25.356692747612243,
2026-08-16 00:00:00,14.277251552109492,3.930006514427463,26.092147818604843,
2026-08-23 00:00:00,15.42611972464005,3.860506666818159,26.96453284871999,
2026-08-30 00:00:00,17.384481735632512,6.5485399824562105,29.101391508636286,
2026-09-06 00:00:00,19.350481072897132,7.96455197807568,30.272094446547225,
2026-09-13 00:00:00,20.27371819688589,8.921370505185198,31.27360839577094,
2026-09-20 00:00:00,19.541384070809762,9.07596366698598,31.005839919786418,
2026-09-27 00:00:00,17.553662408299314,5.53495298209838,28.462590097720074,
2026-10-04 00:00:00,15.600830925081077,4.986361196903033,27.169362898090636,
2026-10-11 00:00:00,14.970061131368293,3.4434484905269063,26.640318185966514,
2026-10-18 00:00:00,15.957640701547126,4.101067224328002,27.520218730768775,
2026-10-25 00:00:00,17.660448766940114,5.918776761952358,28.613905104927028,
2026-11-01 00:00:00,18.766120590782883,8.070804125830277,29.830494105211105,
2026-11-08 00:00:00,18.643829061846073,7.793175412695831,30.037609355695636,
2026-11-15 00:00:00,17.76782307900206,7.197573874862176,27.886646632960634,
2026-11-22 00:00:00,17.153870866692817,6.367215566136488,28.95616851766944,
2026-11-29 00:00:00,17.39793359713251,5.453982816659339,28.825251656171424,
2026-12-06 00:00:00,18.19613525845414,6.620477416374539,30.047662160712843,
2026-12-13 00:00:00,18.690988207403255,7.124145508169445,30.123886783797747,
2026-12-20 00:00:00,18.233397526325557,6.863548319820363,29.735989369268772,
2026-12-27 00:00:00,16.884073586229324,5.640821330839916,28.666548804281604,
2027-01-03 00:00:00,15.32454336134804,4.375728527970031,26.6831183938479,
2027-01-10 00:00:00,14.359433040976405,3.711552854141223,26.060859772089156,
2027-01-17 00:00:00,14.416157894401497,3.243777106474891,25.33517761963025,
2027-01-24 00:00:00,15.333468369259622,4.013859183778811,25.981362090894216,
2027-01-31 00:00:00,16.502218834151602,4.814900438160633,28.5509901076447,
2027-02-07 00:00:00,17.246968098289035,4.939616178132383,29.464870679681194,
2027-02-14 00:00:00,17.228520968416397,6.361991350333244,28.12942162137144,
2027-02-21 00:00:00,16.618791060538967,5.260732136797781,27.80328771627157,
2027-02-28 00:00:00,15.92628452022103,4.266852565738194,26.89157556942608,
2027-03-07 00:00:00,15.612629201175775,3.857407436736164,26.92098137999753,
2027-03-14 00:00:00,15.820043151740874,4.6439621852334,27.049851055148288,
2027-03-21 00:00:00,16.413033519040592,4.842391167558093,27.459786175594015,
2027-03-28 00:00:00,17.212741309960506,6.891514738576531,29.665730335650164,
2027-04-04 00:00:00,18.123022751824905,6.26132364240018,29.658216935131424,
2027-04-11 00:00:00,19.028314270172597,7.6532475018730155,30.4800777288097,
2027-04-18 00:00:00,19.668559572346208,7.701900216784026,30.201077279691166,
2027-04-25 00:00:00,19.751201879569713,8.270860025074413,31.27556666499308,
2027-05-02 00:00:00,19.24827202049986,8.023652253041206,29.56281915807299,
2027-05-09 00:00:00,18.526507175208394,6.766076043529061,29.86404227101877,
2027-05-16 00:00:00,18.07814608732515,7.5236962674187895,30.219198850788064,
2027-05-23 00:00:00,18.07044749167123,7.202702098099427,29.106357311907267,
2027-05-30 00:00:00,18.18912664626511,7.415708156619994,29.354164239356564,
2027-06-06 00:00:00,17.974460808538446,6.511851111089555,29.480354342285743,
2027-06-13 00:00:00,17.31742573482834,5.57446527622583,28.357079949593547,
2027-06-20 00:00:00,16.5957552476773,4.728487813778797,28.4610333660522,
2027-06-27 00:00:00,16.30761798046803,4.631646193822702,27.09607118555852,
2027-07-04 00:00:00,16.58483068742559,5.41467294511266,27.7276084732561,
2027-07-11 00:00:00,17.067708883733363,6.473510451237506,29.67573234994532,
2027-07-18 00:00:00,17.227759787177483,6.315708449906034,28.165861555977166,
2027-07-25 00:00:00,16.800664134242105,5.7986403344318695,28.289920574951623,
2027-08-01 00:00:00,15.969976995494989,4.490080661990465,27.715336836416498,
2027-08-08 00:00:00,15.24343616153978,4.089953399690055,26.57954220900399,
2027-08-15 00:00:00,15.18784570888925,3.433151672499399,26.53353631433975,
2027-08-22 00:00:00,16.151032107398372,4.993914170869118,27.27862632103525,
2027-08-29 00:00:00,18.00870828114925,5.957839001785763,29.231589382775724,
2027-09-05 00:00:00,20.05091715768104,8.61989356335273,31.385605388106345,
2027-09-12 00:00:00,21.2279017477765,10.600151403389274,32.66138420572821,
2027-09-19 00:00:00,20.794585984162577,9.94384776942729,32.36633665794126,
2027-09-26 00:00:00,18.95371974547293,7.547704787249052,29.72819204792203,
2027-10-03 00:00:00,16.885103027662407,5.407481979893529,28.5799137530706,
2027-10-10 00:00:00,15.958973412805321,5.017527996389147,27.40067194624827,
2027-10-17 00:00:00,16.694816882707705,5.217505341444031,28.93263905593801,
2027-10-24 00:00:00,18.369829869301245,7.0359723316271445,30.292674624557545,
2027-10-31 00:00:00,19.659483692337894,8.645681394308053,31.396292028625723,
2027-11-07 00:00:00,19.751135142068005,8.966445995218265,31.27700746788045,
2027-11-14 00:00:00,18.937922433303054,7.914105457434519,30.07623622003533,
2027-11-21 00:00:00,18.210377254458187,6.580808995498154,29.444162040935296,
2027-11-28 00:00:00,18.297726720713918,7.795463599639661,30.18855373758184,
2027-12-05 00:00:00,19.053452727607812,7.3037517614272245,30.3102272339451,
2027-12-12 00:00:00,19.665721563382554,8.356100932418762,30.950524816269425,
2027-12-19 00:00:00,19.396464412973625,7.837917612116913,30.999908729504337,
2027-12-26 00:00:00,18.169028304955063,7.01006164413195,29.462944886444816,
2028-01-02 00:00:00,16.583958704592177,4.918116387828736,28.74810709632403,
2028-01-09 00:00:00,15.465623332788416,4.16382138362199,27.035366912415945,
2028-01-16 00:00:00,15.334709377672564,4.364382086529163,26.861375374536458,
2028-01-23 00:00:00,16.13423345314311,4.98935331243182,28.010429422273525,
2028-01-30 00:00:00,17.311575678470568,5.228866463243696,29.252756254703772,
2028-02-06 00:00:00,18.170794763178733,6.305687821180938,29.350693339976676,
2028-02-13 00:00:00,18.29043273261003,7.152396132087317,29.565997144431346,
2028-02-20 00:00:00,17.754074334332064,5.932492945628129,29.448478892276555,
2028-02-27 00:00:00,17.036046167228353,6.021623855393513,28.320249587666105,
2028-03-05 00:00:00,16.63376281584179,4.758244478287034,27.400071333404863,
2028-03-12 00:00:00,16.752831274346555,5.8337235481412115,27.965478439031855,
2028-03-19 00:00:00,17.29185341436062,5.622541265035574,29.23705024438042,
2028-03-26 00:00:00,18.063834957740827,6.7209450045656265,28.949243108284264,
2028-04-02 00:00:00,18.959884822986254,7.246282942985343,30.62749444068324,
2028-04-09 00:00:00,19.880709201563636,8.81707320718256,31.365448364392996,
2028-04-16 00:00:00,20.592401902414966,10.030996695248145,31.396855986004173,
2028-04-23 00:00:00,20.788024856468603,9.177939031714804,31.561378663472016,
2028-04-30 00:00:00,20.37290196694395,8.664913016222101,31.91839877681866,
2028-05-07 00:00:00,19.651599143565857,8.636971943351744,31.264922667364736,
2028-05-14 00:00:00,19.12787165373632,7.654846921409848,30.750375361172182,
2028-05-21 00:00:00,19.052544012963367,7.54702067854532,30.3230205582516,
2028-05-28 00:00:00,19.185307982398342,7.779040736627497,30.821804272921096,
2028-06-04 00:00:00,19.053222830109032,8.148213735672424,30.502631188115423,
2028-06-11 00:00:00,18.45905422854792,6.757535858230479,29.823385871319104,
2028-06-18 00:00:00,17.708624155033117,5.916846515299909,28.57645002443727,
2028-06-25 00:00:00,17.31823952055618,5.402905016548585,29.40115551808975,
2028-07-02 00:00:00,17.508951464782417,6.350331796663504,29.330284705368374,
2028-07-09 00:00:00,17.99527470050577,6.41320812090402,28.658708868747123,
2028-07-16 00:00:00,18.244396794895565,6.192938032252575,30.142916308841667,
2028-07-23 00:00:00,17.921389399042486,6.888142215843511,29.751015456287114,
2028-07-30 00:00:00,17.13168961661827,5.277792927004217,28.92068660799668,
2028-08-06 00:00:00,16.34297112254537,5.94710272414074,28.343401741140376,
2028-08-13 00:00:00,16.13217833903949,5.426018163052936,27.787921261188345,
2028-08-20 00:00:00,16.906106505645663,6.024003120935259,28.771453077394753,
2028-08-27 00:00:00,18.639858875909145,7.243688123049158,30.595611921582247,
2028-09-03 00:00:00,20.72299577961899,9.777377961817432,32.55021809534905,
2028-09-10 00:00:00,22.12806384930289,11.077109419299912,33.68506708691352,
2028-09-17 00:00:00,22.000062104865435,10.085439993442112,33.91833521297576,
2028-09-24 00:00:00,20.345913735907008,8.986414005145383,32.45468325598672,
2028-10-01 00:00:00,18.208249830802814,6.768960031138047,30.20184654069288,
2028-10-08 00:00:00,17.004491936207955,5.882995965249046,28.100336202597788,
2028-10-15 00:00:00,17.463678963716305,6.336248983379783,30.257040244897176,
2028-10-22 00:00:00,19.065394871094007,8.06938350739524,31.33498650476984,
2028-10-29 00:00:00,20.511397418990946,8.290988786129176,32.067904619991594,
2028-11-05 00:00:00,20.827577461706767,8.5412377435518,32.0906282895372,
2028-11-12 00:00:00,20.111571678004566,9.03472355552201,32.08810425265621,
2028-11-19 00:00:00,19.29545383369271,6.950619402733965,31.131421555521918,
2028-11-26 00:00:00,19.220747886384846,7.795783214992955,31.62013502648045,
2028-12-03 00:00:00,19.905935275584795,7.893471896003167,30.903158633240658,
2028-12-10 00:00:00,20.6104145142517,8.267256629828815,31.98611856763257,
2028-12-17 00:00:00,20.527058343528548,8.479042539042862,32.771863926341766,
2028-12-24 00:00:00,19.44198435805508,7.118371125864973,31.377209769519986,
2028-12-31 00:00:00,17.859139132011542,6.058094771645872,30.472735324979503,
2029-01-07 00:00:00,16.604917683008104,4.734634787632968,28.29273506416692,
2029-01-14 00:00:00,16.28430369194735,4.536792377965217,27.15652917233039,
2029-01-21 00:00:00,16.947440966460118,4.820916310251615,28.50943000336876,
2029-01-28 00:00:00,18.110013779425596,6.660642978039469,29.68018605587145,
2029-02-04 00:00:00,19.069605512947966,6.688810641619036,31.243030161086498,
2029-02-11 00:00:00,19.330320023128383,7.056834983160369,31.268263682771885,
2029-02-18 00:00:00,18.883526408256945,6.884941575412858,31.170643418634434,
2029-02-25 00:00:00,18.156749833757964,5.210283052414885,30.738876357547483,
2029-03-04 00:00:00,17.672407597042827,6.936923306672236,30.005887244544315,
2029-03-11 00:00:00,17.699203168071698,6.0492108446022455,30.182264106144817,
2029-03-18 00:00:00,18.177798609336026,6.35560463250874,29.10835976647718,
2029-03-25 00:00:00,18.918825179339056,7.68471378489945,30.95352715261387,
2029-04-01 00:00:00,19.797971449588097,7.439871287966236,32.5628795608852,
2029-04-08 00:00:00,20.726723661072462,8.736582271183115,32.81000939172312,
2029-04-15 00:00:00,21.499206954152562,9.923962933620107,33.45851678898528,
2029-04-22 00:00:00,21.80418463701652,9.654388824361689,34.14821427540009,
2029-04-29 00:00:00,21.487146919341882,10.340996965294107,33.5516487264768,
2029-05-06 00:00:00,20.783726807623673,9.144689927243435,33.00509225841667,
2029-05-13 00:00:00,20.19336441425132,8.558983112926331,32.15979563923933,
2029-05-20 00:00:00,20.041979195527567,8.66673631580403,32.25631797699663,
2029-05-27 00:00:00,20.17221905732312,8.943372360340245,32.13188548624122,
2029-06-03 00:00:00,20.11574180310768,8.525960860886904,32.19523466822314,
2029-06-10 00:00:00,19.595072693419706,8.630418423579055,31.29421934609594,
2029-06-17 00:00:00,18.83385709233587,6.776464903664226,31.133606766677868,
2029-06-24 00:00:00,18.348885230691018,6.509041502934252,30.400129691013316,
2029-07-01 00:00:00,18.443203847728107,6.520020014759601,29.964446954309498,
2029-07-08 00:00:00,18.91467887125374,7.139728668351116,30.639504745923034,
2029-07-15 00:00:00,19.241530409777376,8.107693513144486,31.77713719043059,
2029-07-22 00:00:00,19.026243660732362,7.9643339334377545,31.175349099439856,
2029-07-29 00:00:00,18.293152663868455,6.992594772688559,31.034650468285932,
2029-08-05 00:00:00,17.461375314800325,4.978239690616649,29.25042397986241,
2029-08-12 00:00:00,17.109047532972987,5.666570442180113,29.28125828780008,
2029-08-19 00:00:00,17.693408686416685,5.301173770558377,28.935658530899815,
2029-08-26 00:00:00,19.283394651273724,6.558744520887173,31.75399655761362,
2029-09-02 00:00:00,21.373064850542843,9.499084424935994,33.29933081653913,
2029-09-09 00:00:00,22.976929519594883,10.901882895941435,35.66371702822006,
2029-09-16 00:00:00,23.153874519695123,11.220957730603041,35.12073313457621,
2029-09-23 00:00:00,21.7215556029819,9.664710813106687,34.4898054820857,
2029-09-30 00:00:00,19.563142213740036,7.87579558918797,31.199867792308016,
2029-10-07 00:00:00,18.10666562740244,5.8857606237966476,30.553896892527984,
2029-10-14 00:00:00,18.271228095427816,6.408680809694974,31.000833947065548,
2029-10-21 00:00:00,19.755016353746395,8.385551706042236,31.991824236876244,
2029-10-28 00:00:00,21.324129651180776,9.515179589640237,32.629475183148884,
2029-11-04 00:00:00,21.86868722802689,8.92796932987275,34.10938866836905,
2029-11-11 00:00:00,21.28234673674969,10.012830211448358,33.889602397582195,
2029-11-18 00:00:00,20.406612167602134,8.543552311493919,32.23968815295727,
2029-11-25 00:00:00,20.170198108339843,8.604315302876753,33.430342337780864,
2029-12-02 00:00:00,20.759180364770803,9.740236235325856,33.61936125316504,
2029-12-09 00:00:00,21.528242395110546,10.127286706143778,34.19590578180657,
2029-12-16 00:00:00,21.623664673799873,9.54813012064313,33.89623225278004,
2029-12-23 00:00:00,20.698190683507242,9.481579958545442,32.18365500646068,
2029-12-30 00:00:00,19.145454157295728,6.830051589457831,31.10812071282554,
2030-01-06 00:00:00,17.77554162594684,5.712857451962927,29.729610316024022,
2030-01-13 00:00:00,17.266749921542036,4.763777371239758,29.651312479959106,
2030-01-20 00:00:00,17.777176657298323,4.575930567878876,30.172852916848196,
2030-01-27 00:00:00,18.901396357842028,7.098902058386906,31.666764637449013,
2030-02-03 00:00:00,19.94475000634325,8.717147870472218,33.27642033421557,
2030-02-10 00:00:00,20.346409315751398,8.166104034617945,31.77626752757981,
2030-02-17 00:00:00,20.003803173022156,7.402445298765857,31.846444473086382,
2030-02-24 00:00:00,19.285949219150723,7.526623768216744,31.997504608237715,
2030-03-03 00:00:00,18.7283069498085,6.670813781787011,31.211293703477093,
2030-03-10 00:00:00,18.66031191488613,6.023955742760521,31.573244474547817,
2030-03-17 00:00:00,19.07184585195114,7.378365859306619,31.557839244423842,
2030-03-24 00:00:00,19.778071812096822,7.800239313713746,32.37720608825907,
2030-03-31 00:00:00,20.63801198802188,8.739988902720341,33.07612013785722,
2030-04-07 00:00:00,21.56813700775885,10.117560256788114,34.127855713982555,
2030-04-14 00:00:00,22.390695864858728,10.337251327893135,34.89406020612266,
2030-04-21 00:00:00,22.799357728056368,10.747461282242508,35.18403531879534,
2030-04-28 00:00:00,22.58825914701032,11.043821686576896,35.34807786780989,
2030-05-05 00:00:00,21.919954556227285,9.907044714770976,34.781630543661564,
2030-05-12 00:00:00,21.274297045645667,9.631270491746847,33.327014981540785,
2030-05-19 00:00:00,21.041332374042987,9.849027758642881,32.53468635898513,
2030-05-26 00:00:00,21.15260667612246,9.355462482366509,33.68174428159919,
2030-06-02 00:00:00,21.161955981398517,9.990123209249091,33.60859840309523,
2030-06-09 00:00:00,20.72254513390201,9.363324418822877,33.33651102839153,
2030-06-16 00:00:00,19.968539914459217,7.872205324624041,31.8004838352557,
2030-06-23 00:00:00,19.399497794070847,7.884112344368174,31.955964056683985,
2030-06-30 00:00:00,19.390404532031717,6.838899522686857,31.7714812269229,
2030-07-07 00:00:00,19.829084942935516,7.597143067489028,32.369862684850276,
2030-07-14 00:00:00,20.22016076756186,7.641955078120763,32.74502951626647,
2030-07-21 00:00:00,20.11349845984136,8.76289173064248,32.41327900153911,
2030-07-28 00:00:00,19.451054445217217,7.000044773384291,31.400163604553633,
2030-08-04 00:00:00,18.595382837717167,6.991347756546498,31.700243207344634,
2030-08-11 00:00:00,18.11680067917437,5.567467851750907,30.460769545828864,
2030-08-18 00:00:00,18.51435351872519,5.7614481580486885,31.67176807239327,
2030-08-25 00:00:00,19.94426893885836,7.082776611890626,32.54214357200683,
2030-09-01 00:00:00,22.007619560454845,10.294398297771732,35.249879431474525,
2030-09-08 00:00:00,23.77819389878554,12.026544260038989,36.261745382616304,
2030-09-15 00:00:00,24.253301520036025,12.336357577669805,36.87402065714535,
2030-09-22 00:00:00,23.072420908023055,10.735956002935339,34.73705677356932,
2030-09-29 00:00:00,20.941856346853044,7.4697005607976195,33.01664164967294,
2030-10-06 00:00:00,19.26407108255907,7.899481276297039,32.43254257897118,
2030-10-13 00:00:00,19.12355072615701,7.379862522221853,32.70207422806365,
2030-10-20 00:00:00,20.44696706631633,8.328245804021563,33.37420370678579,
2030-10-27 00:00:00,22.10123197586541,10.8524065373383,34.23068251137796,
2030-11-03 00:00:00,22.87097674562733,10.668483150544265,35.903995006760084,
2030-11-10 00:00:00,22.443689515872325,10.55751432351062,35.4411946833723,
2030-11-17 00:00:00,21.540369296173164,10.016370958066583,33.43935469586309,
2030-11-24 00:00:00,21.14838717051957,8.703222249414452,33.681180852577185,
2030-12-01 00:00:00,21.61872984996121,9.041628696191474,33.80904486877931,
2030-12-08 00:00:00,22.423089649808652,10.435817258361645,35.954927470910306,
2030-12-15 00:00:00,22.685595176233974,9.960950929842419,34.88898106615294,
2030-12-22 00:00:00,21.933246764734136,10.356263804391917,35.7160335519775,
2030-12-29 00:00:00,20.43800612846819,9.252635027935638,33.97080808125506,
2031-01-05 00:00:00,18.975092658731135,7.3706492357830244,31.69370884265467,
2031-01-12 00:00:00,18.283261699777768,5.372022421889003,31.141342265231813,
2031-01-19 00:00:00,18.627284441934968,6.242495996883505,31.73351205156823,
2031-01-26 00:00:00,19.689821594693328,6.708498746964122,31.625247411521077,
2031-02-02 00:00:00,20.798135220833515,8.674254762599292,33.738951817859885,
2031-02-09 00:00:00,21.33742677700569,9.424992626353909,34.54589870799771,
2031-02-16 00:00:00,21.11165858011292,9.371761235298234,33.620625781523614,
2031-02-23 00:00:00,20.420885077910555,8.146601819014808,34.223159299383084,
2031-03-02 00:00:00,19.80081608527255,7.271806348344139,32.65689914351344,
2031-03-09 00:00:00,19.637180715425345,7.443984611255418,31.953575690680783,
2031-03-16 00:00:00,19.975086712423682,7.389399316124405,32.626037753992634,
2031-03-23 00:00:00,20.641998607126034,8.946210730738173,33.03443476831409,
2031-03-30 00:00:00,21.480582032916548,9.594709195377003,35.24653876274568,
2031-04-06 00:00:00,22.406566877938843,9.61882940902583,35.431311856395325,
2031-04-13 00:00:00,23.26875145287486,11.063395037733436,36.27992663173778,
2031-04-20 00:00:00,23.773689969786023,11.28916891758975,36.615422337937474,
2031-04-27 00:00:00,23.673824564644065,10.922959881841518,36.60299899273601,
2031-05-04 00:00:00,23.05714673310858,10.492023396036334,37.18201017790642,
2031-05-11 00:00:00,22.36975358480113,9.561347678756507,34.75910001826779,
2031-05-18 00:00:00,22.052799250553665,9.652606599094556,35.547982178325086,
2031-05-25 00:00:00,22.129450108321755,9.308226135717725,34.96568480936391,
2031-06-01 00:00:00,22.19241773685424,9.446460256050818,34.181214798330316,
2031-06-08 00:00:00,21.83889299193005,9.091478350844964,35.48347227795138,
2031-06-15 00:00:00,21.10949637805923,8.481541728423325,33.84268348516005,
2031-06-22 00:00:00,20.469410823257775,8.780860934167375,33.11117764186136,
2031-06-29 00:00:00,20.35299684648605,7.488710153404949,34.01694842098691,
2031-07-06 00:00:00,20.741815728628957,7.558506894257306,33.65856265272546,
2031-07-13 00:00:00,21.181780694032632,8.162710484110018,34.25518539017225,
2031-07-20 00:00:00,21.181861600139516,8.555076361115706,34.566360466824,
2031-07-27 00:00:00,20.602247050206273,7.207816896563066,34.21427604244414,
2031-08-03 00:00:00,19.741603068701554,7.035405823149621,32.74335841198151,
2031-08-10 00:00:00,19.153383097284852,5.384551505389835,32.58173490538437,
2031-08-17 00:00:00,19.369724770343762,6.853119731846822,32.62899799435428,
2031-08-24 00:00:00,20.62686394367941,7.7354991906502955,34.366947142004996,
2031-08-31 00:00:00,22.63315517373776,10.23179084084653,35.99111022176143,
2031-09-07 00:00:00,24.536395375123313,11.733627882122995,37.15464203795558,
2031-09-14 00:00:00,25.296865178064262,12.589914052127964,38.7974179082788,
2031-09-21 00:00:00,24.39094766574982,12.115281669681336,37.82110635118566,
2031-09-28 00:00:00,22.335888048559347,9.47261758878159,35.252596847871544,
2031-10-05 00:00:00,20.473848316315184,8.139150306128638,32.85596612546397,
2031-10-12 00:00:00,20.025634804568096,6.983896928402136,33.59790492555183,
2031-10-19 00:00:00,21.149681366886664,9.288262815034088,35.34596223995834,
2031-10-26 00:00:00,22.847460877529095,10.507373622916942,35.66197812590893,
2031-11-02 00:00:00,23.832078341239338,11.878395090720234,37.2947923171599,
2031-11-09 00:00:00,23.589120419993563,11.48907971764137,36.761806208045584,
2031-11-16 00:00:00,22.692339518220805,10.024040251897507,36.24209832050849,
2031-11-23 00:00:00,22.15664292749931,9.869938104819823,35.14385188610267,
2031-11-30 00:00:00,22.4899014490913,9.76533178576091,35.719510097137245,
2031-12-07 00:00:00,23.29945203070595,10.260609161067475,36.45447098458038,
2031-12-14 00:00:00,23.713020029888842,11.589616641470068,36.309394080312046,
2031-12-21 00:00:00,23.1432125960387,10.383601968665737,36.37378003447536,
2031-12-28 00:00:00,21.731729987848237,8.763969109248283,34.5865921223114,
2032-01-04 00:00:00,20.2005763575832,7.614823831130976,34.144878780802024,
2032-01-11 00:00:00,19.33442383193919,7.043745451310713,31.96042327122628,
2032-01-18 00:00:00,19.50128715720351,6.8633271971259555,32.251290883008664,
2032-01-25 00:00:00,20.4795403484427,7.964363703014266,33.65181974948167,
2032-02-01 00:00:00,21.632191573553904,7.953633570809533,33.83699127762083,
2032-02-08 00:00:00,22.302639424136093,9.448723716359602,36.16846591379536,
2032-02-15 00:00:00,22.204029223286213,9.082806652096068,35.18069326459104,
2032-02-22 00:00:00,21.558540897516636,8.792142338526483,34.70371161239365,
2032-02-29 00:00:00,20.888884984172375,8.492548732627348,33.331864074610166,
2032-03-07 00:00:00,20.630645664895034,7.892239419095911,33.55552355955681,
2032-03-14 00:00:00,20.888701946163785,7.5495983685054,34.105945469113124,
2032-03-21 00:00:00,21.511123998887197,8.277551757529116,34.66164778367167,
2032-03-28 00:00:00,22.32613732432887,10.638077650323993,35.50094651174906,
2032-04-04 00:00:00,23.243443208920603,10.39637755145246,37.33878222819638,
2032-04-11 00:00:00,24.13534696695553,11.249340852577077,37.469481689988015,
2032-04-18 00:00:00,24.72776556180608,11.804431278623394,38.73350419009348,
2032-04-25 00:00:00,24.74182595111516,12.007163669873856,38.38684343075744,
2032-05-02 00:00:00,24.192071043465553,11.148010853858988,37.33531927609636,
2032-05-09 00:00:00,23.47826153970447,10.293724062956631,36.490924248273586,
2032-05-16 00:00:00,23.078110617722835,11.031487429195513,38.01282501190559,
2032-05-23 00:00:00,23.105848440307113,9.449647053282145,37.11447263676433,
2032-05-30 00:00:00,23.208268929330202,9.926030169477272,37.127859465567155,
2032-06-06 00:00:00,22.941984034916118,9.938649372797611,36.24673769285281,
2032-06-13 00:00:00,22.25339648351219,10.310342672187009,34.892009195901274,
2032-06-20 00:00:00,21.5573687432541,8.849154790664329,34.7398373645892,
2032-06-27 00:00:00,21.332972389641707,7.471618552655767,35.2942334695014,
2032-07-04 00:00:00,21.65626035311326,8.866063077962139,35.92957720970236,
2032-07-11 00:00:00,22.1283453098377,9.723299496487675,36.12881344998207,
2032-07-18 00:00:00,22.230510681341364,9.619090443007247,36.48952643861599,
2032-07-25 00:00:00,21.74379968700323,9.033514298550593,35.29211982714709,
2032-08-01 00:00:00,20.89657047573715,7.875685703287597,34.99662947196253,
2032-08-08 00:00:00,20.216387502157144,7.808819858855469,34.521793514839175,
2032-08-15 00:00:00,20.259704058604154,6.10086361669515,33.75914034187387,
2032-08-22 00:00:00,21.334945080044168,8.126422287624125,35.92520075587147,
2032-08-29 00:00:00,23.256030008279808,10.283663489854796,38.0339186484636,
2032-09-05 00:00:00,25.25677417368008,12.331592982072014,39.83885326728464,
2032-09-12 00:00:00,26.284325068253715,12.998534214042715,40.41598416971846,
2032-09-19 00:00:00,25.67041114168871,13.337179656546406,38.392634137331754,
2032-09-26 00:00:00,23.736380132691536,10.100822355187352,38.32257893660807,
2032-10-03 00:00:00,21.731777805445574,8.770026184762685,34.61068533703444,
2032-10-10 00:00:00,20.98121797766565,6.887234875513921,35.008769029720014,
2032-10-17 00:00:00,21.871509065108796,9.532436826199685,35.663072050425455,
2032-10-24 00:00:00,23.56865971737083,10.428865463487083,36.7112597707719,
2032-10-31 00:00:00,24.750850290759047,10.213771194239971,38.28688697796072,
2032-11-07 00:00:00,24.712453369036005,10.888131720963544,38.934027045418915,
2032-11-14 00:00:00,23.857357662274914,9.609745283948481,38.072475825657584,
2032-11-21 00:00:00,23.19524930701183,9.853467039990559,37.116358658998834,
2032-11-28 00:00:00,23.377622323334116,9.662018492569477,37.480486787826464,
2032-12-05 00:00:00,24.16231819790881,10.4474049401194,38.63581122241318,
2032-12-12 00:00:00,24.706977914049652,11.212468407289371,39.65010117369587,
2032-12-19 00:00:00,24.32471135884296,10.668280263886215,40.08608231796338,
2032-12-26 00:00:00,23.021500279788256,9.531094442913075,36.475430438968395,
2033-01-02 00:00:00,21.448455451901836,7.8536891656028125,36.88985783025626,
2033-01-09 00:00:00,20.420170223965684,6.631409924814322,34.63691945993325,
2033-01-16 00:00:00,20.402312866152926,7.064195614534665,34.66268340666868,
2033-01-23 00:00:00,21.274870594730885,8.394553905599814,36.357472436036154,
2033-01-30 00:00:00,22.449827147018965,9.30670696440555,37.07489340735477,
2033-02-06 00:00:00,23.241883356172266,10.740183571844875,38.246509721001615,
2033-02-13 00:00:00,23.278116041349286,10.23465003100004,37.83354559482063,
2033-02-20 00:00:00,22.695708776652303,9.558392859652542,37.75755465041118,
2033-02-27 00:00:00,21.991054207083486,9.044514661445046,36.22059116133288,
2033-03-06 00:00:00,21.64130045965397,9.143380129462063,35.32697766984715,
2033-03-13 00:00:00,21.81392604881539,8.97939466783939,36.04647233727148,
2033-03-20 00:00:00,22.386083863329844,8.481599781394234,37.82014955934979,
2033-03-27 00:00:00,23.175052834121253,8.97746071081682,37.84856948475826,
2033-04-03 00:00:00,24.079994774196983,11.191429174633644,38.63257845894961,
2033-04-10 00:00:00,24.992477659016895,10.89118057003904,39.78450165597262,
2033-04-17 00:00:00,25.662562472588508,12.827860354388735,39.466553502929955,
2033-04-24 00:00:00,25.79069006029475,11.8891082526271,40.520457057923096,
2033-05-01 00:00:00,25.321502906560625,11.582876049344586,40.08182460635936,
2033-05-08 00:00:00,24.597843336154305,11.09681818310673,37.816215704577,
2033-05-15 00:00:00,24.118468488309077,11.129349722140358,39.0709792441904,
2033-05-22 00:00:00,24.08490392566098,10.13460363828137,38.42069297746245,
2033-05-29 00:00:00,24.211194744563194,10.200005467329749,37.77902748453075,
2033-06-05 00:00:00,24.030205271199392,10.597017670505915,37.97914533096679,
2033-06-12 00:00:00,23.396870743756082,9.552898813658874,38.32582966200829,
2033-06-19 00:00:00,22.661566774763497,8.716735170929205,37.1231848420327,
2033-06-26 00:00:00,22.33180570287636,9.136339961802868,37.90334732767322,
2033-07-03 00:00:00,22.575776625127403,8.163914000495055,37.37557727859732,
2033-07-10 00:00:00,23.062228034373284,9.841394176910462,38.31871768357887,
2033-07-17 00:00:00,23.25911812393426,9.9194342908819,37.780170146679296,
2033-07-24 00:00:00,22.87305137208046,9.332845385086362,36.947485200953906,
2033-07-31 00:00:00,22.056795040361266,7.289650042133047,36.49561179190008,
2033-08-07 00:00:00,21.303103703390164,7.103794623086787,35.15254601139469,
2033-08-14 00:00:00,21.183907009852412,6.675175443985272,35.349666553116165,
2033-08-21 00:00:00,22.071632215761007,9.058179795561863,36.608639745299726,
2033-08-28 00:00:00,23.882341509375365,10.428481757862007,38.19822641658217,
2033-09-04 00:00:00,25.945121299792106,12.746442616443913,40.62687640507792,
2033-09-11 00:00:00,27.21663985763236,13.227187571858677,41.615496864831925,
2033-09-18 00:00:00,26.90507094269874,12.272216728334463,41.767096574555765,
2033-09-25 00:00:00,25.134355679993625,11.532592556815096,40.16098999237766,
2033-10-02 00:00:00,23.032396051377702,8.651879544392308,37.345677571247386,
2033-10-09 00:00:00,21.992672445398757,7.893718664171384,36.019986823968964,
2033-10-16 00:00:00,22.62046940432895,9.296102125438615,38.03194709986607,
2033-10-23 00:00:00,24.271604803521885,9.623461299229348,38.93629835955117,
2033-10-30 00:00:00,25.627445706130786,12.548802942197803,39.422741449004405,
2033-11-06 00:00:00,25.808006334813733,12.16909259904689,40.0646703452206,
2033-11-13 00:00:00,25.029630675684633,11.836866764677378,39.652338222941346,
2033-11-20 00:00:00,24.263415911807453,10.055597730525758,39.34162664276188,
2033-11-27 00:00:00,24.28627005404944,10.504953808469676,39.61486103129653,
2033-12-04 00:00:00,25.017033399164305,11.137283606430895,39.482658243119076,
2033-12-11 00:00:00,25.669362854378278,11.935439692965296,40.491380718972785,
2033-12-18 00:00:00,25.47502176556929,11.312226217526014,40.09138222121193,
2033-12-25 00:00:00,24.30224337138017,10.950368584932226,39.736176631356656,
2034-01-01 00:00:00,22.714711496655625,8.903866857280704,38.53530590792652,
2034-01-08 00:00:00,21.53977377013277,7.452631061516483,36.2553424567884,
2034-01-15 00:00:00,21.333027992707187,7.977441424104463,36.920766305530805,
2034-01-22 00:00:00,22.080110315176146,6.999397124023925,37.29530975459264,
2034-01-29 00:00:00,23.254371229807532,10.302679218533106,38.51003260363793,
2034-02-05 00:00:00,24.15557839412731,9.503178209053319,39.11833620715535,
2034-02-12 00:00:00,24.33146074207624,9.515672497070753,38.76259218959568,
2034-02-19 00:00:00,23.82906359218418,9.953811111174343,38.88808738769568,
2034-02-26 00:00:00,23.105464216268878,8.764706231191632,38.80521468988535,
2034-03-05 00:00:00,22.669445557178854,7.948003204858512,38.42851196944426,
2034-03-12 00:00:00,22.752003377102483,8.73207065038222,37.557283847248364,
2034-03-19 00:00:00,23.267644767273687,10.245722388746744,38.873932964519796,
2034-03-26 00:00:00,24.02766454364737,9.651644862429121,39.14025481352311,
2034-04-02 00:00:00,24.917248102341855,10.539552527545988,40.766200658948655,
2034-04-09 00:00:00,25.84209797541603,11.816083480464451,40.429782355109424,
2034-04-16 00:00:00,26.579396681867642,12.688007553316002,41.69659384965205,
2034-04-23 00:00:00,26.819317448267718,11.854681604733548,40.98179695525204,
2034-04-30 00:00:00,26.44232686397564,11.345354431733583,41.93864629282608,
2034-05-07 00:00:00,25.726084870704376,11.495117676820497,40.681847268662935,
2034-05-14 00:00:00,25.17450181980241,9.93463690707722,40.76211903468948,
2034-05-21 00:00:00,25.06960567800235,10.46112064238445,41.392412417979685,
2034-05-28 00:00:00,25.203357705799526,10.69868666864772,40.41898911789353,
2034-06-04 00:00:00,25.102517141800075,10.422320780926999,40.41650515861026,
2034-06-11 00:00:00,24.536626319376268,10.253066075048476,40.21583389941112,
2034-06-18 00:00:00,23.779709976293468,8.745583377384833,38.228606486147996,
2034-06-25 00:00:00,23.35040459348442,9.946431557055234,38.75089991308013,
2034-07-02 00:00:00,23.503591728980965,9.194397370311904,38.659719718523604,
2034-07-09 00:00:00,23.98616342403127,9.352104895808466,39.67523966084119,
2034-07-16 00:00:00,24.267866146745547,9.872614855832833,38.65548525923734,
2034-07-23 00:00:00,23.98766195895305,10.01397410977336,39.287564020564126,
2034-07-30 00:00:00,23.218813497362504,9.813526127170775,39.390259076226485,
2034-08-06 00:00:00,22.41056822266325,8.26839654542386,36.666274573466794,
2034-08-13 00:00:00,22.141424808154774,8.002935477951944,37.44149592261476,
2034-08-20 00:00:00,22.83938660819065,8.61083602997996,37.94820214773607,
2034-08-27 00:00:00,24.51781765030255,9.832835990892928,40.4805103831953,
2034-09-03 00:00:00,26.607622711674406,11.900909909226842,43.02367420716428,
2034-09-10 00:00:00,28.095899418707567,13.248255829877428,43.35215725366381,
2034-09-17 00:00:00,28.09028704262579,12.042896325395628,44.221650615139644,
2034-09-24 00:00:00,26.520950145685532,11.418147944839442,42.694510168278455,
2034-10-01 00:00:00,24.3691456864079,9.153916909364963,40.54356944568734,
2034-10-08 00:00:00,23.060929921522842,8.546250752449843,39.42970127995339,
2034-10-15 00:00:00,23.40401293881296,8.186583773626097,39.431783701397876,
2034-10-22 00:00:00,24.96382007644977,10.516031702962692,40.39154933991243,
2034-10-29 00:00:00,26.46334151030816,11.825755353216051,41.351659973937124,
2034-11-05 00:00:00,26.870800409918708,12.55567761602078,42.40173222852717,
2034-11-12 00:00:00,26.20291332334739,11.95849745735653,42.621745555707335,
2034-11-19 00:00:00,25.35928117064996,10.12457113136323,41.707097150638916,
2034-11-26 00:00:00,25.219526287651412,10.39803330093115,40.48542128884958,
2034-12-03 00:00:00,25.8691486189975,10.801622043865741,41.611672579837844,
2034-12-10 00:00:00,26.602887091490125,11.488889763338745,41.538239167924274,
2034-12-17 00:00:00,26.592157093574855,11.393910946866221,42.78144555456436,
2034-12-24 00:00:00,25.569052557186787,9.674920253733246,41.105256009097204,
2034-12-31 00:00:00,23.99491852025804,7.8501431242374515,40.211991809699924,
2035-01-07 00:00:00,22.691848720090725,8.10136162003407,38.47456280045186,
2035-01-14 00:00:00,22.295578454046293,6.601118408952898,38.99339712195611,
2035-01-21 00:00:00,22.899450521884244,8.717586309354033,39.21046550220218,
2035-01-28 00:00:00,24.049508584681462,8.595586995331303,40.55900484194217,
2035-02-04 00:00:00,25.044728859481125,8.940903851661968,39.72400841516129,
2035-02-11 00:00:00,25.362014739811585,10.679996295297672,41.42802228320703,
2035-02-18 00:00:00,24.95524325489699,10.386571600145471,41.95420713991119,
2035-02-25 00:00:00,24.229878367918026,9.51931523697197,40.58269097614293,
2035-03-04 00:00:00,23.715044172914446,7.958526031217624,39.344084896744334,
2035-03-11 00:00:00,23.704137629203125,8.08446382715212,39.18686281673953,
2035-03-18 00:00:00,24.156706688928892,8.034014787115522,39.803340756413235,
2035-03-25 00:00:00,24.88431134015264,10.381542671348647,41.27604664651312,
2035-04-01 00:00:00,25.756038064154424,10.856884147623338,42.60516889889047,
2035-04-08 00:00:00,26.686066797479413,11.083398381080931,42.34807343116178,
2035-04-15 00:00:00,27.479858078526682,13.062041896267269,44.779874144274885,
2035-04-22 00:00:00,27.827094569326015,11.94875980747067,43.39290731136043,
2035-04-29 00:00:00,27.551631362263695,12.56556303678807,44.34196785875416,
2035-05-06 00:00:00,26.860218322077024,11.370985935396627,43.023025819755375,
2035-05-13 00:00:00,26.246243252952198,10.701869200971482,42.22147021669188,
2035-05-20 00:00:00,26.062718017470118,10.655284979407217,42.35998655352019,
2035-05-27 00:00:00,26.187314316934213,9.807484518757684,43.113177408879636,
2035-06-03 00:00:00,26.15848692317072,10.27148035019592,42.087779829666786,
2035-06-10 00:00:00,25.669560832562976,9.204627456322392,42.442448559636745,
2035-06-17 00:00:00,24.909089572967126,8.971687394521469,42.147318037893506,
2035-06-24 00:00:00,24.389078238314895,9.403777869375244,41.2512776619589,
2035-07-01 00:00:00,24.442704450460823,9.175908802167607,41.10432190392899,
2035-07-08 00:00:00,24.903177802418316,9.67637664254728,40.87676192751971,
2035-07-15 00:00:00,25.257450330130368,9.51205019654364,41.63190822523052,
2035-07-22 00:00:00,25.085660258983836,9.264593473213647,42.19780936714419,
2035-07-29 00:00:00,24.379241465901917,8.62961912113077,41.126799404734214,
2035-08-05 00:00:00,23.535613750218708,8.51417469542162,41.19760939037237,
2035-08-12 00:00:00,23.130869514027314,7.2724051101758045,40.53666512525285,
2035-08-19 00:00:00,23.640011958084497,9.418018803382191,39.85323056565926,
2035-08-26 00:00:00,25.167725187511145,10.533986112515976,41.73867273088037,
2035-09-02 00:00:00,27.25070340821312,12.183945693599929,43.210126535226095,
2035-09-09 00:00:00,28.925230912977455,12.213799303538105,45.31774540647116,
2035-09-16 00:00:00,29.222602493034397,12.863839062842406,46.10738978459806,
2035-09-23 00:00:00,27.88763543304576,12.87045301744679,43.77197555669237,
2035-09-30 00:00:00,25.734555102480897,9.561284010815971,42.52157062016143,
2035-10-07 00:00:00,24.185448829983763,8.979953212878439,40.875404676694345,
2035-10-14 00:00:00,24.22879881483636,8.740680762046109,41.43287099178731,
2035-10-21 00:00:00,25.653366010013773,9.692133862437798,42.10339333614114,
2035-10-28 00:00:00,27.261325915573707,11.803971896825246,43.28143463138371,
2035-11-04 00:00:00,27.896740657526976,10.97161792546197,44.54909913179591,
2035-11-11 00:00:00,27.37070286501094,11.458468266571282,43.920994501306716,
2035-11-18 00:00:00,26.47994993777674,9.898636530168073,42.99974330850965,
2035-11-25 00:00:00,26.180248121003316,10.722840405826908,43.264256695123,
2035-12-02 00:00:00,26.724259218868774,11.541615843830318,42.798172110350194,
2035-12-09 00:00:00,27.511019932403634,10.821652754178015,44.61532025326912,
2035-12-16 00:00:00,27.67492809806629,12.304837631698673,45.11096025032337,
2035-12-23 00:00:00,26.817303457383847,10.915970269747051,44.21538008619176,
2035-12-30 00:00:00,25.284327738147866,8.948521686954876,42.07126460535512,
2036-01-06 00:00:00,23.874365896289166,8.822145571379561,41.240944572577476,
2036-01-13 00:00:00,23.29153985203898,8.202104766468988,41.18304060090354,
2036-01-20 00:00:00,23.736890039100793,7.357787955542574,40.68964640736239,
2036-01-27 00:00:00,24.839206008341726,8.3772548078255,41.88490826996333,
2036-02-03 00:00:00,25.910910599524268,10.094073139499944,42.238705115463006,
2036-02-10 00:00:00,26.36819865926185,10.624956396338304,42.96521823756727,
2036-02-17 00:00:00,26.070932649662673,9.403043257152063,41.934113961495356,
2036-02-24 00:00:00,25.361719224034612,10.066117972115807,41.695185244109936,
2036-03-02 00:00:00,24.777687258548234,10.322776462649559,42.6712766611474,
2036-03-09 00:00:00,24.671436818331408,9.209919330375882,41.71012255131316,
2036-03-16 00:00:00,25.054294710867794,8.509029639371219,41.52582384835273,
2036-03-23 00:00:00,25.74537449655695,9.256474634655856,42.46330392910832,
2036-03-30 00:00:00,26.597028872101536,10.828343136360532,44.31067749797623,
2036-04-06 00:00:00,27.526102700147668,11.22015663740297,44.03986385081309,
2036-04-13 00:00:00,28.36574107845075,12.336920796566757,44.97831876291713,
2036-04-20 00:00:00,28.81388842112153,12.188260440911609,45.360905737655855,
2036-04-27 00:00:00,28.64679358186359,13.627751787819195,45.65888332692133,
2036-05-04 00:00:00,27.997215877397867,11.39613749256636,46.04250796589379,
2036-05-11 00:00:00,27.333127464583434,12.175894276025844,44.00617362534011,
2036-05-18 00:00:00,27.066677580466017,11.522524110120631,44.05243477872545,
2036-05-25 00:00:00,27.16591745258269,10.755648136395777,45.570931025319304,
2036-06-01 00:00:00,27.198300047109498,11.816371330820393,44.43458754043993,
2036-06-08 00:00:00,26.79286970647837,9.347627883912057,45.52724866441729,
2036-06-15 00:00:00,26.046674120218697,9.831879953204904,43.36793425948857,
2036-06-22 00:00:00,25.447524613567765,9.233282223669718,43.097788079684385,
2036-06-29 00:00:00,25.395792255912518,9.588666977182815,42.848817708285544,
2036-07-06 00:00:00,25.81650916299428,8.043174649033258,43.606365429838704,
2036-07-13 00:00:00,26.229070659895907,10.061950075718876,43.59089570709989,
2036-07-20 00:00:00,26.16548781665737,10.297361344405111,43.30451110193033,
2036-07-27 00:00:00,25.534826359226912,10.040008146062913,43.61184128944662,
2036-08-03 00:00:00,24.67491854717673,8.61272785677641,40.71076865020578,
2036-08-10 00:00:00,24.150421789145014,7.952041684527652,42.020521474050376,
2036-08-17 00:00:00,24.4746677612779,7.3066482064118565,42.72997880946292,
2036-08-24 00:00:00,25.83679560125237,8.744802377400738,43.60214019535482,
2036-08-31 00:00:00,27.880875776210058,9.485007556674617,45.264077633570054,
2036-09-07 00:00:00,29.708682927321263,13.054936336839111,47.32637083573797,
2036-09-14 00:00:00,30.29979171128626,13.54755653314412,48.343267760461195,
2036-09-21 00:00:00,29.226429507123633,11.323942836502182,48.737587587794025,
2036-09-28 00:00:00,27.120441722576068,9.690579530809782,43.92310608510995,
2036-10-05 00:00:00,25.364224484662284,9.356129580169206,43.259133664746436,
2036-10-12 00:00:00,25.100494462347804,7.873240144195266,43.893510659550415,
2036-10-19 00:00:00,26.348609220735238,8.71516512614733,42.80820451699719,
2036-10-26 00:00:00,28.02544417977819,11.249702629142465,45.83478218175351,
2036-11-02 00:00:00,28.88277246480625,12.6352708287847,46.11902030347982,
2036-11-09 00:00:00,28.526446809715477,12.337642467369083,46.76685789948632,
2036-11-16 00:00:00,27.621565321181976,9.81847474590679,45.52677835553301,
2036-11-23 00:00:00,27.170361917993084,9.85469203209686,45.875099489090516,
2036-11-30 00:00:00,27.587837621605992,10.844465369192932,44.41878534095816,
2036-12-07 00:00:00,28.397903285464757,11.69443917975591,47.31693319878489,
2036-12-14 00:00:00,28.72298726459873,11.128214740996025,46.972281898135,
2036-12-21 00:00:00,28.042766903831385,10.517704477193051,45.77493765855078,
2036-12-28 00:00:00,26.577962117006074,9.919195914087252,44.235475947714676,
2037-01-04 00:00:00,25.084680962737743,8.488753815763722,42.86537103587559,
2037-01-11 00:00:00,24.32187767700252,5.566508946454071,42.7843403258848,
MAE,6.044930699661759,,,
RMSE,8.68652201974532,,,
