ds,yhat,yhat_lower,yhat_upper,actual
2001-01-07 00:00:00,11.646573970623969,-15.641969926891644,37.74785752710637,0.0
2001-01-14 00:00:00,12.561650106445747,-13.977396735177205,38.226998865460004,0.0
2001-01-21 00:00:00,13.39421956069809,-12.311684271238576,39.093277391841,0.0
2001-01-28 00:00:00,13.728120274235959,-13.094054645238835,37.87178787383063,0.0
2001-02-04 00:00:00,14.516707006421317,-13.03893825773515,41.25297424936022,0.0
2001-02-11 00:00:00,16.644225039198638,-11.358410935651932,45.683399713493586,0.0
2001-02-18 00:00:00,19.37944636699718,-8.912355887576457,45.750250375047415,0.0
2001-02-25 00:00:00,20.73004370543369,-6.395215096600232,47.73569086689747,0.0
2001-03-04 00:00:00,19.477913888775987,-7.101769190091876,47.663937059323466,20.25836053341328
2001-03-11 00:00:00,16.622614223671007,-11.10929077913353,43.63317810609918,19.92476794283874
2001-03-18 00:00:00,14.565614470909207,-13.087343215436743,41.25449376764651,21.22354142421851
2001-03-25 00:00:00,14.913174762540939,-13.090927457259692,42.631131504898875,25.361226099529464
2001-04-01 00:00:00,17.236538056836594,-9.307361346680008,44.69384565311558,25.51047905433357
2001-04-08 00:00:00,19.872104041051745,-6.850497021325392,47.007650575842405,32.544058006656115
2001-04-15 00:00:00,21.533121127114867,-2.51246250815149,46.892786140335815,36.51042682135269
2001-04-22 00:00:00,21.91593935456144,-5.017301360273738,48.456305762812384,35.58688011765764
2001-04-29 00:00:00,21.07976394491469,-6.880020455212932,47.18149510517442,89.33542458712623
2001-05-06 00:00:00,18.919582363515044,-8.0415324656922,43.91680685167883,60.01292241393732
2001-05-13 00:00:00,15.599360357078805,-10.068983383937226,43.657018735274235,37.64628853531968
2001-05-20 00:00:00,12.17933298427248,-14.695566728147856,38.61895422225608,29.92510446361677
2001-05-27 00:00:00,10.207454956508814,-16.311587360299715,37.55754057406899,12.494078501313291
2001-06-03 00:00:00,10.445267764305271,-15.158228442560887,35.60743116737909,19.149752509156656
2001-06-10 00:00:00,12.253004180759387,-15.072197447624323,39.76934148942367,25.50416946343989
2001-06-17 00:00:00,14.507746382813616,-12.743515938337001,42.132007057853784,29.61989552609016
2001-06-24 00:00:00,16.961631404380217,-11.046847892316727,42.246475204381,45.86391462757502
2001-07-01 00:00:00,20.23998479430954,-5.5806310445788085,46.72319473260255,45.47252326202094
2001-07-08 00:00:00,24.341348283636965,-1.912943491918817,50.1394270059259,43.06871253429521
2001-07-15 00:00:00,27.56485023427739,0.650277299406774,53.04367514919572,39.13064157610883
2001-07-22 00:00:00,27.560303919511632,0.20082851993860373,53.52637008771126,58.68870406174634
2001-07-29 00:00:00,23.70939636842945,-3.9359204790320383,49.8478195279086,47.01104105248932
2001-08-05 00:00:00,18.22687214136274,-8.601708163573505,44.24567585814654,37.10820403084011
2001-08-12 00:00:00,14.529734765142607,-10.416271686905347,39.623785104947146,30.727842854924223
2001-08-19 00:00:00,14.367675980784554,-14.175050684274222,40.46695660266904,19.822693174590547
2001-08-26 00:00:00,16.57588456845413,-10.279654648117592,44.255058738602514,20.18229039880294
2001-09-02 00:00:00,18.55029632767695,-8.613977815122453,45.433243386263925,21.9806310374073
2001-09-09 00:00:00,18.713843195222196,-8.406348032492058,43.56969328322876,24.78228138919921
2001-09-16 00:00:00,17.49868031674129,-10.685507593849053,45.303340004237285,18.154626188117028
2001-09-23 00:00:00,16.28708367169827,-12.482084944280697,42.1154781610097,21.057332786630905
2001-09-30 00:00:00,15.890773015361557,-11.294676924311862,43.281539213992886,23.28132859337123
2001-10-07 00:00:00,16.162528834837065,-10.001865155924119,42.33747888829013,24.27460843188082
2001-10-14 00:00:00,16.65572796390602,-10.064553398145687,44.56599850079243,38.43491389150344
2001-10-21 00:00:00,17.16279487523277,-11.060531844240241,44.93111359153197,36.04334553051302
2001-10-28 00:00:00,17.5928149326457,-12.839981381496564,43.22294857311585,31.375077603082413
2001-11-04 00:00:00,17.764420882086593,-9.10481709243879,43.42711341126178,24.298506974901144
2001-11-11 00:00:00,17.65844630616414,-9.667357154920545,46.47027544345046,69.79321061413205
2001-11-18 00:00:00,17.70658296238914,-8.737080793312067,43.43280764499231,16.97468538586794
2001-11-25 00:00:00,18.39396062612093,-6.905808085478149,44.986544292926666,0.0
2001-12-02 00:00:00,19.430685862918338,-4.334611261352585,45.602610313973614,0.0
2001-12-09 00:00:00,19.64100363536648,-4.766825401903574,46.77976757525153,0.0
2001-12-16 00:00:00,18.06653046699479,-8.7561891964829,43.94662723466264,0.0
2001-12-23 00:00:00,15.187485571036287,-11.693724700525799,41.01770424358027,0.0
2001-12-30 00:00:00,12.72580939664686,-13.999213230883843,40.654563757641355,0.0
2002-01-06 00:00:00,12.031792736282519,-13.955428959361019,37.17545467017878,36.35415348664238
2002-01-13 00:00:00,12.820179211058623,-13.313081883702278,39.97707939647485,24.864099943202326
2002-01-20 00:00:00,13.742882484790854,-12.58657999366913,39.37938500958366,15.245135711837808
2002-01-27 00:00:00,14.124711548835247,-11.346206442745235,41.425203247844856,12.62347085831749
2002-02-03 00:00:00,14.73864837597673,-12.00694776053313,40.659670378239966,6.385310368418912
2002-02-10 00:00:00,16.624946356423532,-9.615959236610355,43.57162642028999,10.351348815851972
2002-02-17 00:00:00,19.383331561228424,-9.774182014955592,47.22478555907516,13.540518588809505
2002-02-24 00:00:00,21.12219315956923,-3.954915141961031,50.45209062376604,14.266252226919615
2002-03-03 00:00:00,20.32863096656086,-4.898856990067063,46.80550540868761,35.43782107135123
2002-03-10 00:00:00,17.59686170512556,-8.260742709692316,44.37071787273353,24.31484034069431
2002-03-17 00:00:00,15.22895387135167,-9.422136486747394,42.17972383479335,15.518385758920983
2002-03-24 00:00:00,15.119644715659444,-13.356384963598668,41.605270810267335,13.815812829033478
2002-03-31 00:00:00,17.198905061028636,-9.52852245911134,43.04273982108794,6.557917778309664
2002-04-07 00:00:00,19.900969955303896,-6.564287976807716,46.832140080422334,10.539406376255382
2002-04-14 00:00:00,21.782876755535032,-3.985888316408303,48.15803906066988,13.571546458564038
2002-04-21 00:00:00,22.38842382847658,-3.201484694694848,49.76803628556951,13.87455938687092
2002-04-28 00:00:00,21.773232057367697,-6.203503761451202,45.58333532345441,52.08451982390442
2002-05-05 00:00:00,19.856370409453568,-6.956061843119183,46.62232900499464,29.528856079247173
2002-05-12 00:00:00,16.69390483192488,-10.50953845643247,44.41216116443955,7.473484096848407
2002-05-19 00:00:00,13.177115822052471,-15.574110050755277,39.20044513780462,0.0
2002-05-26 00:00:00,10.851772527822945,-16.0316898890902,36.44668320183372,0.0
2002-06-02 00:00:00,10.705370936003813,-16.214657549442176,37.99743774397222,0.0
2002-06-09 00:00:00,12.321986125171229,-16.848737221590458,36.71836174112984,0.0
2002-06-16 00:00:00,14.551559545929257,-13.879651860284294,41.63564861258277,0.0
2002-06-23 00:00:00,16.93460620873726,-9.775054931731216,41.053228979191246,0.0
2002-06-30 00:00:00,20.024586432185494,-7.312381482065906,46.25066531740755,0.0
2002-07-07 00:00:00,24.05490044245419,-5.1068570009430125,49.84564984652,0.0
2002-07-14 00:00:00,27.618747008410637,2.577248308425979,54.06465473795123,0.0
2002-07-21 00:00:00,28.3148409753107,1.039051881761246,56.33806324828534,32.04711724235367
2002-07-28 00:00:00,25.06378507711242,-2.706733321628956,53.23990734064978,12.496312757646333
2002-08-04 00:00:00,19.618160226651884,-6.199549100808927,47.65490961205654,0.0
2002-08-11 00:00:00,15.393503806447688,-11.70021799831584,41.29903454819297,0.0
2002-08-18 00:00:00,14.607148720310526,-10.8346642817008,42.40965804431876,0.0
2002-08-25 00:00:00,16.57595757388687,-10.21738327446328,43.26911814593423,0.0
2002-09-01 00:00:00,18.763610063615154,-6.3448675496103775,45.22846547439608,0.0
2002-09-08 00:00:00,19.27196596117158,-6.561495236657095,45.098548512546714,0.0
2002-09-15 00:00:00,18.20589810287486,-9.7149828357413,44.53459561320227,25.287780697896505
2002-09-22 00:00:00,16.903997484221424,-11.231820576575512,44.95311022286873,15.06948030339204
2002-09-29 00:00:00,16.350787668333446,-9.220268183383265,43.15580510781888,4.186168998711453
2002-10-06 00:00:00,16.538208877411712,-10.293946798200654,44.57981512290053,0.0
2002-10-13 00:00:00,17.015575542014417,-9.27367986232544,44.08260607876101,0.0
2002-10-20 00:00:00,17.525546330209853,-8.366656009783977,45.9879172370907,0.0
2002-10-27 00:00:00,17.980595924741475,-10.399779012179764,43.97160709735694,0.0
2002-11-03 00:00:00,18.21045635141462,-9.241208341698854,43.81630502454347,0.0
2002-11-10 00:00:00,18.135107970317335,-8.957880282154733,44.97639339284815,0.0
2002-11-17 00:00:00,18.11058501091715,-8.498651741516117,42.80114994163051,0.0
2002-11-24 00:00:00,18.674007482868493,-8.237006850161073,45.890873465855975,0.0
2002-12-01 00:00:00,19.717680942727785,-6.157660352022944,45.75620324940026,0.0
2002-12-08 00:00:00,20.172353944788053,-7.6255144085178515,44.95881736736145,9.02323861861149
2002-12-15 00:00:00,18.931110241352677,-8.33223201105314,46.95794938693763,10.333040612404004
2002-12-22 00:00:00,16.178090077650886,-11.512433410327649,44.102867186848606,11.896345944328488
2002-12-29 00:00:00,13.507636605551001,-13.532311434915673,41.15486913946647,14.078290824656024
2003-01-05 00:00:00,12.467515172284873,-15.556711694527362,36.67807176078566,18.61211259490892
2003-01-12 00:00:00,13.080856356419211,-15.242594139756473,40.96841819527272,22.28439024172192
2003-01-19 00:00:00,14.069737425990919,-14.269636582003155,41.258409011041195,24.827403031889467
2003-01-26 00:00:00,14.527783480287145,-12.002682706915369,41.352637957143344,24.93792513147971
2003-02-02 00:00:00,15.005565557876357,-12.085943747174884,41.67208715868189,44.91694609780822
2003-02-09 00:00:00,16.63812925432934,-10.293327927099519,42.20970700883763,35.72852257762744
2003-02-16 00:00:00,19.35367893802898,-7.22845378870711,44.149448762871764,28.194546925769
2003-02-23 00:00:00,21.42727798096885,-6.465010824862066,48.04824301702648,27.15273139879536
2003-03-02 00:00:00,21.11243752866038,-6.791722244407957,48.08180864754816,16.212306999447833
2003-03-09 00:00:00,18.584008342129955,-7.443793834107652,45.683143953986836,21.98637166705559
2003-03-16 00:00:00,15.970223390211224,-11.262558577910841,43.206398611868664,26.428802782676406
2003-03-23 00:00:00,15.400211076427297,-12.070658384315458,42.159386226595615,26.03434955082017
2003-03-30 00:00:00,17.180462518488472,-7.954558045749174,43.48073884645585,85.92248928776216
2003-04-06 00:00:00,19.900564815506225,-7.68461614800249,46.606127379225164,44.58316661309243
2003-04-13 00:00:00,21.990564740739856,-5.085681564824295,47.79069441792104,5.487091099145419
2003-04-20 00:00:00,22.82276385822845,-5.3101462184024015,50.22315286902748,0.0
2003-04-27 00:00:00,22.425044358202804,-3.2261533145940042,49.872158473651695,0.0
2003-05-04 00:00:00,20.750908607582584,-6.314574292644561,47.71540517120897,0.0
2003-05-11 00:00:00,17.77500263947686,-7.243930266428247,43.421567181390174,0.0
2003-05-18 00:00:00,14.214468058309121,-11.061551829843939,39.37528239598535,0.0
2003-05-25 00:00:00,11.569833101226127,-12.079516317544488,39.16835049354429,30.364323133906403
2003-06-01 00:00:00,11.023919542807388,-16.033027350479873,36.940723411461036,14.9665928660936
2003-06-08 00:00:00,12.408272967589497,-14.64233987102445,41.63498494700737,0.0
2003-06-15 00:00:00,14.596940236534095,-13.184196740399859,41.41764069393075,0.0
2003-06-22 00:00:00,16.93092789802268,-11.16450682258322,41.9828617727653,0.0
2003-06-29 00:00:00,19.84421701898271,-8.253204094618948,45.571218870094945,0.0
2003-07-06 00:00:00,23.756858513171828,-2.981359733158481,52.47471985079622,0.0
2003-07-13 00:00:00,27.577483533180853,1.1169342104172593,53.4762412436244,0.0
2003-07-20 00:00:00,28.9351188376247,3.9912726959967575,57.32136431914377,23.048982930140824
2003-07-27 00:00:00,26.34321210633559,0.048047378789252804,53.205634927211904,15.791055530229562
2003-08-03 00:00:00,21.05194688457116,-5.94383562196046,46.356090937627954,6.490877539629615
2003-08-10 00:00:00,16.37550877716224,-13.086441278564614,41.74000275925361,0.0
2003-08-17 00:00:00,14.939819793974046,-10.893389145953098,45.64986969950088,0.0
2003-08-24 00:00:00,16.5808722876871,-10.993171563252925,44.15737877331625,0.0
2003-08-31 00:00:00,18.917336429562845,-9.741680795182848,43.796694077389304,0.0
2003-09-07 00:00:00,19.77640684323058,-6.578336911257132,47.24657106771451,0.0
2003-09-14 00:00:00,18.906941325389138,-7.671881821139749,44.07929156101531,0.0
2003-09-21 00:00:00,17.547835342281488,-8.595223317359604,45.93664345607888,0.0
2003-09-28 00:00:00,16.83555568101809,-7.462590422459119,44.227147868776825,0.0
2003-10-05 00:00:00,16.922325590418986,-8.907836639067064,45.14563183569803,0.0
2003-10-12 00:00:00,17.375934036383953,-8.353344041464023,44.310988263899276,65.91280622243609
2003-10-19 00:00:00,17.886974206933804,-9.172172963057026,42.86988201488019,26.67978677756391
2003-10-26 00:00:00,18.361064032391674,-8.331622311153968,46.12462093252672,0.0
2003-11-02 00:00:00,18.64537553386646,-7.736387120698588,46.61155135478824,0.0
2003-11-09 00:00:00,18.612651170153413,-8.684740974393456,44.87894296738796,0.0
2003-11-16 00:00:00,18.5351881709556,-9.339154815062923,44.169257966211546,0.0
2003-11-23 00:00:00,18.972375675038826,-7.604931143842691,44.96260565210931,0.0
2003-11-30 00:00:00,19.986187931294985,-7.849668301866089,46.900174633566536,0.0
2003-12-07 00:00:00,20.645807767625175,-4.428020333215077,48.12105871387485,61.42718479169784
2003-12-14 00:00:00,19.743183103441993,-8.540069442162839,47.51421273289846,43.23486053009916
2003-12-21 00:00:00,17.17142539653913,-9.123771213365103,47.315126154347126,22.417870440949297
2003-12-28 00:00:00,14.346089864994475,-11.637226444958177,40.37108798073486,11.808973237253714
2004-01-04 00:00:00,12.959929184100702,-13.758501560003307,40.715543695271236,4.972481332257926
2004-01-11 00:00:00,13.352308306965163,-13.618671174751587,40.879303564588895,9.410948995944535
2004-01-18 00:00:00,14.37508269416055,-12.122068508344995,42.81928190444148,14.736619259983886
2004-01-25 00:00:00,14.929581755222616,-10.802857144087547,42.04506693545814,17.176246411813654
2004-02-01 00:00:00,15.312974481325515,-11.748625489284287,43.85392935204872,34.46380027077797
2004-02-08 00:00:00,16.690980411822,-12.523323748237395,41.914276400353685,26.89690017652705
2004-02-15 00:00:00,19.303749304244086,-5.763004050423596,45.147051496450906,17.991894789114063
2004-02-22 00:00:00,21.650458363798116,-3.7086136478576677,47.9537336295253,13.239997763580906
2004-02-29 00:00:00,21.819806175526306,-5.017708974270107,48.50219939402071,7.066623769745963
2004-03-07 00:00:00,19.568499104532204,-6.467865472776431,45.56631689473448,9.294656416958528
2004-03-14 00:00:00,16.782169674623827,-8.958458999475138,44.2124168462359,12.963256626012376
2004-03-21 00:00:00,15.760730265837228,-11.045190608177414,42.39257873059451,16.971759187283133
2004-03-28 00:00:00,17.192172391305647,-11.428301311766624,42.04940432587021,18.864624968842115
2004-04-04 00:00:00,19.877036798602262,-7.393877842676979,46.909366915129496,22.87003135121159
2004-04-11 00:00:00,22.156286708940666,-2.6145582429037013,48.88690497005234,25.59042860599003
2004-04-18 00:00:00,23.21846506122561,-2.4953480883506174,51.09707411638081,25.267508073956257
2004-04-25 00:00:00,23.036394261905127,-2.6982778444000566,50.40396873485842,59.1331474140602
2004-05-02 00:00:00,21.601734081883823,-8.246838160923097,47.7690089545862,41.43258253583206
2004-05-09 00:00:00,18.834932466492454,-5.964566914731911,46.60328610965287,23.43927648166068
2004-05-16 00:00:00,15.28185304047525,-13.418083786222194,40.2394917700196,14.883882568447076
2004-05-23 00:00:00,12.358903481062562,-13.848905197799748,37.622104398654926,5.741945865305546
2004-05-30 00:00:00,11.406938239708264,-15.773221079465092,39.0033404275015,9.702354333680985
2004-06-06 00:00:00,12.51867439135616,-16.072727985734982,38.28962064950005,14.400170348103488
2004-06-13 00:00:00,14.643392727523738,-9.496910183738255,42.459100290122166,16.451825452909983
2004-06-20 00:00:00,16.945567119412697,-8.062430071681046,45.01386892628152,34.99220338867881
2004-06-27 00:00:00,19.70032292508422,-7.892027537992782,47.2811083980574,26.919833515365468
2004-07-04 00:00:00,23.46000323911852,-4.375675797300847,51.09301899713232,17.524395718683035
2004-07-11 00:00:00,27.45530017175013,0.49863681287551387,55.778842533612206,13.156160377272682
2004-07-18 00:00:00,29.421372607417275,3.576614805944592,55.457114961521015,6.7056451978950085
2004-07-25 00:00:00,27.530388092452295,-0.1698278388088177,53.66160352586593,9.736966037843002
2004-08-01 00:00:00,22.507380510193645,-4.520495994848151,52.30345704748194,13.636485203054184
2004-08-08 00:00:00,17.469136991718774,-8.693549891054577,43.40632438899623,16.217199561207803
2004-08-15 00:00:00,15.377053005532325,-12.615191940280368,41.356636394584655,24.248900828714586
2004-08-22 00:00:00,16.607100652316607,-9.673930066065331,45.23599975889546,23.77832658375252
2004-08-29 00:00:00,19.01811171273787,-9.042435932863413,46.208686072696615,22.499367052151683
2004-09-05 00:00:00,20.22144480492276,-5.508278669168625,47.6149089403448,22.065998535381205
2004-09-12 00:00:00,19.5929728634643,-5.648124908901188,47.18281314552854,22.75742548353068
2004-09-19 00:00:00,18.215374675086373,-6.977399309285374,44.90374814584292,24.23461963080328
2004-09-26 00:00:00,17.347401791129617,-9.644398637058806,43.25254378442457,25.40093717993621
2004-10-03 00:00:00,17.317526945513954,-10.00700955528082,44.614562892597874,24.506242705729825
2004-10-10 00:00:00,17.73741353999821,-9.282285838671282,43.97587594087251,35.88985388287245
2004-10-17 00:00:00,18.247557248835193,-8.538820332915378,44.152222610215645,27.124856857302674
2004-10-24 00:00:00,18.735568606602836,-7.1697883593129,44.16192263970942,18.50189247576712
2004-10-31 00:00:00,19.068950099741883,-8.274363944402332,45.91664015382883,15.38262178405776
2004-11-07 00:00:00,19.087715012543594,-6.99016680583097,47.131071532521446,7.134877813801981
2004-11-14 00:00:00,18.977578756975632,-9.496852997290105,46.16348476840295,10.522396504586697
2004-11-21 00:00:00,19.292200819272207,-5.355283396587254,45.865475399268576,14.45088347960416
2004-11-28 00:00:00,20.244418770271384,-6.461342719218543,48.16182444301853,16.341454202007167
2004-12-05 00:00:00,21.066226256353232,-6.161313888383518,47.98081191038633,33.36602689182001
2004-12-12 00:00:00,20.49740748107165,-7.81904416680063,46.16084810774387,27.98593635035789
2004-12-19 00:00:00,18.155785552804662,-7.666178284723838,43.56513658359367,20.55351923737667
2004-12-26 00:00:00,15.234543965096275,-12.753589934850286,43.61133306754417,14.993742520445425
2005-01-02 00:00:00,13.513595766186441,-13.25233286465075,39.1596309723834,11.892861399032933
2005-01-09 00:00:00,13.643659492248876,-14.50879236251053,42.16757331266432,10.70525979142678
2005-01-16 00:00:00,14.661107727810336,-12.59735860816716,42.38729663500365,11.587460708245594
2005-01-23 00:00:00,15.32314281106583,-12.1792821569539,41.345175696004546,14.264030101294695
2005-01-30 00:00:00,15.654887750452508,-11.652385294237753,41.36214560654125,8.350645273626666
2005-02-06 00:00:00,16.788593205496294,-10.352835517766913,43.85674261001401,11.112934291679537
2005-02-13 00:00:00,19.24671382428466,-6.886068815624341,44.60563905423521,13.82534562961634
2005-02-20 00:00:00,21.799240299730734,-5.117552444932301,47.03421513133218,15.160686805077464
2005-02-27 00:00:00,22.44360078137541,-3.795327694809931,49.49695545388107,31.021404551057323
2005-03-06 00:00:00,20.534746033497818,-5.148839861189845,48.75692011539518,27.60655466095446
2005-03-13 00:00:00,17.655285611905935,-8.446589181549285,43.97414741383636,22.106570013614068
2005-03-20 00:00:00,16.20502383412208,-10.308830548727652,42.95999739270934,16.16469577437415
2005-03-27 00:00:00,17.244947626223343,-10.1976396067694,45.40816365007683,35.99762540124084
2005-04-03 00:00:00,19.83779051499285,-7.090253983381629,47.13468730094848,12.451986598759158
2005-04-10 00:00:00,22.28089437027242,-3.315038061969382,49.65783490442202,0.0
2005-04-17 00:00:00,23.574765198327377,-5.081234805050258,52.67278114395371,0.0
2005-04-24 00:00:00,23.608351535261,-3.402500087030109,51.20686224860934,0.0
2005-05-01 00:00:00,22.408282600340254,-5.0523634911438435,48.68454325623915,0.0
2005-05-08 00:00:00,19.867021078600693,-6.768247933097367,48.13893558702672,0.0
2005-05-15 00:00:00,16.369407364854236,-11.50720662188639,42.434852046056946,0.0
2005-05-22 00:00:00,13.214577156994249,-12.619321852701024,39.92225106475023,19.06932454143272
2005-05-29 00:00:00,11.859254346416725,-16.083284377003448,37.8726655898607,24.04724668320539
2005-06-05 00:00:00,12.66063767590441,-11.736084609782942,39.7862140461741,27.40070508581595
2005-06-12 00:00:00,14.691901603205046,-12.901357756367581,42.30554918326168,26.38194868954595
2005-06-19 00:00:00,16.973575173067424,-11.93096135347735,44.636622232597624,96.72732123155257
2005-06-26 00:00:00,19.5924611011253,-8.955689034751188,46.724096207637835,48.62151576844744
2005-07-03 00:00:00,23.175407311407987,-3.527248046665669,48.252610532969676,0.0
2005-07-10 00:00:00,27.26738748765766,-0.28869356503757615,55.08599581520747,0.0
2005-07-17 00:00:00,29.77713028822022,1.8636226571307937,55.25731442180121,0.0
2005-07-24 00:00:00,28.610546171814633,0.1371566975617604,55.515057809078414,0.0
2005-07-31 00:00:00,23.962777005488817,-4.668717878893336,50.78207585894698,0.0
2005-08-07 00:00:00,18.664397494182726,-9.573827908263702,46.78863981010761,0.0
2005-08-14 00:00:00,15.927592253576979,-12.868470751109232,43.3419391739853,54.685774031531736
2005-08-21 00:00:00,16.671487030458657,-10.448933419264467,42.469797002260464,53.10718616063369
2005-08-28 00:00:00,19.074965721698167,-10.030290395981343,44.14597525730616,47.20808348120597
2005-09-04 00:00:00,20.60309343967945,-6.285377278515384,48.829959691545994,43.90497332662861
2005-09-11 00:00:00,20.254884056649086,-6.218762781714265,47.431042426405455,45.215113353699735
2005-09-18 00:00:00,18.902125403441165,-9.19523819182169,45.822041260685936,48.7829585773818
2005-09-25 00:00:00,17.88801135970571,-10.538638932746604,45.30808046398377,52.953819939420576
2005-10-02 00:00:00,17.726732907556915,-8.978138163069044,43.65864823249012,51.95412512949788
2005-10-09 00:00:00,18.10091994073809,-9.581104034673274,44.192801161817314,80.12822100965846
2005-10-16 00:00:00,18.60762367374917,-9.646533813810152,45.54877070577379,57.57194928020092
2005-10-23 00:00:00,19.10540825814557,-7.593303805314864,45.61876402773704,33.74103937138464
2005-10-30 00:00:00,19.481459604823154,-8.48478188498867,46.279566951313235,27.46480733875598
2005-11-06 00:00:00,19.55738572129662,-8.33590197524299,47.484885260088156,11.095680699987064
2005-11-13 00:00:00,19.434390739694546,-5.974638449599809,46.25456869932007,20.12705473852785
2005-11-20 00:00:00,19.635355854907104,-9.727572623796853,46.9922438623573,31.164435945485945
2005-11-27 00:00:00,20.50015282277705,-7.318228677579981,48.922166816219004,37.06583661599913
2005-12-04 00:00:00,21.439778827288354,-5.461189554000651,47.24002961729278,109.4516515301872
2005-12-11 00:00:00,21.190336685930856,-5.672230760941638,49.158139072619775,91.0856234168698
2005-12-18 00:00:00,19.119833215225572,-7.915354277398976,44.619094619339286,61.64855907744924
2005-12-25 00:00:00,16.164690055536955,-11.719120003858755,41.2318390453234,36.17319097549371
2006-01-01 00:00:00,14.13121369492428,-12.996906710440367,39.881905666275756,83.8402701814897
2006-01-08 00:00:00,13.964121310127918,-12.38762912355147,40.6319666383764,15.6127378185103
2006-01-15 00:00:00,14.931812363400383,-12.862018143298446,42.929954415985875,0.0
2006-01-22 00:00:00,15.70265469534328,-8.773572898815807,43.08924948589579,0.0
2006-01-29 00:00:00,16.02417719614526,-11.293514219961466,41.63663538388049,0.0
2006-02-05 00:00:00,16.93384467085822,-7.975302118761913,45.955108852337766,0.0
2006-02-12 00:00:00,19.19516790631418,-7.3738562196417945,46.29419170516523,0.0
2006-02-19 00:00:00,21.88315718945726,-4.635445168388145,47.71916544348936,0.0
2006-02-26 00:00:00,22.979294824729244,-3.767735705470443,50.908971484637334,34.98548915530224
2006-03-05 00:00:00,21.467639362517417,-5.127534637353925,51.00847530037713,29.730248612568307
2006-03-12 00:00:00,18.578059557348062,-7.3770402401151465,42.44944553425073,20.56195192918324
2006-03-19 00:00:00,16.73465038128583,-9.381233585881898,42.127318052621234,14.175318302946216
2006-03-26 00:00:00,17.349277118069537,-9.393090309022899,42.95342965257042,10.027673298159357
2006-04-02 00:00:00,19.791389345761292,-9.587677088538062,44.61243877875734,11.015962968905486
2006-04-09 00:00:00,22.366177227356104,-3.1157771465129613,49.26449138838583,13.82027951529695
2006-04-16 00:00:00,23.890760857720075,-1.2535719833829901,50.91735667880242,14.862588217638203
2006-04-23 00:00:00,24.141732421197233,-0.5530898902873922,49.468465929019274,23.087043258767583
2006-04-30 00:00:00,23.17071845267563,-2.5358942540743143,49.777955620992614,17.033360892402904
2006-05-07 00:00:00,20.865740840721216,-5.63289462875176,44.55525712612013,8.496506025022482
2006-05-14 00:00:00,17.467249687736178,-8.624774043966955,43.9332063902184,1.1095938238070266
2006-05-21 00:00:00,14.130912381754495,-13.135865851307926,39.5168025092767,0.0
2006-05-28 00:00:00,12.38426236383194,-13.215058803675742,42.03567446756284,0.0
2006-06-04 00:00:00,12.84191981806398,-15.402340333612958,40.20030922301084,0.0
2006-06-11 00:00:00,14.74494671275117,-12.301637896140154,41.18480497300488,0.0
2006-06-18 00:00:00,17.01045776384157,-11.395494816084067,44.334231040536295,0.0
2006-06-25 00:00:00,19.518556976983803,-7.225734339666598,43.94521630924508,0.0
2006-07-02 00:00:00,22.912181558293504,-3.500585032229047,47.60861740982564,0.0
2006-07-09 00:00:00,27.029329271882872,0.5061056392841294,53.866075148944645,0.0
2006-07-16 00:00:00,30.008973718139252,1.8849358639207807,57.82078368992883,27.07087280195748
2006-07-23 00:00:00,29.571837322045184,4.067079562534561,57.174922484161044,27.03363780457472
2006-07-30 00:00:00,25.396270252967785,0.3464791325315453,52.24255706683114,24.83432209394652
2006-08-06 00:00:00,19.948163647201195,-9.400202342225416,47.49962334754653,23.20621329952127
2006-08-13 00:00:00,16.597184158984472,-9.676709636124954,42.670941129434155,24.53950239391396
2006-08-20 00:00:00,16.79069237691091,-9.843940714181748,42.32886614439225,25.03716212881059
2006-08-27 00:00:00,19.09915002186301,-7.4182643032566205,45.108841819940416,26.15353255031689
2006-09-03 00:00:00,20.91938811795744,-4.7858957109966624,49.32958297531115,26.414848926958552
2006-09-10 00:00:00,20.88363556951628,-6.4734275504004515,48.00275483883421,28.131132042231844
2006-09-17 00:00:00,19.60237290568867,-6.504938083229966,46.97149149154634,25.958233229146728
2006-09-24 00:00:00,18.45824678369008,-8.338233379594993,44.87144874261652,23.64382472616518
2006-10-01 00:00:00,18.153023421199926,-8.674894720546906,44.028272738691705,24.41185600245624
2006-10-08 00:00:00,18.46771655092374,-9.308816361898312,46.776649023707165,18.34028593254691
2006-10-15 00:00:00,18.967412861804995,-9.454681472025719,45.40242080793762,23.50094916410243
2006-10-22 00:00:00,19.47175668371399,-5.355183737877745,48.169219684622234,29.363936843996765
2006-10-29 00:00:00,19.88360532609467,-5.655822466945406,48.46845644775206,30.93987405935389
2006-11-05 00:00:00,20.019289720451447,-5.336466274727535,47.31973771731434,80.18781232563244
2006-11-12 00:00:00,19.901912734695596,-7.767895870211483,48.486713658707096,54.03858968801144
2006-11-19 00:00:00,20.002483485966803,-6.424413273459958,47.42343178855417,18.99116698635611
2006-11-26 00:00:00,20.76047418014147,-8.125794821778456,45.75577232227775,0.0
2006-12-03 00:00:00,21.773656065141452,-6.102987824198408,48.58486738179678,0.0
2006-12-10 00:00:00,21.820475088550406,-6.788420630793581,50.53719259723702,0.0
2006-12-17 00:00:00,20.052985380466403,-4.130586959823145,45.819632448947615,0.0
2006-12-24 00:00:00,17.12682014820831,-7.368107235385821,43.40917945027445,0.0
2006-12-31 00:00:00,14.81346063253168,-11.697857323469755,41.260818970382715,15.171447525680538
2007-01-07 00:00:00,14.322574161690506,-10.735936122657634,39.87656668408504,14.439788700961804
2007-01-14 00:00:00,15.192841651576984,-12.676571761998783,42.715240726811146,11.405726559853465
2007-01-21 00:00:00,16.06375978236946,-9.07363351380602,42.04965516838839,10.05556021350419
2007-01-28 00:00:00,16.41297986876093,-10.585302610242568,41.535391118332,8.145022831992524
2007-02-04 00:00:00,17.12738964025323,-8.850370901158463,45.700834106289285,10.819738325663817
2007-02-11 00:00:00,19.160680123726127,-8.807042448766325,45.323948722774425,14.66929144014523
2007-02-18 00:00:00,21.913380486354086,-3.8397242705101284,49.39387347504449,17.438470402198426
2007-02-25 00:00:00,23.425094351851513,-3.204935484843787,51.08198802366748,27.179360029895665
2007-03-04 00:00:00,22.353047435050946,-6.782770661461736,47.234033316084734,26.64650884739909
2007-03-11 00:00:00,19.537304477938186,-6.98980989381101,46.83851459301872,24.590435054747644
2007-03-18 00:00:00,17.348751754299126,-9.399132376963205,43.7741952523843,23.72874206795759
2007-03-25 00:00:00,17.514840432704712,-9.353006708973371,44.537683142696075,22.30441921122969
2007-04-01 00:00:00,19.7473930210459,-8.545080383971861,44.76770970360546,24.780302387219947
2007-04-08 00:00:00,22.415020855271464,-4.03020449589015,49.40336289345906,27.784913848539464
2007-04-15 00:00:00,24.165571002867605,-2.5936318631829245,51.13827447871422,27.27541055301089
2007-04-22 00:00:00,24.637010934318088,-2.7934227588243594,51.161442503272085,62.53391085291497
2007-04-29 00:00:00,23.889744862566072,-1.9867123054270053,52.31607765408478,36.209196232501895
2007-05-06 00:00:00,21.826750273638865,-6.950919731659425,49.59086304726864,3.4019389145831296
2007-05-13 00:00:00,18.565776346894857,-8.505183514630858,43.62656164959783,0.0
2007-05-20 00:00:00,15.100628505960364,-12.268228645774801,42.347297308718595,0.0
2007-05-27 00:00:00,12.983748334017584,-13.240517620262008,39.131478897492315,0.0
2007-06-03 00:00:00,13.070240892691235,-12.299276496144525,39.216186504749054,0.0
2007-06-10 00:00:00,14.806438751276605,-10.67979758625939,41.89891210783113,0.0
2007-06-17 00:00:00,17.052510715271737,-11.433849485600714,42.67241485370994,43.558598307720345
2007-06-24 00:00:00,19.475224409286444,-7.164569150120357,47.6869776391476,39.08629092975036
2007-07-01 00:00:00,22.677317350487733,-1.911056302850433,52.449745222038246,28.45721700437371
2007-07-08 00:00:00,26.75655794571333,-0.17256918139316113,52.93903789006369,21.70001875815556
2007-07-15 00:00:00,30.126201641498643,1.8244653810307767,57.6242956915213,14.668558524142131
2007-07-22 00:00:00,30.4056213887025,4.318524389142468,58.46188279801257,18.82802105190439
2007-07-29 00:00:00,26.786467974876125,-0.1096713327317751,55.39591606762929,25.83424096970151
2007-08-05 00:00:00,21.30452477449569,-7.6721669912124,49.35240112190671,29.20392945425197
2007-08-12 00:00:00,17.388294177340732,-10.477251151558345,43.898302667407535,64.32966354600637
2007-08-19 00:00:00,16.98062254775861,-10.742047581514392,44.07812844405669,47.133730532675536
2007-08-26 00:00:00,19.10387373109936,-7.32805537319479,46.20893746449923,20.84982077045348
2007-09-02 00:00:00,21.17061265858557,-5.029672505629065,48.875548392948076,0.488910150864598
2007-09-09 00:00:00,21.470623712408024,-4.48154826141646,49.43033105706368,0.0
2007-09-16 00:00:00,20.30928165535789,-5.511870017200298,48.27575583971401,0.0
2007-09-23 00:00:00,19.057982898101105,-8.659110849296198,45.10314442007699,0.0
2007-09-30 00:00:00,18.599496282116277,-9.259942254934938,45.496965752586036,0.0
2007-10-07 00:00:00,18.839462175215836,-8.70770123182539,45.53406506872841,5.665757600275114
2007-10-14 00:00:00,19.32715285548902,-5.6814088570806796,48.56101407748892,9.599231805559286
2007-10-21 00:00:00,19.83561073404551,-7.091405984569935,48.61962613951904,13.616442402841502
2007-10-28 00:00:00,20.276408849367552,-6.696680570486826,46.657113788997385,15.385943191324095
2007-11-04 00:00:00,20.471649342963076,-6.730114271591962,47.519777440344455,66.5287307470208
2007-11-11 00:00:00,20.37629326194254,-5.136467220414438,47.63232547533849,47.55634718424727
2007-11-18 00:00:00,20.393078759049352,-6.493421762642413,48.60672070254765,18.71704706873193
2007-11-25 00:00:00,21.03155190661458,-5.397380068692851,50.91448057203439,0.0
2007-12-02 00:00:00,22.075755504107587,-4.3904235640046245,49.31186050719208,0.0
2007-12-09 00:00:00,22.388258464477353,-3.017374227635667,47.40542313758827,0.0
2007-12-16 00:00:00,20.94576411564063,-5.9775865366613665,46.693110762484594,0.0
2007-12-23 00:00:00,18.110165406204928,-8.835477130557646,46.55079092206996,0.0
2007-12-30 00:00:00,15.558916404187071,-11.77284564798865,41.79576550205444,18.91380975918262
2008-01-06 00:00:00,14.727159728171497,-10.154214508746627,42.49517457650368,15.883009746038145
2008-01-13 00:00:00,15.451243193656762,-10.04189477017469,41.4468510107732,8.186541959044716
2008-01-20 00:00:00,16.40378559455797,-9.349519695918772,43.168377416216344,1.2840135357345213
2008-01-27 00:00:00,16.813128251179386,-9.456213048600585,43.65393854177517,0.0
2008-02-03 00:00:00,17.367749943047176,-8.646207468278401,41.950522952233754,0.0
2008-02-10 00:00:00,19.15339328664035,-6.548008105212535,48.327064693868095,0.0
2008-02-17 00:00:00,21.902274459378187,-5.925296674981897,48.17070403265399,0.0
2008-02-24 00:00:00,23.781959774008502,-4.126358466789526,51.13542218406744,0.0
2008-03-02 00:00:00,23.178284987778643,-3.0525500755583046,49.986808032160496,0.0
2008-03-09 00:00:00,20.51855507773386,-7.163733421309672,49.135084202993234,0.0
2008-03-16 00:00:00,18.043981679696458,-9.302903492742143,45.50248823941382,0.0
2008-03-23 00:00:00,17.750127494305413,-9.84164459753925,44.543201360994445,11.666871081100906
2008-03-30 00:00:00,19.71613266999283,-4.947792419184527,47.1390308301188,11.784918462924486
2008-04-06 00:00:00,22.43152317850493,-5.68490888764094,49.94994749416166,10.78353279582719
2008-04-13 00:00:00,24.39852707208841,-1.2255106708544439,51.148048672323,10.03205266014742
2008-04-20 00:00:00,25.09427590982017,-1.4766326709293516,52.0389031286459,9.963464440127227
2008-04-27 00:00:00,24.566406077538776,-0.03829735022045,53.38119061216733,10.653076991476746
2008-05-04 00:00:00,22.746877752924327,-3.7079188797615075,48.2356205594666,11.794459453113106
2008-05-11 00:00:00,19.65593013927486,-6.406471662052336,44.72015074029949,11.85637411528292
2008-05-18 00:00:00,16.11534974170516,-11.529327025620354,44.66700265853151,22.01830536900779
2008-05-25 00:00:00,13.657780260352585,-13.78826376118268,40.75680266182715,15.20566969057295
2008-06-01 00:00:00,13.352934097798574,-13.617397017583752,40.8733452569612,5.805284940419255
2008-06-08 00:00:00,14.881579085499249,-12.835105417293864,40.811289708056464,0.0
2008-06-15 00:00:00,17.09710215852404,-8.954654311386204,43.83680966828683,0.0
2008-06-22 00:00:00,19.45813042285851,-6.8584363954003535,45.22580773166713,0.0
2008-06-29 00:00:00,22.475627631316943,-5.0175075429252125,49.98435893463724,0.0
2008-07-06 00:00:00,26.46384284046319,0.17147085518470462,52.99885480350187,0.0
2008-07-13 00:00:00,30.140409406611973,4.474300465811256,58.28622440646765,6.636110859780484
2008-07-20 00:00:00,31.106644123538743,4.372532650415829,56.71238700305895,9.674952077611684
2008-07-27 00:00:00,28.113088982968367,-0.04189284799907966,55.12198949783891,12.753162841505336
2008-08-03 00:00:00,22.71523493550345,-4.728134121039158,48.847527250075174,13.965034221102496
2008-08-10 00:00:00,18.299928360374782,-8.37645122822829,43.314820035512845,45.65349391455064
2008-08-17 00:00:00,17.255861535883174,-9.313182692236602,43.33930457124593,31.109641893181337
2008-08-24 00:00:00,19.103952903100858,-7.9153116597851,44.908516135613866,9.295384192268015
2008-08-31 00:00:00,21.35945268167376,-3.9250833735568804,49.50197329650013,0.0
2008-09-07 00:00:00,22.008057938013927,-5.12290003366493,49.05517608924021,0.0
2008-09-14 00:00:00,21.015059670156607,-4.362420740628394,48.91646999427749,0.0
2008-09-21 00:00:00,19.685971995343966,-6.726435053128341,46.16123082716135,0.0
2008-09-28 00:00:00,19.06910045266101,-8.639567050435318,47.27449415526796,0.0
2008-10-05 00:00:00,19.218220313072887,-7.745993831973863,44.58542604188567,27.63471054509481
2008-10-12 00:00:00,19.687147506732263,-7.581410594824185,45.67258030467339,25.970334844841314
2008-10-19 00:00:00,20.197763814023343,-6.76272019171715,47.022133966414515,19.38802084128432
2008-10-26 00:00:00,20.661103280198603,-5.259528337751171,47.06209561010313,13.065453768779555
2008-11-02 00:00:00,20.91330126905989,-5.041609987097413,47.323398519694315,10.98631392574026
2008-11-09 00:00:00,20.853734612885802,-4.227600116634505,47.6215444964985,9.323360001444785
2008-11-16 00:00:00,20.805615215559246,-6.906299673582886,47.60136529580325,10.363859627980323
2008-11-23 00:00:00,21.318470569279725,-3.7625866156873222,48.624868642139916,12.355726444834634
2008-11-30 00:00:00,22.354354317069795,-4.632415278160906,50.00922113048503,9.027750941985484
2008-12-07 00:00:00,22.89596146840922,-5.272434603276476,48.41787472948807,10.49214937642944
2008-12-14 00:00:00,21.79009884084058,-4.830221605023215,49.373869755771736,11.866409003930729
2008-12-21 00:00:00,19.103273866656515,-8.387491797020829,47.00716733282786,11.642950677654348
2008-12-28 00:00:00,16.364071434465735,-9.346312893140034,44.04391172567212,29.133327728585137
2009-01-04 00:00:00,15.184901285890982,-12.27509639080294,42.554757963833254,13.895932271414862
2009-01-11 00:00:00,15.715158219692142,-9.509723043780973,40.14014550231097,0.0
2009-01-18 00:00:00,16.72189419986045,-9.741082481734853,42.23569420242752,0.0
2009-01-25 00:00:00,17.21658562707844,-9.270495013133495,47.2368690694809,0.0
2009-02-01 00:00:00,17.651493597409146,-7.218824271080621,44.65509774798436,0.0
2009-02-08 00:00:00,19.181693602898797,-8.84385382812227,45.823688102498245,0.0
2009-02-15 00:00:00,21.8629135859981,-5.048797236931836,48.63204105722413,0.0
2009-02-22 00:00:00,24.053526012800777,-4.109210849436405,51.63561809308584,59.32901255373864
2009-03-01 00:00:00,23.932531689376102,-2.0885627721599107,51.41855212792336,47.25400452886787
2009-03-08 00:00:00,21.506519226506644,-6.599309210406453,48.15994479324519,22.00241114150193
2009-03-15 00:00:00,18.81452307404129,-7.006397164003953,44.43622544335145,0.5023517758915791
2009-03-22 00:00:00,18.062080230800653,-10.850052495191715,44.2763868951817,0.0
2009-03-29 00:00:00,19.708430182228252,-7.511965605678824,46.45186117539588,0.0
2009-04-05 00:00:00,22.421059265470443,-3.2424019238828237,49.580993363365536,0.0
2009-04-12 00:00:00,24.589378848453958,-1.3546572260845302,50.361426512844695,0.0
2009-04-19 00:00:00,25.513237017364283,-1.6063312356462163,51.8266127408542,21.414677113480582
2009-04-26 00:00:00,25.201893717505467,-1.3334652031009284,51.57060624246792,16.642627865423897
2009-05-03 00:00:00,23.624052494722257,-4.02010768868811,52.10600584143465,4.97195502109552
2009-05-10 00:00:00,20.729431368590685,-5.857916270451355,46.719584301977555,0.0
2009-05-17 00:00:00,17.165884648653,-9.516802962067988,43.6081205200747,0.0
2009-05-24 00:00:00,14.404668693310958,-11.333665695782546,42.789731409335715,0.0
2009-05-31 00:00:00,13.696608808909737,-14.111785394296195,40.5157206250791,0.0
2009-06-07 00:00:00,14.976651756363681,-9.488736286188498,40.009076368409,0.0
2009-06-14 00:00:00,17.142889305556263,-9.868144670869125,43.59196011302063,22.89289684156569
2009-06-21 00:00:00,19.462386700217866,-7.220791222702552,47.60511315964955,23.5660892295038
2009-06-28 00:00:00,22.309785400630748,-4.934586593004433,47.918559181315665,20.95019822645614
2009-07-05 00:00:00,26.164830627457476,-0.36331742158218105,52.121051189998596,18.649335702474364
2009-07-12 00:00:00,30.065003306550963,3.0035957836395024,57.032662951730146,17.02045026788453
2009-07-19 00:00:00,31.673095453660636,5.953027800613533,56.457565074196395,19.14375644351425
2009-07-26 00:00:00,29.357558885574335,2.8802443726235936,57.659910802015645,23.15314697777817
2009-08-02 00:00:00,24.160243369924856,-1.6162310146053045,49.9865167497597,26.741166310823044
2009-08-09 00:00:00,19.327569264625286,-8.111742193758523,44.68310880083631,34.20307342316734
2009-08-16 00:00:00,17.629130906971724,-6.959276324168783,43.496780593151115,34.33567187542129
2009-08-23 00:00:00,19.115383282579767,-7.246993613028838,44.38664918489472,32.368199766960025
2009-08-30 00:00:00,21.49106528927132,-5.13858005586162,47.95899545698226,28.18083493445135
2009-09-06 00:00:00,22.489333881110085,-5.743899911891649,52.393212795166406,50.42136888667067
2009-09-13 00:00:00,21.711180927437795,-6.058266152804787,49.218217668137484,30.051861348234727
2009-09-20 00:00:00,20.339748196855272,-5.44743950625616,47.23909831164613,5.585289765094604
2009-09-27 00:00:00,19.564452072322695,-7.50025068338492,48.83341128514884,0.0
2009-10-04 00:00:00,19.606435549027328,-7.595612792343278,45.4404463025826,0.0
2009-10-11 00:00:00,20.047866018087017,-9.074605502956619,46.537270543932564,0.0
2009-10-18 00:00:00,20.55880567057259,-3.545732429909112,48.69267986204693,0.0
2009-10-25 00:00:00,21.039024773172546,-3.8760874080787815,50.529757016560424,0.0
2009-11-01 00:00:00,21.343679630857707,-6.255116757412132,48.411352932783764,36.311275069505015
2009-11-08 00:00:00,21.33066661476975,-5.9365112435140865,46.135745142424184,36.68804845175666
2009-11-15 00:00:00,21.237706267642995,-5.795260980643032,46.81681663337629,31.371036120441456
2009-11-22 00:00:00,21.625115844444288,-4.280732446491051,48.37324891160647,24.71742035829688
2009-11-29 00:00:00,22.617783072818,-2.16389184369595,51.738875667348964,27.77467413671396
2009-12-06 00:00:00,23.347538292550276,-5.164614186517451,50.50503263719999,22.43624716480447
2009-12-13 00:00:00,22.57956908505378,-3.6604174952134443,51.195067460903516,19.11024473549812
2009-12-20 00:00:00,20.094411887121975,-6.4573793546607305,45.15779198681301,16.73735396298346
2009-12-27 00:00:00,17.22341974168865,-8.517106994623092,42.57540137940662,12.57676989792351
2010-01-03 00:00:00,15.701368556115721,-10.492389964114931,42.07963383215221,10.975180506582344
2010-01-10 00:00:00,15.993460449834332,-10.286119718498064,43.698475267487936,9.678446012228946
2010-01-17 00:00:00,17.01914426328851,-11.087138810616963,43.71237703003894,9.798863583265202
2010-01-24 00:00:00,17.61586742251114,-8.899922222337668,44.4212124420998,6.56413386086853
2010-01-31 00:00:00,17.973495043196035,-8.250438765962475,43.1739550611065,8.98842462808623
2010-02-07 00:00:00,19.251960797443367,-7.409346106857143,45.62161385830255,12.446517782753784
2010-02-14 00:00:00,21.80858245297127,-4.743647934724692,48.57183588914583,15.03018372829146
2010-02-21 00:00:00,24.245924534184194,-3.9429230073990205,50.75431769417108,29.33407623471421
2010-02-28 00:00:00,24.60718454596477,-1.3998489119083857,52.11466207550289,25.85900888459353
2010-03-07 00:00:00,22.485567381089314,-4.42007763283376,48.64993114343063,18.53745284218107
2010-03-14 00:00:00,19.652192587134948,-8.88686344739596,45.904842241411416,12.327982038511191
2010-03-21 00:00:00,18.455764772533122,-7.613647964392637,45.259283380775756,6.359393256783914
2010-03-28 00:00:00,19.73525967717202,-8.53923591515046,47.29855829862532,8.21114723068258
2010-04-04 00:00:00,22.390271521305834,-4.5704870137076306,50.14861486138483,12.628493602107412
2010-04-11 00:00:00,24.738484280297026,-3.775048176259766,50.872622002588756,16.583802910426094
2010-04-18 00:00:00,25.893256450845797,-1.3742821567071069,52.15873416789279,29.41232441099294
2010-04-25 00:00:00,25.797341953323425,-1.418069081325715,52.803606588879305,27.04422368738818
2010-05-02 00:00:00,24.45715812706179,-2.7734824360842403,52.94263943584815,20.30651853267324
2010-05-09 00:00:00,21.778927070558435,-4.647096132287633,49.91117682671249,10.802607368945656
2010-05-16 00:00:00,18.242489018386117,-7.638107778746811,44.98331496241801,0.0
2010-05-23 00:00:00,15.220955153162556,-11.700300282423651,44.44404603054325,0.0
2010-05-30 00:00:00,14.106795051854396,-14.044382351664257,41.18202283134218,0.0
2010-06-06 00:00:00,15.098707627058644,-11.683108959119341,42.086875228359645,0.0
2010-06-13 00:00:00,17.189906323547895,-10.684312915319303,44.359565749447356,0.0
2010-06-20 00:00:00,19.482890324728604,-7.954651730312744,45.3108295485991,0.0
2010-06-27 00:00:00,22.180391744388466,-3.2982416429221537,49.268530818367026,0.0
2010-07-04 00:00:00,25.871588088438678,0.8044534241916885,52.665626447980856,0.0
2010-07-11 00:00:00,29.9145994617066,2.2894433630379716,57.3596101400005,176.90022766348656
2010-07-18 00:00:00,32.10647457043517,4.486215484643457,57.634445465229376,145.02050990684953
2010-07-25 00:00:00,30.50346479577155,2.6679869954372144,56.43104935552009,71.0560408213316
2010-08-01 00:00:00,25.618205890297133,-0.8985108935283392,51.82178778988974,1.0687556083323082
2010-08-08 00:00:00,20.46314432926442,-6.223707634401045,46.95901374487552,0.0
2010-08-15 00:00:00,18.110706417871217,-8.470350430269864,45.680916980096235,0.0
2010-08-22 00:00:00,19.15475595075267,-7.872539514086874,45.66143471492691,0.0
2010-08-29 00:00:00,21.572960122218433,-3.661071982832137,48.038846499545585,0.0
2010-09-05 00:00:00,22.909284071666175,-3.40272970015236,50.112606148163565,83.70857568235733
2010-09-12 00:00:00,22.388554468097055,-3.4237987451569865,48.795282193992406,88.17323395462692
2010-09-19 00:00:00,21.01547013923926,-6.87647325305478,46.696027537869625,76.61701775600724
2010-09-26 00:00:00,20.087528558196585,-5.933432968900956,47.69516719932935,57.98103260700846
2010-10-03 00:00:00,20.0067576950206,-8.28236545423135,47.60266545259512,100.68156717513313
2010-10-10 00:00:00,20.409905918494147,-6.164943555056009,46.53867573578977,57.458855181287454
2010-10-17 00:00:00,20.919022485862982,-5.069630494822906,45.78158251393403,16.990926643579414
2010-10-24 00:00:00,21.411382401133903,-5.554369782694032,48.740156300742214,0.0
2010-10-31 00:00:00,21.76263422956331,-6.892580689359544,48.72700791769536,0.0
2010-11-07 00:00:00,21.8037556936832,-4.403475079840309,50.232057273605434,0.0
2010-11-14 00:00:00,21.686150791208448,-3.783540633791617,49.05734994917937,0.0
2010-11-21 00:00:00,21.953971878015544,-6.074000281004551,49.83633901543242,0.0
2010-11-28 00:00:00,22.871661077338935,-2.1541440284687283,49.84958610419096,56.63284327102334
2010-12-05 00:00:00,23.7436444735902,-2.16033577809716,51.38748022652551,47.74994012797684
2010-12-12 00:00:00,23.30251096581346,-3.6428784906525102,51.001606555525285,23.839463656033207
2010-12-19 00:00:00,21.0625968373027,-6.25480419852877,48.23029287954117,3.126263944966605
2010-12-26 00:00:00,18.117948719412936,-7.913004611931747,46.97529418111404,0.5905315244491925
2011-01-02 00:00:00,16.266410393343165,-9.302305546447357,43.422348458582604,5.159973858003705
2011-01-09 00:00:00,16.279060236002792,-10.285948200890015,43.50766513196561,14.223532247912049
2011-01-16 00:00:00,17.27985739607498,-9.309032957455738,44.841436993173176,23.808799369635057
2011-01-23 00:00:00,17.98351624238647,-9.14159143385729,46.64727583212397,84.38946827719707
2011-01-30 00:00:00,18.304042564840394,-8.067529059467041,46.407319750624616,92.37482556774354
2011-02-06 00:00:00,19.34287940694473,-7.152456825413129,47.169008893746955,90.83116277589734
2011-02-13 00:00:00,21.724441902190424,-6.018461664136595,48.129025658624,82.66724037916205
2011-02-20 00:00:00,24.33737041466882,-1.668582727836739,52.65875718705078,118.87785960848582
2011-02-27 00:00:00,25.16367830203451,-3.0947915492915996,53.234574434334945,92.76093665764776
2011-03-06 00:00:00,23.40548218274027,-3.1431201374662976,49.639516676580655,60.99342752342225
2011-03-13 00:00:00,20.50959145840435,-6.035713157395509,45.60125541901054,34.11624221044418
2011-03-20 00:00:00,18.894769975184126,-8.18201413289125,47.21634185463691,11.97752568878422
2011-03-27 00:00:00,19.765763728767894,-7.616743120122351,47.205406922137314,14.47160473227708
2011-04-03 00:00:00,22.303101043758353,-3.4951930332915353,49.107072110303136,25.082167000192463
2011-04-10 00:00:00,24.800810920760537,-4.18408766081982,51.873323357444036,36.11112157874624
2011-04-17 00:00:00,26.184964209079595,0.9540570555872883,50.99030093858812,64.67594257721413
2011-04-24 00:00:00,26.302903013110264,0.6118761627065723,53.9560648801596,57.236224394971785
2011-05-01 00:00:00,25.192818313279712,-0.1825874360371209,51.65950010804552,37.19527353860051
2011-05-08 00:00:00,22.742772724901368,-3.267202107478422,50.29583383027395,16.177397489213572
2011-05-15 00:00:00,19.277538929957455,-7.908512875206959,45.96511030391737,3.552198723484708
2011-05-22 00:00:00,16.04158656525926,-11.161533355747707,42.9643756930207,4.906818278420959
2011-05-29 00:00:00,14.525463957647093,-11.316146102623367,41.53701955716323,12.595022548704804
2011-06-05 00:00:00,15.19075473932508,-11.541931079547897,40.52139577059131,22.76716944938953
2011-06-12 00:00:00,17.17283901301444,-10.634678038739896,44.90220423631291,35.40052352763273
2011-06-19 00:00:00,19.445635967298614,-6.234194870913974,46.87406189464967,42.724024317489615
2011-06-26 00:00:00,22.01482520677194,-6.770357567906032,46.888484310924795,47.77286830899351
2011-07-03 00:00:00,25.520641608689292,-1.733497054771231,51.86843782576776,49.38742184588415
2011-07-10 00:00:00,29.62852989057189,1.9048139900029142,56.69944080655718,82.24259161187275
2011-07-17 00:00:00,32.33318728885773,7.24203213170388,60.07320327350078,68.11359847254995
2011-07-24 00:00:00,31.456491224474124,5.35819205395941,58.91154169598745,45.68659883285674
2011-07-31 00:00:00,26.984317076411884,-1.917286435518811,52.603492698833065,23.06325808272053
2011-08-07 00:00:00,21.610107551329214,-6.415164678857536,47.966556570557486,8.475039745814781
2011-08-14 00:00:00,18.616436850545195,-11.912542371100848,43.66334908932645,5.263645008512878
2011-08-21 00:00:00,19.140702149847463,-10.768489087939063,44.72767328726566,10.467285861660011
2011-08-28 00:00:00,21.51040253865523,-6.820415513777494,46.60975730549603,19.615238384012333
2011-09-04 00:00:00,23.153549167968073,-2.5547175558047535,51.47114489058906,17.267854440151144
2011-09-11 00:00:00,22.920435238883922,-4.031682905155325,52.14589279283176,21.0820940430122
2011-09-18 00:00:00,21.5840566853453,-2.5901237503084467,47.86432243242763,23.818618329744915
2011-09-25 00:00:00,20.509143341643345,-5.509855291955407,47.41676755643053,25.473852187091744
2011-10-02 00:00:00,20.285150752382886,-5.422295721582508,47.513055646645185,35.36015045224659
2011-10-09 00:00:00,20.63080343960319,-7.125886039981687,49.45179187911768,34.65902510304291
2011-10-16 00:00:00,21.12872088584908,-8.333217999068864,46.880908043296785,32.4866205242774
2011-10-23 00:00:00,21.622983682411803,-3.613141302388229,48.49412474430964,28.957831920433087
2011-10-30 00:00:00,22.007704576030115,-5.040897778372006,48.49147138510911,36.67390591153399
2011-11-06 00:00:00,22.10090372390806,-4.526436647275954,48.543289449125595,27.675024164421107
2011-11-13 00:00:00,21.97155708525211,-5.095840917737721,47.9214706407424,16.907648117694873
2011-11-20 00:00:00,22.124078897346823,-4.120512990097872,51.14424584836431,6.385840806350042
2011-11-27 00:00:00,22.94162473099236,-1.733366129999407,49.30642459002792,0.0
2011-12-04 00:00:00,23.90943963678664,-2.0065307720319794,52.271520499144955,0.0
2011-12-11 00:00:00,23.77524084349027,-2.48837766942615,51.17026306923114,0.0
2011-12-18 00:00:00,21.816173183804285,-5.2462821185006305,48.43002269912095,0.0
2011-12-25 00:00:00,18.858616753720437,-7.5990678219983785,46.84445346963672,0.0
2012-01-01 00:00:00,16.70223567244102,-10.504379593918255,41.41296374065101,0.0
2012-01-08 00:00:00,16.401830163045933,-11.132001381114978,43.71478730882305,0.0
2012-01-15 00:00:00,17.32989911583433,-10.186671458195281,41.91240581928302,0.0
2012-01-22 00:00:00,18.135892157017135,-8.9805964905004,46.06111869108727,23.694101148339413
2012-01-29 00:00:00,18.457726055773474,-8.640392274849408,44.14166677517541,17.102731238841898
2012-02-05 00:00:00,19.27893499492825,-8.335480649155869,46.374385382713015,3.0435886128186893
2012-02-12 00:00:00,21.44566992650971,-6.371368819031325,47.83177960420295,0.0
2012-02-19 00:00:00,24.161483867653786,-1.8637737038973334,49.11962686340483,0.0
2012-02-26 00:00:00,25.422391286774076,0.13354126490887452,51.705117152591455,0.0
2012-03-04 00:00:00,24.075747067052767,-2.7436390440482583,51.156409106373516,0.0
2012-03-11 00:00:00,21.19918268326594,-4.883320847633694,48.69733390878835,0.0
2012-03-18 00:00:00,19.204817904339667,-7.097065999070171,46.45149632986494,46.74304180964979
2012-03-25 00:00:00,19.635697756346705,-5.591025594493718,46.4441088446191,49.30521715873536
2012-04-01 00:00:00,21.99450455824657,-4.987039700630426,50.33668543551361,43.99420959356537
2012-04-08 00:00:00,24.6049692951407,-1.3616803036643894,51.362783610853924,35.319214438049485
2012-04-15 00:00:00,26.214271739456112,-0.5362647931930695,52.17467067640594,31.821031934742297
2012-04-22 00:00:00,26.54651945385951,-2.1495967902943818,52.383118226688424,30.30451725228222
2012-04-29 00:00:00,25.654643475437908,0.884426811894361,51.439095780716116,32.869822330511866
2012-05-06 00:00:00,23.435072636861445,-3.35095612228249,49.791755529979426,36.525891482463614
2012-05-13 00:00:00,20.076341016413465,-7.142092847055306,47.2951687979386,43.2117936417249
2012-05-20 00:00:00,16.67112234478173,-8.876400653120953,44.42806443355733,38.84548864386393
2012-05-27 00:00:00,14.762399372597912,-12.319118136539007,42.37116389254949,29.962203868338143
2012-06-03 00:00:00,15.063544736463532,-11.89467286038521,43.24970142221648,19.50177684607304
2012-06-10 00:00:00,16.893670976188847,-10.310539632350686,43.777951710854644,14.165872934580385
2012-06-17 00:00:00,19.14127913340749,-8.980479577754789,44.33685129173036,9.536076406343364
2012-06-24 00:00:00,21.601268678891838,-4.417402913753673,51.1153950024662,8.939253297453687
2012-07-01 00:00:00,24.907043069138133,-1.5450316108100708,52.7145228890526,11.19921836162256
2012-07-08 00:00:00,29.005109269293236,2.6548101598285427,55.17424893281009,7.339631698570464
2012-07-15 00:00:00,32.13962718886959,4.423894335306537,58.51514250015792,9.372412034492768
2012-07-22 00:00:00,31.980675545420425,2.5748948988645175,59.924098643040324,11.810908770999228
2012-07-29 00:00:00,28.007405750232714,1.2437860356718637,54.68091211172924,15.317468495937538
2012-08-05 00:00:00,22.520706369743152,-6.028429294560723,48.45504426152097,20.06745330240597
2012-08-12 00:00:00,18.925798953873844,-8.424949676231797,45.3002950619755,27.668918548761045
2012-08-19 00:00:00,18.87314237852951,-8.127340869991574,45.266837011026254,37.40871171785236
2012-08-26 00:00:00,21.1074351993022,-6.947910790875916,46.49924968287803,46.37617943098065
2012-09-02 00:00:00,23.0214904877994,-5.040818549834473,48.50451650487628,82.33880318813421
2012-09-09 00:00:00,23.10684173956143,-4.644235065476181,50.06724181209768,77.29628569180073
2012-09-16 00:00:00,21.856736051640492,-5.879264930705407,49.3686344999457,61.94050982412042
2012-09-23 00:00:00,20.65566776173584,-7.0455274256262435,46.03461122563417,41.466926295944674
2012-09-30 00:00:00,20.27908459538395,-7.702459370727908,44.72114133243422,44.41135998309887
2012-10-07 00:00:00,20.554819820023617,-5.3721568665980115,48.0918864238933,24.05842290190932
2012-10-14 00:00:00,21.039447082609342,-7.337943140208829,47.83167788706413,12.48852220209004
2012-10-21 00:00:00,21.534736367115553,-4.490561290302033,48.63786642677714,6.722536912901779
2012-10-28 00:00:00,21.948011332374996,-4.601175593866202,49.47578974367583,0.0
2012-11-04 00:00:00,22.096727994775843,-3.603602022679677,46.57329187586011,0.0
2012-11-11 00:00:00,21.975369177222838,-6.109257310072508,48.18997485027897,0.0
2012-11-18 00:00:00,22.029322251795833,-7.0911528397772265,48.23239911786686,0.0
2012-11-25 00:00:00,22.729697748453376,-5.109293516860031,49.21764173324226,0.0
2012-12-02 00:00:00,23.749285561694823,-4.88511199626744,51.3492802142504,0.0
2012-12-09 00:00:00,23.895459563143138,-2.795115197224206,51.727027679002944,0.0
2012-12-16 00:00:00,22.244945385213583,-4.282674772643617,49.76253036723965,0.0
2012-12-23 00:00:00,19.336801177070722,-8.030183636832533,46.949941711146785,31.092644049942336
2012-12-30 00:00:00,16.911807903794195,-9.155421724513992,44.66802768085053,34.436761657746914
2013-01-06 00:00:00,16.27509112012403,-10.106689763243764,43.453947340698925,33.61924961935875
2013-01-13 00:00:00,17.07703642308987,-8.939086464422193,46.770093872374765,30.496979672952
2013-01-20 00:00:00,17.967655684030092,-9.41265626120132,44.122618432104275,30.836747093345245
2013-01-27 00:00:00,18.321715375792635,-8.852240580891234,44.22344435126168,30.87193624081308
2013-02-03 00:00:00,18.951959858271955,-7.347369274733442,45.17330218956279,32.819717645055384
2013-02-10 00:00:00,20.872195328553808,-5.919268292631276,49.22332291552431,35.117234020786285
2013-02-17 00:00:00,23.615695159555468,-3.76748949775563,50.891082750571954,42.730735206564646
2013-02-24 00:00:00,25.265199717624093,-2.385588946372213,51.548889855918674,38.10717741398086
2013-03-03 00:00:00,24.362160034770593,-2.518637918056914,52.837218713667625,29.52863094036048
2013-03-10 00:00:00,21.583465322555554,-5.395051403860933,47.34035021149407,19.279091439094017
2013-03-17 00:00:00,19.257150823982016,-5.1197387397907335,46.63313366802967,11.846611877280028
2013-03-24 00:00:00,19.224245755587276,-7.211379462883492,45.8393277311536,8.496208355784571
2013-03-31 00:00:00,21.34115968520213,-3.0427157397604283,49.65458923020224,8.773187700862293
2013-04-07 00:00:00,24.017941226078534,-4.031110302843864,50.68122754588849,14.09920406607311
2013-04-14 00:00:00,25.840825147708465,-2.7889413372759826,51.524158855845926,13.388282067092812
2013-04-21 00:00:00,26.385823314378303,-0.7464622924780677,54.022205288071575,24.05891974223432
2013-04-28 00:00:00,25.711077417545678,-1.529588025171325,53.21788380439406,38.84558841483851
2013-05-05 00:00:00,23.729809417776956,-4.6654605972319025,50.620555432388926,53.35284477583437
2013-05-12 00:00:00,20.517601692220133,-6.86804006537416,47.646966644955775,132.31377896617474
2013-05-19 00:00:00,17.000204849654843,-11.560326925093548,44.68137902087326,116.6163110991692
2013-05-26 00:00:00,14.727372733466876,-9.671530796300278,44.8958338528358,75.03530613782307
2013-06-02 00:00:00,14.643618639657046,-14.407024341525979,40.536621337176356,21.75629779683304
2013-06-09 00:00:00,16.286054817494577,-12.570128763659515,44.25495788055316,0.0
2013-06-16 00:00:00,18.50598968496929,-5.354402727722526,46.580858285864004,0.0
2013-06-23 00:00:00,20.88565788844958,-7.344427908414296,46.55123622275617,0.0
2013-06-30 00:00:00,23.996931041978705,-4.031094380344015,51.06877870516533,0.0
2013-07-07 00:00:00,28.029851439873482,2.441644833808308,55.64137980985534,41.17903144296837
2013-07-14 00:00:00,31.516624686141427,3.7758547627119743,58.12585927451711,43.36570611726974
2013-07-21 00:00:00,32.05954655552098,5.67642942932747,59.196263920265565,32.15749008356952
2013-07-28 00:00:00,28.66754940408093,1.5900053145535402,54.37410610252431,12.94340735619236
2013-08-04 00:00:00,23.189407908365215,-4.031368932317495,50.080379909283565,0.0
2013-08-11 00:00:00,19.04900448702018,-6.578080909557389,45.08628955334473,0.0
2013-08-18 00:00:00,18.37437989633433,-11.418423768566964,46.0737262702891,0.0
2013-08-25 00:00:00,20.382559954380813,-8.626542660009545,46.761425492409046,0.0
2013-09-01 00:00:00,22.51668619242161,-3.566902656927688,47.54898825268501,0.0
2013-09-08 00:00:00,22.939541872229718,-3.581507239270973,50.01865368695944,0.0
2013-09-15 00:00:00,21.8241030043609,-3.726419424376072,49.17168021558835,0.0
2013-09-22 00:00:00,20.51816790029856,-4.425491888061554,46.84121875895062,0.0
2013-09-29 00:00:00,19.97703481489635,-6.597866848016565,47.79316836867572,0.0
2013-10-06 00:00:00,20.1629826956375,-5.412878987049243,46.40672559547092,0.0
2013-10-13 00:00:00,20.62444508451565,-8.468771025093865,46.26127454420447,0.0
2013-10-20 00:00:00,21.114344163136817,-5.1614988634685695,48.87132460593918,0.0
2013-10-27 00:00:00,21.545250531460297,-5.3688838964700984,48.842253857649716,0.0
2013-11-03 00:00:00,21.74406315421589,-6.651549719258664,48.88654423085539,0.0
2013-11-10 00:00:00,21.64189163605486,-5.721887647695546,47.16706563949066,0.0
2013-11-17 00:00:00,21.610718045621894,-4.591864254739129,47.976152256449666,0.0
2013-11-24 00:00:00,22.179673432974774,-4.828145682631561,51.409151653660146,33.871869453773336
2013-12-01 00:00:00,23.205405609981266,-3.469403450763547,51.35194895675146,36.44961470748435
2013-12-08 00:00:00,23.594581636705026,-2.948058312526598,50.43698946372132,33.23579060921732
2013-12-15 00:00:00,22.266287196413348,-2.815402021211632,48.37289460439853,26.200510229525
2013-12-22 00:00:00,19.463828527650623,-6.657378197162572,45.19842720280235,23.2251001603628
2013-12-29 00:00:00,16.81137473327667,-10.663315244057454,43.18208763482461,20.31805547786712
2014-01-05 00:00:00,15.821183963855217,-9.990557571651202,41.77677894370104,20.40604683927127
2014-01-12 00:00:00,16.453675953840786,-11.713707720812117,42.952181750365135,22.55598752249881
2014-01-19 00:00:00,17.412014412015715,-9.324108988298587,43.977768880589494,22.02425823844127
2014-01-26 00:00:00,17.8332809491449,-8.47913550778836,44.185633710781005,22.361558776212068
2014-02-02 00:00:00,18.315383655288596,-8.01578354461597,44.9737987613871,21.66020877915528
2014-02-09 00:00:00,19.979487460277014,-6.357146665222309,45.34294573747353,20.45916420619139
2014-02-16 00:00:00,22.68898388337311,-3.8017936118450244,49.0602738754972,18.78629040062082
2014-02-23 00:00:00,24.680699031454353,-4.525746041711823,52.21826535383806,20.00895094897862
2014-03-02 00:00:00,24.24956308179458,-1.6594542359914826,50.16934353608622,22.534653243090816
2014-03-09 00:00:00,21.654692938624272,-4.579457203635528,48.37152697778115,25.17529540730974
2014-03-16 00:00:00,19.06481137770438,-8.258194909010577,45.41746439804303,39.5767286249965
2014-03-23 00:00:00,18.56698220012417,-7.194508985276993,45.613343857036625,31.14870870997891
2014-03-30 00:00:00,20.391571025788913,-7.709382252544923,47.694613718715644,15.779752665024594
2014-04-06 00:00:00,23.092549670639873,-3.2511482500464837,51.14724937938344,0.0
2014-04-13 00:00:00,25.122594939852632,0.5290658450163015,51.707783161315135,0.0
2014-04-20 00:00:00,25.88952330427003,0.6681316487098741,53.61936207342623,0.0
2014-04-27 00:00:00,25.428871891380624,-3.311396467562453,52.97363294785825,0.0
2014-05-04 00:00:00,23.686739708164815,-2.723656245338738,50.4961628920755,0.0
2014-05-11 00:00:00,20.651877283623183,-5.53144682717922,49.298153513732515,47.06778144594466
2014-05-18 00:00:00,17.076275665136137,-8.037067983591154,43.69360694579524,45.28437316214539
2014-05-25 00:00:00,14.472779468762344,-13.262133944121079,39.60242822267685,29.96875188674659
2014-06-01 00:00:00,13.987939883242547,-13.49913513006705,40.39155794009642,7.43687850516338
2014-06-08 00:00:00,15.398421069969304,-11.390861786608966,42.04843426624156,0.0
2014-06-15 00:00:00,17.57328412332407,-10.600186540253144,43.04703166786304,3.1980040492461224
2014-06-22 00:00:00,19.89193171724572,-8.015134429894506,46.856738165439786,13.06994577241337
2014-06-29 00:00:00,22.815681478195096,-3.4644800202499866,48.1998713072378,26.984645178340504
2014-07-06 00:00:00,26.73144431368202,-0.5276269419439608,54.66190035617622,85.05314378790183
2014-07-13 00:00:00,30.483763876075102,4.229962206535054,54.603522616859266,94.41685469665944
2014-07-20 00:00:00,31.689317566113026,3.631167541399808,58.9218454816763,90.36898241962514
2014-07-27 00:00:00,28.938058407739263,1.9185519259903216,53.514288179659275,76.18178009581361
2014-08-03 00:00:00,23.583041011792723,-2.403175686121152,50.60291472081673,74.74065785445913
2014-08-10 00:00:00,18.966578148965546,-9.182716230788824,45.586528152769056,65.07895873076856
2014-08-17 00:00:00,17.63830594760071,-9.112990442587972,46.64115502868775,60.475378961400594
2014-08-24 00:00:00,19.328172010098744,-8.805767073961789,46.593031474676,59.22057545337172
2014-08-31 00:00:00,21.616921823019418,-5.144956114051542,46.99536279372482,63.01968025663258
2014-09-07 00:00:00,22.38235291264506,-4.6193549306636115,49.26201664144301,52.99276135576684
2014-09-14 00:00:00,21.44628209054079,-6.733838873748901,48.3450637836923,37.82518184627461
2014-09-21 00:00:00,20.07208254532558,-7.513685874604299,46.59554771907494,19.17275754132597
2014-09-28 00:00:00,19.367929677128195,-5.7060164030502065,43.917398153292005,0.0
2014-10-05 00:00:00,19.452527302403055,-11.208050120051567,45.55919316283774,0.0
2014-10-12 00:00:00,19.888013674697184,-6.554319733000504,46.10343827981182,0.0
2014-10-19 00:00:00,20.37538185562094,-5.918643013146742,48.37825144797985,0.0
2014-10-26 00:00:00,20.82249840846056,-7.179403489981695,46.11567537644024,0.0
2014-11-02 00:00:00,21.07270280070132,-6.3584233055806685,46.03223744723218,0.0
2014-11-09 00:00:00,21.007037218526378,-6.6129792386463855,47.4188467768835,0.0
2014-11-16 00:00:00,20.914938535160594,-5.558866886279574,46.99600747615803,0.0
2014-11-23 00:00:00,21.353656006159717,-5.128884057310568,47.76219177247571,54.20226298638154
2014-11-30 00:00:00,22.352550479363146,-3.0897647418484873,49.7680991250284,59.787133412260566
2014-12-07 00:00:00,22.950914549954284,-2.5446696377333105,51.11095892630121,56.5119188159679
2014-12-14 00:00:00,21.957025891795865,-3.1146201310232797,49.50848957276459,46.04264278539
2014-12-21 00:00:00,19.321273386540348,-4.871060383131059,46.182311278442185,48.62111026633131
2014-12-28 00:00:00,16.49872527127816,-9.815723164408578,43.63123260655314,36.30909318170299
2015-01-04 00:00:00,15.157625672029878,-10.107254283211685,42.06304145918765,26.30067399712773
2015-01-11 00:00:00,15.574076059834637,-8.807320772098493,45.109943718395684,18.695497554837985
2015-01-18 00:00:00,16.56940547485514,-11.433429443291274,43.129732443303894,10.674248226268814
2015-01-25 00:00:00,17.07981712290542,-7.669944030153392,43.77206002736412,9.283767012217972
2015-02-01 00:00:00,17.45506142117232,-9.488851673964735,45.197395464965304,10.157665456467582
2015-02-08 00:00:00,18.859895349787717,-8.610912837710085,45.665360648781906,13.193111305045628
2015-02-15 00:00:00,21.47404966343905,-5.053520558532881,48.06292342807777,13.506687681535604
2015-02-22 00:00:00,23.745570685428852,-0.5536134498859298,51.16111526515968,18.25747788157774
2015-03-01 00:00:00,23.792546482936444,-2.0669362946860375,51.379713683828456,24.19152162843545
2015-03-08 00:00:00,21.45448041280368,-4.705042336036421,48.92337930585559,30.661895808451213
2015-03-15 00:00:00,18.670662152519732,-9.363494950814726,45.556508302372265,46.23773521916846
2015-03-22 00:00:00,17.712320761379356,-9.083818000452588,44.84564501478156,47.15002870654209
2015-03-29 00:00:00,19.191391177044554,-7.541517194653853,45.991102312761555,43.626124872821
2015-04-05 00:00:00,21.861949875871584,-5.388822485607225,49.57184314435957,36.22127820146844
2015-04-12 00:00:00,24.079361778940527,-4.956424376310569,48.99226961774147,43.34528169976428
2015-04-19 00:00:00,25.069535350349973,-2.030226895018064,51.88615920678788,29.10029770929842
2015-04-26 00:00:00,24.818587888322586,-3.740374909126036,52.036401635441734,14.1720035909373
2015-05-03 00:00:00,23.310580747376623,-3.2932948641781756,50.026714390251726,0.0
2015-05-10 00:00:00,20.474647431189187,-9.381006739126285,50.56324727215997,0.0
2015-05-17 00:00:00,16.89031091627153,-10.007251205354102,44.42348218060263,0.0
2015-05-24 00:00:00,13.993658322098844,-11.375997737126877,42.45327459473971,0.0
2015-05-31 00:00:00,13.097182344067729,-15.53540670947655,39.95759213376644,0.0
2015-06-07 00:00:00,14.240765666120641,-11.773427710470632,39.057970023267686,25.376223862160927
2015-06-14 00:00:00,16.354637594102183,-9.942381440960563,43.16110540638928,32.08512328746804
2015-06-21 00:00:00,18.636257482865656,-10.42818885975204,44.87658212371516,35.86333060533151
2015-06-28 00:00:00,21.39521657174295,-4.65775081835557,48.58921039112401,36.60169724503953
2015-07-05 00:00:00,25.16195298461913,-0.6114123413681014,52.061528262666315,54.070834059821685
2015-07-12 00:00:00,29.10291761738378,1.9846021189741627,54.84690221450634,43.36700591437236
2015-07-19 00:00:00,30.926342491930775,5.3557856068465615,56.97564149772482,26.56865668483596
2015-07-26 00:00:00,28.866898964197574,3.0307774706059885,56.12293769421849,5.919878340970003
2015-08-02 00:00:00,23.755608558062296,-2.139765393815651,48.07592354188798,0.0
2015-08-09 00:00:00,18.756121626275586,-10.917281769833782,45.24335317848674,0.0
2015-08-16 00:00:00,16.769183368393264,-8.764670967879898,44.84092435027339,0.0
2015-08-23 00:00:00,18.06194013644623,-7.409455124052975,44.724116976783165,0.0
2015-08-30 00:00:00,20.43858560868948,-6.599048444192885,46.38504913479725,32.31728960861005
2015-09-06 00:00:00,21.548396297296478,-6.657911372561241,48.7947519354375,37.09176442865871
2015-09-13 00:00:00,20.842586613864743,-5.469872532822922,46.670299286083285,34.52301259346278
2015-09-20 00:00:00,19.439546406891875,-6.547603436874347,47.78653161717976,25.99430836926848
2015-09-27 00:00:00,18.57634808340323,-7.285841906933648,44.402828544715476,19.394190869752045
2015-10-04 00:00:00,18.545231354730205,-8.659818577256988,44.49077898787772,17.830511127489522
2015-10-11 00:00:00,18.946952908206192,-8.52400937159635,44.7163505446276,21.155286050772265
2015-10-18 00:00:00,19.431649475653217,-6.750106402865981,46.91561858471439,28.35028095198618
2015-10-25 00:00:00,19.891434892239882,-4.6492946126837715,47.738220524680756,36.38598661647976
2015-11-01 00:00:00,20.189684964688983,-7.4286370760501015,48.394268135572794,36.9521686005113
2015-11-08 00:00:00,20.171791160910658,-6.115596033184964,47.17645816390981,32.64248530040563
2015-11-15 00:00:00,20.040770786137397,-5.790687901023819,48.030577430750455,24.114762482603325
2015-11-22 00:00:00,20.353543576134552,-7.04595984973119,46.13698321867473,25.94742028420384
2015-11-29 00:00:00,21.294539597288345,-4.473468478589165,47.5617661062783,13.674842169561932
2015-12-06 00:00:00,22.061627106583202,-3.654919684158699,50.8729373938841,3.742871546234232
2015-12-13 00:00:00,21.4010995766186,-6.364330272670291,46.696860732528066,0.0
2015-12-20 00:00:00,18.98409437014528,-7.660992412542939,45.74109902025374,0.3222372565930315
2015-12-27 00:00:00,16.05133437198827,-13.057886561197954,41.00564110955227,5.050395098861318
2016-01-03 00:00:00,14.3701034211329,-15.034700637955847,40.597816635189155,13.42358105685306
2016-01-10 00:00:00,14.529846552695636,-12.240625232612423,40.6261887840232,24.568920587692585
2016-01-17 00:00:00,15.525969289720809,-11.303051087992568,46.12466613869878,66.78466045431728
2016-01-24 00:00:00,16.14027019021975,-10.23080486890246,44.671352271535994,72.62520494319733
2016-01-31 00:00:00,16.453150523620963,-8.418415710787006,45.01829672700039,67.63088763642186
2016-02-07 00:00:00,17.60859069844498,-8.558088839279897,42.602114574464224,53.15005396606355
2016-02-14 00:00:00,20.07553853240501,-5.325066405488862,46.41141710323406,49.86826402026805
2016-02-21 00:00:00,22.566664667288897,-1.4623870185383474,48.666321473311626,35.21984032638238
2016-02-28 00:00:00,23.091638615575594,-4.81039354948096,51.08602246826072,25.16237859229213
2016-03-06 00:00:00,21.083741557413784,-4.358409276132974,47.72573465379061,19.84492006105745
2016-03-13 00:00:00,18.1905385867385,-7.605086040558199,43.639894784860836,12.172779409925765
2016-03-20 00:00:00,16.79779235705617,-9.721681987907228,45.74652138163176,16.193475361760786
2016-03-27 00:00:00,17.893227192868274,-7.360917172939644,43.51477477003688,23.95345783912865
2016-04-03 00:00:00,20.483328728966143,-5.310586036831161,47.48414788505241,34.410556389184805
2016-04-10 00:00:00,22.870212403242853,-3.466699183123481,49.32200202354932,61.66255558389162
2016-04-17 00:00:00,24.09191569667826,-3.0979002936538578,51.32599259926167,57.54987501864381
2016-04-24 00:00:00,24.056478155514867,-2.598384644106929,48.49204008473474,40.70903072267696
2016-05-01 00:00:00,22.784120966431075,-2.332979533111647,50.19427089839638,13.53907667478763
2016-05-08 00:00:00,20.170912227439345,-6.64363498883975,44.80606848487683,0.0
2016-05-15 00:00:00,16.632753154627103,-9.752371348653128,43.26939680019771,0.0
2016-05-22 00:00:00,13.494566848100547,-12.271656595404604,39.56004492214404,0.0
2016-05-29 00:00:00,12.193444781401062,-13.924749516329822,38.44271810076641,0.0
2016-06-05 00:00:00,13.033926509148369,-12.792906992597324,38.84103431578525,41.04007038781523
2016-06-12 00:00:00,15.06070906378785,-10.16511022307991,42.11891424570372,48.96996669677828
2016-06-19 00:00:00,17.320095163572777,-8.906497067247173,43.67110533294008,47.07745386642775
2016-06-26 00:00:00,19.93838984127924,-7.1673123085514305,47.0786718933689,36.37304704897876
2016-07-03 00:00:00,23.53223352149669,-4.226344148016668,49.27255090876679,33.80108866754088
2016-07-10 00:00:00,27.585030909869168,1.3326871917437373,54.72588302902301,22.811749677593745
2016-07-17 00:00:00,29.96588785489976,2.4271828191494897,56.136179823758496,16.255238009034837
2016-07-24 00:00:00,28.62762770671178,-0.15748976491908095,56.25442305596745,13.862192645830548
2016-07-31 00:00:00,23.870885672862514,-4.995175414642258,50.141271912909055,9.927343582988772
2016-08-07 00:00:00,18.59012945418123,-8.901887466909667,43.84430596847741,10.171211497333893
2016-08-14 00:00:00,15.95461998109743,-12.546368812833158,42.06220041023046,11.0048615545354
2016-08-21 00:00:00,16.77546625413038,-9.501925551643193,43.679690636623874,12.261717365141935
2016-08-28 00:00:00,19.161509236115098,-8.357514044207647,45.53491055119015,15.843628644869453
2016-09-04 00:00:00,20.6010653210838,-5.653093135690007,48.91269688553436,13.935484611191832
2016-09-11 00:00:00,20.16816870739932,-6.280281013586844,48.692202372850744,9.804063957672824
2016-09-18 00:00:00,18.780989600718414,-7.943360595847224,45.522114185446426,3.81960078626589
2016-09-25 00:00:00,17.769222111722012,-8.59703205296097,45.64377525623791,0.0
2016-10-02 00:00:00,17.609507594323933,-8.227044600418683,44.634558076072835,0.0
2016-10-09 00:00:00,17.96807870601645,-7.518164500370421,43.96657711065299,0.0
2016-10-16 00:00:00,18.449911296380364,-9.703349397644931,45.26894179867608,0.0
2016-10-23 00:00:00,18.92022111226944,-9.205724348952462,46.33194117046135,6.70795650843057
2016-10-30 00:00:00,19.262475209562666,-7.918191434834398,44.745248480420074,9.803723781644957
2016-11-06 00:00:00,19.300860433504315,-8.990475861256375,45.41836025903028,12.392475301741442
2016-11-13 00:00:00,19.15309907024555,-7.727448715475813,45.88833757017308,14.498622408183031
2016-11-20 00:00:00,19.35005446461141,-7.80216074475473,48.10292161979108,18.86436448434816
2016-11-27 00:00:00,20.20829229809012,-3.894087058490083,45.65105020184403,20.870749505445065
2016-12-04 00:00:00,21.10211762823844,-5.3797424587318154,47.65310946972265,22.742603576542184
2016-12-11 00:00:00,20.76458182538415,-5.743117392910666,46.70771133793146,24.32783843366459
2016-12-18 00:00:00,18.611192358881908,-6.214558001383807,45.352822405007196,30.416120993484085
2016-12-25 00:00:00,15.631990238831856,-11.30233459699669,42.52540242001899,26.78491768784095
2017-01-01 00:00:00,13.632922293287681,-15.066864704839386,41.806537876345914,19.7789953288378
2017-01-08 00:00:00,13.501870973981166,-11.473513397244162,40.01201512843054,9.82552198983716
2017-01-15 00:00:00,14.457447762539275,-11.992621605991815,41.06962923715166,0.0
2017-01-22 00:00:00,15.181102620076537,-13.457863083171471,43.21365585645296,0.0
2017-01-29 00:00:00,15.475688108161465,-11.329262490801796,41.79356626481413,0.0
2017-02-05 00:00:00,16.402303381311363,-10.04635659228084,44.00797251914783,0.0
2017-02-12 00:00:00,18.680041992154095,-7.486018582407681,45.72491012047678,0.0
2017-02-19 00:00:00,21.32081892185373,-4.4234938657053,46.43158321991466,0.0
2017-02-26 00:00:00,22.303296458816863,-6.043494064984344,49.66246798730877,0.0
2017-03-05 00:00:00,20.682586207975675,-6.710533046400553,46.88648880842621,0.0
2017-03-12 00:00:00,17.762499378866615,-7.767565712875118,46.38867961573632,0.0
2017-03-19 00:00:00,15.968453828349126,-11.993819498000722,43.828683958864765,0.0
2017-03-26 00:00:00,16.644551791577292,-11.300812886990425,42.0668959564384,0.0
2017-04-02 00:00:00,19.095734565237304,-9.024535229037948,44.702713918798494,0.0
2017-04-09 00:00:00,21.621278205050174,-4.325160225169402,49.56245815533636,51.87807046329354
2017-04-16 00:00:00,23.074157835422575,-4.373551634883043,50.37531024488754,55.3549394105196
2017-04-23 00:00:00,23.255636312324487,-4.12338028486446,49.07764718845322,44.82774259487957
2017-04-30 00:00:00,22.21344929453445,-4.637800307944044,49.92990086121081,21.550358531307275
2017-05-07 00:00:00,19.834802942535138,-7.820964308180901,46.11951428749881,0.0
2017-05-14 00:00:00,16.387430924058254,-9.732423940366907,44.04411535028007,0.0
2017-05-21 00:00:00,13.057424406020044,-13.549425601937624,37.486093298473634,0.0
2017-05-28 00:00:00,11.361829845033892,-15.299159948526164,37.40656104722004,0.0
2017-06-04 00:00:00,11.864832822087209,-16.37134826670003,38.96358854475454,22.75102005921319
2017-06-11 00:00:00,13.770690099098083,-14.329068717374358,40.96855831319455,27.646969546000385
2017-06-18 00:00:00,16.01364070705963,-11.100851682477032,43.61472361062921,23.99103865215691
2017-06-25 00:00:00,18.516039920505555,-9.322985111052517,46.93312274390972,12.41652774262952
2017-07-02 00:00:00,21.922216928450634,-4.187998401133342,49.03723299869143,0.0
2017-07-09 00:00:00,26.013866531072914,-1.711204695206522,52.03439787945865,0.0
2017-07-16 00:00:00,28.879963409562883,2.166429597403237,56.511547406239174,0.0
2017-07-23 00:00:00,28.27160123845823,3.8302117214078937,53.746601829727695,0.0
2017-07-30 00:00:00,23.968607287107734,-2.871234289938265,52.53297721537068,9.237577344631026
2017-08-06 00:00:00,18.51549593899189,-8.963267319159055,44.60017077953656,12.476071953523672
2017-08-13 00:00:00,15.258207664635204,-10.726413546854356,41.3489964565308,12.50925920649206
2017-08-20 00:00:00,15.540514730509328,-12.622770608718977,42.02110111476139,9.445213495353242
2017-08-27 00:00:00,17.84934067647002,-10.62635640971201,44.48855188850821,0.0
2017-09-03 00:00:00,19.588594555881684,-5.565803865767467,48.294334535364825,0.0
2017-09-10 00:00:00,19.46237161694461,-6.862295983740815,45.618339575656236,0.0
2017-09-17 00:00:00,18.1371625249404,-9.083470718726549,41.41265966800364,0.0
2017-09-24 00:00:00,16.991620432263115,-9.013028741564657,42.005588807464314,0.0
2017-10-01 00:00:00,16.690243501033194,-10.468654164158885,43.24308709910119,0.0
2017-10-08 00:00:00,16.9922093762676,-8.784692955285987,43.73731789123274,0.0
2017-10-15 00:00:00,17.467850362732754,-7.321511352397668,43.45925586901676,0.0
2017-10-22 00:00:00,17.945293651215337,-9.549287487906248,45.45830356520304,61.625815605413855
2017-10-29 00:00:00,18.32473249399708,-7.824310502357509,45.79987383809217,72.32740615559514
2017-11-05 00:00:00,18.422591383346152,-8.951946276593713,44.041536657754904,70.71497330125263
2017-11-12 00:00:00,18.276897418822138,-7.8306936967786775,46.058587891880386,57.34053893773837
2017-11-19 00:00:00,18.370504641883393,-8.099036849234494,47.292348646966815,50.508582525914505
2017-11-26 00:00:00,19.125282444264197,-7.854047771778834,46.86062109510247,35.24912962455501
2017-12-03 00:00:00,20.101427913935837,-6.328158811193195,46.99084471244023,25.16718942493286
2017-12-10 00:00:00,20.065416282332745,-8.079220044487084,45.26707510383043,20.07946542459762
2017-12-17 00:00:00,18.209433760597246,-6.9828883581456545,45.03087658997212,16.974219971029527
2017-12-24 00:00:00,15.246668176578662,-10.985963990263166,41.72628226246752,13.304834515423824
2017-12-31 00:00:00,12.960401349911347,-13.631454467172833,39.306879104013,9.024518726313994
2018-01-07 00:00:00,12.510156815327875,-14.068784086725753,39.23417063908886,4.36454878723265
2018-01-14 00:00:00,13.378001000577818,-11.767104657862127,40.813169388477206,1.8876833627650187
2018-01-21 00:00:00,14.20427136034295,-12.437634842875827,41.537669795350936,5.271309243783694
2018-01-28 00:00:00,14.519349972807007,-11.522268140614763,42.35272408290783,12.689898844184322
2018-02-04 00:00:00,15.244353575061709,-12.464252138979038,43.07551819182633,23.819230549266965
2018-02-11 00:00:00,17.299392198695546,-10.094873175477144,43.335863855608594,50.96947142052627
2018-02-18 00:00:00,20.018935106727852,-6.276909363402908,46.37995729569016,53.68070102659268
2018-02-25 00:00:00,21.425197603635496,-4.573772206045948,49.58604622085648,44.88416871700702
2018-03-04 00:00:00,20.2366707569575,-6.068855466675743,46.28960792686128,25.13814783587405
2018-03-11 00:00:00,17.37368455887424,-10.035765677147339,43.50316855269253,0.0
2018-03-18 00:00:00,15.223959934138795,-11.829196766986271,41.48725792511274,0.0
2018-03-25 00:00:00,15.45525767848164,-11.26343258694276,42.90164137759945,0.0
2018-04-01 00:00:00,17.708563709707462,-8.559451926735534,44.80555723178233,0.0
2018-04-08 00:00:00,20.33523388895967,-5.323487089523677,46.26572677754298,7.3988845415749855
2018-04-15 00:00:00,22.015380239209144,-4.3805488163231985,47.64597193655283,12.0534965147912
2018-04-22 00:00:00,22.41662761937703,-4.600134189177492,48.89242066867351,13.20860523541324
2018-04-29 00:00:00,21.599194101809616,-4.45983743480998,47.5174377349172,11.007135708220575
2018-05-06 00:00:00,19.461756926343263,-7.6998965367535455,45.03901216828656,8.669336868087655
2018-05-13 00:00:00,16.144678378096124,-11.760968543396704,42.16105455129818,8.46587857421677
2018-05-20 00:00:00,12.675215216061822,-12.236472908903995,39.53111695103726,10.846408756851256
2018-05-27 00:00:00,10.604470807405203,-16.458147888962838,37.777236058961506,15.686497800844316
2018-06-03 00:00:00,10.741254119443227,-15.366942006727474,37.89547749742556,22.21867284104267
2018-06-10 00:00:00,12.488227384515616,-13.117827665801375,38.474883397443975,24.114565317382247
2018-06-17 00:00:00,14.71302005806356,-12.408846698393187,39.37950236154489,22.754521480704085
2018-06-24 00:00:00,17.125026953687215,-8.713461839336745,45.86786891700076,18.248485360871
2018-07-01 00:00:00,20.339337670713107,-7.074011077021201,47.82605091106261,14.13906306760619
2018-07-08 00:00:00,24.404940125035615,-1.4593953586312765,51.65241490969231,10.594796734233608
2018-07-15 00:00:00,27.677365733461656,-0.03941341836733869,54.53839968916681,9.172366663376902
2018-07-22 00:00:00,27.78952908924368,0.3329158279843867,54.486103964840325,9.819177534783297
2018-07-29 00:00:00,24.0272431590714,-1.8726544993311691,50.07620495517608,10.102669753330233
2018-08-05 00:00:00,18.516842285969346,-7.907312608787642,45.911900506316144,10.975766232755854
2018-08-12 00:00:00,14.683093313815615,-11.938851973575154,42.60438512326631,11.365511520497092
2018-08-19 00:00:00,14.373195015378704,-11.632200306814404,42.021316800374564,11.281456493416815
2018-08-26 00:00:00,16.514929058455582,-8.43410941690217,43.27116220884813,11.358099774029489
2018-09-02 00:00:00,18.51080881642667,-7.960589957761549,43.85885552919075,11.050452910590469
2018-09-09 00:00:00,18.716479277016713,-10.345605651232148,45.149346463288865,10.776077642823456
2018-09-16 00:00:00,17.501446763230465,-8.803691362098647,45.81200672472028,10.54077367255659
2018-09-23 00:00:00,16.243630794265723,-10.407089777907672,43.88833018608374,10.125417400009836
2018-09-30 00:00:00,15.790548799077566,-12.311273896686906,42.80374457423807,10.43121240125441
2018-10-07 00:00:00,16.02092510133811,-9.338575696365542,43.01275946821928,11.091565158041345
2018-10-14 00:00:00,16.485691772583127,-9.630189515673138,43.2219146140735,12.077209040694406
2018-10-21 00:00:00,16.967688592616355,-8.542196386219281,42.23614527390137,14.072720212693357
2018-10-28 00:00:00,17.37742316589052,-10.04794876337331,42.514446300668396,13.052778241210106
2018-11-04 00:00:00,17.535084759152177,-8.603970855408644,42.97202911240778,10.409026139417785
2018-11-11 00:00:00,17.408326617961066,-10.881957355494443,41.99750427573526,6.19087940667875
2018-11-18 00:00:00,17.41461013678618,-11.071371896564145,42.563446611572296,0.0
2018-11-25 00:00:00,18.05187762180256,-10.951905522662464,44.49955778394751,0.0
2018-12-02 00:00:00,19.067340347813737,-9.166314266181285,46.196609663118664,0.0
2018-12-09 00:00:00,19.303657854584984,-7.5782812392326235,48.94639610635131,0.0
2018-12-16 00:00:00,17.769093977135597,-9.965725365457939,43.9188385877882,0.0
2018-12-23 00:00:00,14.884782588291097,-10.986326136131588,41.47047346945381,0.0
2018-12-30 00:00:00,12.35154228096015,-13.373217764515399,38.4514106119821,0.0
2019-01-06 00:00:00,11.56302524235162,-16.43235443871779,36.66221280568128,0.0
2019-01-13 00:00:00,12.294419082288966,-14.844595472455996,38.85012291064477,0.0
2019-01-20 00:00:00,13.206752432451827,-12.057945303956139,42.0215487794821,0.0
2019-01-27 00:00:00,13.575994753814555,-12.543254948107808,38.64792053954757,0.0
2019-02-03 00:00:00,14.133678317329466,-13.40096360450259,39.44689359371671,0.0
2019-02-10 00:00:00,15.944046122160145,-8.682433524410971,44.20431424445053,0.0
2019-02-17 00:00:00,18.67317676158196,-10.268704131709864,47.97234112899278,0.0
2019-02-24 00:00:00,20.45775487681415,-8.364902132616699,46.27713343353869,0.0
2019-03-03 00:00:00,19.732985451996335,-7.7157037560131805,46.51148226943715,0.0
2019-03-10 00:00:00,17.009849986740544,-9.202446675717429,42.87803522143739,0.0
2019-03-17 00:00:00,14.561463624615945,-11.904463580933015,42.84623719959828,0.0
2019-03-24 00:00:00,14.334102392537691,-13.3621415318981,41.941612495894645,0.0
2019-03-31 00:00:00,16.33201385932072,-13.083001050378158,41.4504370088564,0.0
2019-04-07 00:00:00,19.01592799854958,-5.803634720517394,44.939180937127745,13.119010549686651
2019-04-14 00:00:00,20.914855743537856,-5.716615781096436,48.45319498640295,19.155083188496672
2019-04-21 00:00:00,21.539619065923304,-5.440055512301946,49.97157892074223,24.89086408662922
2019-04-28 00:00:00,20.94234723199949,-8.289313444226838,46.66036310874428,30.285851175187464
2019-05-05 00:00:00,19.04837247702493,-5.842992718840932,47.28831991688399,39.86803176861147
2019-05-12 00:00:00,15.895309151861278,-12.410670027144619,42.820179731713054,38.6942928433825
2019-05-19 00:00:00,12.33976106765648,-15.283579379055876,39.27693696153326,32.185654042283424
2019-05-26 00:00:00,9.921784642599762,-16.290598333108147,36.363745496483745,20.42823434572259
2019-06-02 00:00:00,9.67062849343385,-18.24083575709177,35.17714946289996,0.0
2019-06-09 00:00:00,11.218278663239023,-15.808445145404011,39.44430748957329,0.0
2019-06-16 00:00:00,13.415367191430327,-13.304147874911454,41.066615306317146,0.0
2019-06-23 00:00:00,15.76117647224923,-9.561616007912736,46.00539266103526,0.0
2019-06-30 00:00:00,18.788844222767413,-8.914485788852463,46.291242338127034,0.0
2019-07-07 00:00:00,22.773192175855012,-2.650366275055699,50.97237290424158,0.0
2019-07-14 00:00:00,26.36926772205625,-2.610497675635692,54.50775563506103,0.0
2019-07-21 00:00:00,27.17547114634712,1.1204081472634826,53.7344496448173,0.0
2019-07-28 00:00:00,24.02624037155192,-3.8171125180835865,51.05244614351771,12.939496356249936
2019-08-04 00:00:00,18.57634931331675,-7.923310881360155,45.811104569189986,13.975983858453306
2019-08-11 00:00:00,14.228983492836258,-11.192948529216949,41.51153952793673,11.454623515142549
2019-08-18 00:00:00,13.288399609529314,-13.970550666978166,40.400517229498384,5.43191127015421
2019-08-25 00:00:00,15.172800676525853,-12.106681590126499,43.34043226953732,0.0
2019-09-01 00:00:00,17.369904703046934,-10.034708367353634,42.23141595273108,0.0
2019-09-08 00:00:00,17.922507999746948,-8.190783650828177,44.81386509551818,0.0
2019-09-15 00:00:00,16.866225315352622,-9.734044117368349,42.83913875689009,0.0
2019-09-22 00:00:00,15.524238720889898,-11.366173770949068,40.79024831756081,14.161031941007652
2019-09-29 00:00:00,14.913416170038587,-10.570512417223544,42.229947099401464,20.648168449990443
2019-10-06 00:00:00,15.056208894810077,-10.71190841758602,43.696296140871745,25.14165057821464
2019-10-13 00:00:00,15.503716664722093,-12.83549783207394,41.84593106947031,27.65317903078726
2019-10-20 00:00:00,15.988240527040732,-10.645716507124053,43.478094144683254,30.79376202478611
2019-10-27 00:00:00,16.421746448825836,-12.093254258269134,44.629214465039986,32.118140320855886
2019-11-03 00:00:00,16.63705425093438,-10.079819263734912,44.141810353521265,33.516629011966806
2019-11-10 00:00:00,16.543563150493224,-9.489506809453445,43.91414379292924,34.9775136423912
2019-11-17 00:00:00,16.481036471481968,-9.572531359659969,44.76191657408597,37.306493564096215
2019-11-24 00:00:00,16.993389843015386,-8.327443583004861,45.76238260981644,35.870988498563634
2019-12-01 00:00:00,18.008082083955642,-8.844153098680597,44.95939200746927,32.13025144572478
2019-12-08 00:00:00,18.481223703907013,-7.45723401803367,45.88551503357983,26.09831149161537
2019-12-15 00:00:00,17.281799068422117,-9.44266842119923,44.581938402946676,21.7656717535266
2019-12-22 00:00:00,14.534986130251927,-12.58853300703591,42.09798847793583,14.001097030595766
2019-12-29 00:00:00,11.80324821536681,-15.117855834347612,38.93262773794609,7.064672044405856
2020-01-05 00:00:00,10.667751279509094,-13.950861655655114,37.99966386148827,0.970574171471776
2020-01-12 00:00:00,11.21465157192808,-15.216041424081244,36.95922184552067,0.0
2020-01-19 00:00:00,12.187332810483344,-15.545348934814545,41.18910951773485,0.0
2020-01-26 00:00:00,12.63752478607256,-14.581703391107201,40.05502731898227,0.0
2020-02-02 00:00:00,13.06721765842158,-13.912808974438835,39.336825094201096,0.0
2020-02-09 00:00:00,14.622763696221135,-9.445605062746338,41.67618491659967,15.485655946392734
2020-02-16 00:00:00,17.296515743174975,-8.674276869636,44.86726329536967,21.41362624130709
2020-02-23 00:00:00,19.404079171506115,-7.263392804542253,46.44108194610571,24.863952015079203
2020-03-01 00:00:00,19.16030615425178,-7.042545307270576,45.14659302945164,25.840795797220974
2020-03-08 00:00:00,16.655830427283046,-7.6231135363281695,42.93415740937435,27.21090091332292
2020-03-15 00:00:00,13.975635953557624,-12.358568004980864,38.81141870669171,24.572330747921114
2020-03-22 00:00:00,13.288364258333425,-13.281224146005815,41.22927865018592,20.577833410594057
2020-03-29 00:00:00,14.976833331600732,-10.99868379539609,41.77503503516586,15.242964928161898
2020-04-05 00:00:00,17.668477498279774,-9.470448112417294,45.57266008191479,9.417034534901232
2020-04-12 00:00:00,19.77223341810971,-6.385506553842358,47.9710775621287,8.071337954005308
2020-04-19 00:00:00,20.624393082923184,-6.365006031727429,46.9408444583603,10.28336686768285
2020-04-26 00:00:00,20.24408551031749,-6.334769994907255,46.805349970856305,16.030275643410608
2020-05-03 00:00:00,18.592366304020594,-7.661741213337528,46.31046623432717,24.165991475946264
2020-05-10 00:00:00,15.63087151690354,-11.244220094220424,42.63631465246912,26.33465533656872
2020-05-17 00:00:00,12.042009848632166,-13.510159221570472,39.806741019663406,23.017417359374647
2020-05-24 00:00:00,9.31243297337956,-12.205056268971916,37.17942412222172,14.239724828110363
2020-05-31 00:00:00,8.659735746943818,-17.572027504741325,34.02498666034455,0.0
2020-06-07 00:00:00,9.96693086393653,-15.428132682463737,38.51726607184213,0.0
2020-06-14 00:00:00,12.119067502960453,-17.009353614572273,38.55906245923711,0.0
2020-06-21 00:00:00,14.419679147148473,-12.638306322780569,40.304573323640035,0.0
2020-06-28 00:00:00,17.273829867190262,-10.878615167115907,44.519079907877924,8.52150676748801
2020-07-05 00:00:00,21.132527480448232,-4.034258453377706,48.03153385030939,12.630910482262134
2020-07-12 00:00:00,24.968754729961137,-2.479514390963935,52.577797803704584,13.022089282074532
2020-07-19 00:00:00,26.42692952346472,1.3082312109861185,52.02240587375259,9.704387468175328
2020-07-26 00:00:00,23.94663819614371,-4.780836018643367,50.34577231466813,0.0
2020-08-02 00:00:00,18.674281437757756,-9.79032908700545,45.62373345089648,0.0
2020-08-09 00:00:00,13.892064902434385,-13.96144264673865,40.95528049064252,0.0
2020-08-16 00:00:00,12.299263831844904,-15.153770615082966,38.55085346686781,0.0
2020-08-23 00:00:00,13.838752775518774,-11.93161771884154,39.3940948920372,0.0
2020-08-30 00:00:00,16.170543746278437,-9.988375449891702,43.11650866120538,0.0
2020-09-06 00:00:00,17.073587121650856,-8.493173202442087,44.53059664622892,0.0
2020-09-13 00:00:00,16.22309859471884,-10.336926186323403,43.416935690207396,0.0
2020-09-20 00:00:00,14.831227477509639,-8.90641999784437,42.262969962227594,11.271587718686748
2020-09-27 00:00:00,14.061543638813728,-13.328368731120566,39.78346697224688,13.27230122853506
2020-10-04 00:00:00,14.100432741876439,-13.044498825269816,41.248325576025046,11.968206563801989
2020-10-11 00:00:00,14.52235422902081,-12.883613200852409,40.1466173359109,7.36679848897621
2020-10-18 00:00:00,15.00757878169584,-11.271304554828305,42.08541675797501,0.0
2020-10-25 00:00:00,15.45902639304598,-10.56164364057991,42.97306565617711,0.0
2020-11-01 00:00:00,15.72781753762846,-11.847118203463769,43.612342927406004,0.0
2020-11-08 00:00:00,15.678978768492609,-11.215016548744014,42.06454843800313,0.0
2020-11-15 00:00:00,15.567554918533355,-11.172293838330948,41.01860792407577,7.337238559278445
2020-11-22 00:00:00,15.953951106195671,-11.46938037424971,43.587078499575526,11.134450976239073
2020-11-29 00:00:00,16.93199873286662,-8.988595664385308,43.21173647334717,12.867732054018925
2020-12-06 00:00:00,17.601747942260477,-9.678335957570802,46.920340135233985,12.539472410463558
2020-12-13 00:00:00,16.740782430641396,-11.073336575986986,45.50035197356756,11.297510313148424
2020-12-20 00:00:00,14.1855689394622,-12.609895208785488,41.049074412871,10.390185446644058
2020-12-27 00:00:00,11.310401212324228,-18.031596150009275,36.563334491128195,10.516549258494669
2021-01-03 00:00:00,9.830219671308836,-15.544641420278342,36.70101006879774,11.674648981712854
2021-01-10 00:00:00,10.147456699596225,-15.40604173167615,37.54883561097493,13.48125687156686
2021-01-17 00:00:00,11.146691309150206,-13.918085823235952,39.80107989070399,13.1838751881821
2021-01-24 00:00:00,11.696312799912619,-13.686296640859002,37.40043138449869,10.82037297478524
2021-01-31 00:00:00,12.040160572046691,-16.445596251542145,37.913359765428076,6.393388965465804
2021-02-07 00:00:00,13.342341837494295,-13.82067330300482,40.69207381512028,0.0
2021-02-14 00:00:00,15.90223490986739,-9.836779324376103,42.1591714770075,0.0
2021-02-21 00:00:00,18.269821501938694,-9.372337154892538,45.673103054710054,0.0
2021-02-28 00:00:00,18.509562004916003,-8.9325377211112,46.56848432676804,0.0
2021-03-07 00:00:00,16.296023571869572,-11.9735749258369,43.00545170581904,6.498495310637355
2021-03-14 00:00:00,13.45875706943768,-13.848805301442294,39.26766225940291,10.387354293391974
2021-03-21 00:00:00,12.32351423074562,-14.014972940021263,40.274320358253036,12.914152710068054
2021-03-28 00:00:00,13.654003359095283,-11.278970313527136,40.82581009753268,14.07889168590262
2021-04-04 00:00:00,16.29928661569406,-13.175090294212648,43.639621583524274,14.80715567978636
2021-04-11 00:00:00,18.5877489881605,-8.426815960042067,44.82393862405115,13.148000377428248
2021-04-18 00:00:00,19.67039370614312,-7.742345149071202,47.268132940633116,10.039699475753476
2021-04-25 00:00:00,19.50558984256683,-6.422224967773005,47.16331992272022,5.483405467031917
2021-05-02 00:00:00,18.092467656338663,-8.783841682214415,43.000827554263836,0.0
2021-05-09 00:00:00,15.343843395012996,-12.031993205135631,41.91885888397161,0.0
2021-05-16 00:00:00,11.772334796393821,-14.391038156543114,39.38494456523723,0.0
2021-05-23 00:00:00,8.773340089927839,-17.67458265292778,35.1345635573999,0.0
2021-05-30 00:00:00,7.714382597024475,-18.56566845973335,34.93132701542228,7.951229919268428
2021-06-06 00:00:00,8.7411461210132,-17.042321613498164,35.883183751856144,11.536810253458574
2021-06-13 00:00:00,10.82391640105879,-16.68809801548878,36.517268241495216,12.662170454087148
2021-06-20 00:00:00,13.095490716587195,-13.618806823293678,40.26674430186311,11.328050373185851
2021-06-27 00:00:00,15.795346068396537,-11.191276552549702,43.872836760469454,8.64476565806922
2021-07-04 00:00:00,19.49541001259699,-7.9834869980091625,44.31210018638896,8.224998776213841
2021-07-11 00:00:00,23.490301700708148,-3.5221277843789345,49.845074015151475,10.659872959545453
2021-07-18 00:00:00,25.544812040314717,-2.065878573136473,52.277309718941126,15.948623606171491
2021-07-25 00:00:00,23.77161567237487,-3.341698972063682,50.74196525618174,23.015363445022903
2021-08-01 00:00:00,18.789569685785406,-8.467401094235473,48.03242205300998,25.578138879287184
2021-08-08 00:00:00,13.665035427678745,-11.171907623946435,41.43654948651999,23.020348198727
2021-08-15 00:00:00,11.41666178814453,-14.960192522259714,38.331435003386595,15.342671476962922
2021-08-22 00:00:00,12.529374916410088,-14.994389994254814,39.0090175299662,0.0
2021-08-29 00:00:00,14.919850238990787,-12.181769869558543,41.164618191057464,0.0
2021-09-05 00:00:00,16.164317240760596,-11.835650334513094,44.30831439691439,0.0
2021-09-12 00:00:00,15.563149659497821,-10.481726399725403,41.58983676964981,0.0
2021-09-19 00:00:00,14.16112048918385,-12.554823760002868,41.68803975955589,7.563820829697058
2021-09-26 00:00:00,13.237143398987756,-13.181022394881122,40.649214535202105,12.266264889921674
2021-10-03 00:00:00,13.156306490595114,-14.439947440621783,38.08847201615433,13.220730806232575
2021-10-10 00:00:00,13.54226796324006,-13.038521791405888,40.71989067041771,10.427444474148697
2021-10-17 00:00:00,14.026148092276648,-10.865418753554739,39.71558797930017,5.64823403437109
2021-10-24 00:00:00,14.490609151729434,-14.197119073823703,41.67352236723846,5.352769549486414
2021-10-31 00:00:00,14.80725386935975,-12.699143932051978,43.72025073560966,10.7218717384692
2021-11-07 00:00:00,14.811292904490076,-12.267734633384329,42.427385318286554,21.755385677673303
2021-11-14 00:00:00,14.67122511552271,-13.241692657525515,44.00413857232978,36.73425639815725
2021-11-21 00:00:00,14.93644456086617,-12.612715410688441,40.21332863842245,46.01985887322816
2021-11-28 00:00:00,15.847238576932913,-12.870794482737693,43.61156656128151,48.1210492327987
2021-12-05 00:00:00,16.67037466939023,-10.036640640715206,44.47635913454768,43.037878495815896
2021-12-12 00:00:00,16.14107339944917,-11.044448029728116,44.22568183235242,32.93820214584384
2021-12-19 00:00:00,13.824866820704315,-14.445019404283247,41.06348797679266,23.62421799101176
2021-12-26 00:00:00,10.866019668975385,-16.663919772599822,38.85285918304433,17.08213937761379
2022-01-02 00:00:00,9.054635516008302,-19.761051053260186,35.49003191149464,13.31196248553062
2022-01-09 00:00:00,9.10200968637433,-18.270547199328984,36.21968230983239,11.78037714426561
2022-01-16 00:00:00,10.087388735384113,-16.254819161742812,38.74169856584521,10.99890053898624
2022-01-23 00:00:00,10.74559838099104,-16.628248052009166,36.99172795112942,10.478826947358488
2022-01-30 00:00:00,11.046260903643162,-15.001589982135524,37.632392494108586,10.22015636938966
2022-02-06 00:00:00,12.10743584593305,-15.014723954333018,40.01166945781906,10.21261964501192
2022-02-13 00:00:00,14.50342835906973,-10.619866564496174,40.18372627793215,10.476489763360028
2022-02-20 00:00:00,17.062921334497993,-9.95194480186769,42.4625054235402,11.001500309173142
2022-02-27 00:00:00,17.774124324473906,-8.378614853207146,44.79843876319542,11.787651282454911
2022-03-06 00:00:00,15.91489632655094,-11.327843537942286,44.42126956944392,48.48775658192559
2022-03-13 00:00:00,13.000896369248352,-15.002740596437807,41.53373762823469,14.291055375652586
2022-03-20 00:00:00,11.442937338008234,-16.304502019101317,38.73935761018712,12.8419826798491
2022-03-27 00:00:00,12.374382678118208,-13.411114801933973,39.93355601943354,11.373550362572717
2022-04-03 00:00:00,14.916001664318278,-12.272708255936742,41.552639481159076,28.26854549278241
2022-04-10 00:00:00,17.362427513233296,-8.650904651572578,44.233734645491964,23.95881217561097
2022-04-17 00:00:00,18.67681907371893,-7.351442398773479,46.734253332094625,19.593719591414185
2022-04-24 00:00:00,18.727888506981905,-8.553491845793044,46.84746424161352,15.173267740192436
2022-05-01 00:00:00,17.548272452042333,-7.594062080584553,46.15187820292463,10.280492927394956
2022-05-08 00:00:00,15.027774728129152,-12.324195590525925,41.18029416145679,6.945314098879713
2022-05-15 00:00:00,11.520844486989525,-13.945951679499903,38.45740793794436,8.917806494778425
2022-05-22 00:00:00,8.299779444217364,-19.02018760546429,34.3685720073486,17.353559478946906
2022-05-29 00:00:00,6.839126894491885,-20.95036306034257,33.592774979762524,5.601558919285058
2022-06-05 00:00:00,7.548460764888635,-20.308196311829693,34.61405484413683,9.115090108916831
2022-06-12 00:00:00,9.531198951926049,-18.189603818245846,37.14259070927728,12.690388604019422
2022-06-19 00:00:00,11.783724503475415,-15.06917886465838,36.44762176477109,16.090135367778682
2022-06-26 00:00:00,14.35260069535149,-12.163713442335897,40.457755444839016,49.70914737068069
2022-07-03 00:00:00,17.872537462560725,-9.149785442969073,46.973760401819106,56.65070295438009
2022-07-10 00:00:00,21.949222392338378,-6.0356864215792605,49.984128732314105,58.13287304721588
2022-07-17 00:00:00,24.533279991467495,-3.1341107463768836,51.83487603148674,52.99313962772336
2022-07-24 00:00:00,23.486961132944906,-2.890368290521078,50.10007533523607,163.45784104485983
2022-07-31 00:00:00,18.900441094566506,-7.956991544554974,46.17557048214813,96.9898860750114
2022-08-07 00:00:00,13.537254041516245,-14.413845219965925,41.36017547637458,40.69297981750989
2022-08-14 00:00:00,10.648765428602143,-18.208692300995455,39.48261423070714,3.33950206261886
2022-08-21 00:00:00,11.261520156059948,-16.1315686887098,37.673623329506185,0.0
2022-08-28 00:00:00,13.627315210714263,-13.929446444554838,39.61744988889977,0.0
2022-09-04 00:00:00,15.191095187132019,-10.661478862413883,42.71538255073273,0.0
2022-09-11 00:00:00,14.87725556330213,-12.763512896592438,42.46978397600069,43.497173
2022-09-18 00:00:00,13.50917754435492,-14.508710297130929,39.40677861376955,0.0
2022-09-25 00:00:00,12.44175058970341,-13.891373993118432,40.0382595878715,0.0
2022-10-02 00:00:00,12.22679223085105,-13.961162786224133,39.1227581530447,0.0
2022-10-09 00:00:00,12.564431122165432,-13.713991525180656,38.22546109803362,0.0
2022-10-16 00:00:00,13.044253538840062,-12.55970272362801,38.69547654270036,23.969516833475662
2022-10-23 00:00:00,13.517773789078218,-13.022545797648629,40.57370015126048,22.217766652027304
2022-10-30 00:00:00,13.875734798570651,-12.895485289157456,37.987345677502105,20.679222620833247
2022-11-06 00:00:00,13.937693716463269,-13.77339645853429,41.22502612505855,20.12783889366378
2022-11-13 00:00:00,13.78859547220027,-12.17600005425648,38.59424591184163,20.93108768076536
2022-11-20 00:00:00,13.942492979791396,-11.874969441308103,43.530072683954245,22.093983520376707
2022-11-27 00:00:00,14.761461849503146,-11.843614083872083,40.84280858179166,22.45573149362149
2022-12-04 00:00:00,15.693501726184875,-12.252104301886284,42.36626264763489,21.51354230523644
2022-12-11 00:00:00,15.479613604448687,-13.095397150391008,42.416616703085595,29.485981488175035
2022-12-18 00:00:00,13.441663516972199,-10.792501330544667,39.69054604506957,24.33714526067019
2022-12-25 00:00:00,10.461490389195808,-16.84167147301771,37.019089964000116,19.040868823708283
2023-01-01 00:00:00,8.343303674857765,-18.24740010190231,37.1108659257394,14.130349427446484
2023-01-08 00:00:00,8.08748925535125,-18.83329518904012,35.38250832693127,24.77890806602867
2023-01-15 00:00:00,9.013769949163937,-17.40987166074645,35.518526433914474,14.123987263181238
2023-01-22 00:00:00,9.779838509997854,-15.772448672928451,34.83578611193617,4.594277670790087
2023-01-29 00:00:00,10.078210151645028,-15.201730817197447,36.27034206262619,0.0
2023-02-05 00:00:00,10.920475849344738,-14.396200316310878,36.66906958676653,
2023-02-12 00:00:00,13.112520945450338,-14.19259584043316,39.15707237716768,
2023-02-19 00:00:00,15.793273011863715,-11.038395435308981,43.37162557432188,
2023-02-26 00:00:00,16.95000660747044,-11.668274267102628,43.00936983475883,
2023-03-05 00:00:00,15.497495435125732,-12.406963445649826,40.73488272418665,
2023-03-12 00:00:00,12.59017858956098,-14.49450964209871,39.428437221969666,
2023-03-19 00:00:00,10.647718751377962,-15.005753001284571,36.59329055006111,
2023-03-26 00:00:00,11.148329361314914,-16.31973648088292,38.55832436006628,
2023-04-02 00:00:00,13.527400498069351,-13.38076379314008,40.62984992549828,
2023-04-09 00:00:00,16.098266371873507,-9.911746008747912,42.63208526102599,
2023-04-16 00:00:00,17.642756301662825,-10.113827871185936,45.09491914273703,
2023-04-23 00:00:00,17.911735126587242,-7.643220717716726,45.85593239495793,
2023-04-30 00:00:00,16.96006850424341,-9.388248369483392,45.87939629197,
2023-05-07 00:00:00,14.677373842923721,-11.211532193203606,39.776474343118636,
2023-05-14 00:00:00,11.277690265867804,-16.173162446120767,35.42442093503142,
2023-05-21 00:00:00,7.8855242414269675,-19.960865569579763,35.307850318844544,
2023-05-28 00:00:00,6.037053579242011,-22.879219507685452,32.41453520466675,
2023-06-04 00:00:00,6.396652588394657,-18.568698375003844,34.67326109306431,
2023-06-11 00:00:00,8.243688940638854,-18.637950872468156,34.30791492526994,
2023-06-18 00:00:00,10.480018994467999,-16.16405123633822,37.59827118792046,
2023-06-25 00:00:00,12.943229678163657,-14.378417314142443,38.718813128285746,
2023-07-02 00:00:00,16.272606326176003,-10.014811438219546,42.21497014109197,
2023-07-09 00:00:00,20.361113218764316,-4.46074335493217,49.538965156425746,
2023-07-16 00:00:00,23.399488538535447,-3.0447448813961806,49.357165565049925,
2023-07-23 00:00:00,23.08144766846274,-3.4330438122664013,50.8928777423654,
2023-07-30 00:00:00,18.985072178796866,-8.022130350215953,45.66506297221788,
2023-08-06 00:00:00,13.495005938660633,-11.336036185314196,41.480179130017284,
2023-08-13 00:00:00,10.000684695744045,-15.269549752780296,36.6780739354889,
2023-08-20 00:00:00,10.05174437922458,-17.397608992952453,36.814523662239324,
2023-08-27 00:00:00,12.304605813277952,-14.608435254108773,38.687339476525175,
2023-09-03 00:00:00,14.152390121691091,-12.614555901652142,41.770467512455184,
2023-09-10 00:00:00,14.15643427589506,-12.17993010188858,43.54054291453687,
2023-09-17 00:00:00,12.869449638197953,-15.536894137400903,39.79303449825191,
2023-09-24 00:00:00,11.676042512125232,-14.605160722086115,37.49995976178547,
2023-10-01 00:00:00,11.314985768674308,-15.515497954367508,37.603891882960866,
2023-10-08 00:00:00,11.590183965722224,-14.640991185253487,35.75177091329776,
2023-10-15 00:00:00,12.062125664163275,-13.806502515481814,38.98169505140331,
2023-10-22 00:00:00,12.541662040118453,-17.32638399956227,36.1671786470754,
2023-10-29 00:00:00,12.934034154191007,-16.503699350003796,39.98275382678497,
2023-11-05 00:00:00,13.055923586157395,-14.97963453649756,39.64066143511393,
2023-11-12 00:00:00,12.915910419828966,-13.77123583877066,40.179211214865745,
2023-11-19 00:00:00,12.972501452148368,-13.290776446464168,38.57251834158373,
2023-11-26 00:00:00,13.681585721263222,-13.694715634255186,40.84363982327922,
2023-12-03 00:00:00,14.678486870685484,-12.761427492737006,42.15081548688152,
2023-12-10 00:00:00,14.755297685536235,-10.305984715561898,42.64611599650029,
2023-12-17 00:00:00,13.02557036980334,-14.284897360804958,40.3923230345684,
2023-12-24 00:00:00,10.086864689016233,-16.926760819680123,39.30511308745747,
2023-12-31 00:00:00,7.696485688006687,-19.971026923095682,33.23692691522567,
2024-01-07 00:00:00,7.112660042904034,-18.260191330561934,33.288544280038266,
2024-01-14 00:00:00,7.931782230280952,-18.129889086982597,33.837785685172065,
2024-01-21 00:00:00,8.794996616023774,-17.57574649190973,34.15672718829179,
2024-01-28 00:00:00,9.12804958985005,-18.027058610604154,36.237690633410494,
2024-02-04 00:00:00,9.781679957628002,-16.95255549236047,36.589857868585455,
2024-02-11 00:00:00,11.7408260252321,-14.445724066665644,38.42311006705266,
2024-02-18 00:00:00,14.472323626921732,-15.308113442711072,40.90775955337675,
2024-02-25 00:00:00,16.035967280620753,-11.132835075935564,44.72987575793819,
2024-03-03 00:00:00,15.029942372268975,-12.169412234402344,43.65756518728092,
2024-03-10 00:00:00,12.213127292918628,-13.589671580396814,37.96097593480687,
2024-03-17 00:00:00,9.93650559953105,-18.469438533868637,36.09986238596757,
2024-03-24 00:00:00,9.98531497522787,-19.18114043589912,36.4371368731906,
2024-03-31 00:00:00,12.143216980691914,-16.072862070821348,40.609281474908826,
2024-04-07 00:00:00,14.79838578782929,-12.596580692620748,40.86999898877929,
2024-04-14 00:00:00,16.567350927604092,-8.926161621419443,44.74740864464093,
2024-04-21 00:00:00,17.057528534244447,-8.793258934529277,42.22830669310234,
2024-04-28 00:00:00,16.328643073974916,-10.602425004113698,42.06069822798953,
2024-05-05 00:00:00,14.288536254497698,-13.031467263903377,41.42214623306073,
2024-05-12 00:00:00,11.033357278082228,-17.32586881595954,37.17978044102229,
2024-05-19 00:00:00,7.523053935459609,-20.1922299077486,32.65244757334827,
2024-05-26 00:00:00,5.3096115989221335,-19.38079709159516,32.04240236773069,
2024-06-02 00:00:00,5.2933920560624035,-21.655953792888614,31.069161394997547,
2024-06-09 00:00:00,6.965568668199985,-20.387374472458898,34.58213203140315,
2024-06-16 00:00:00,9.180863793219592,-17.92758950394718,37.26569571428044,
2024-06-23 00:00:00,11.563627156802275,-15.546993192475416,37.352867418012494,
2024-06-30 00:00:00,14.702173795579991,-14.577275710686198,38.202947577192006,
2024-07-07 00:00:00,18.741313466352377,-7.8310155716184795,45.403675830964055,
2024-07-14 00:00:00,22.15323168891299,-7.068065137145059,50.65098271872381,
2024-07-21 00:00:00,22.547101853402925,-5.547314191819311,51.643149079968325,
2024-07-28 00:00:00,19.022242854631163,-6.554251471028863,46.34148475964555,
2024-08-04 00:00:00,13.521874578085077,-12.450900864916978,41.31198223063011,
2024-08-11 00:00:00,9.474203815020344,-18.65702167523072,36.419517132740246,
2024-08-18 00:00:00,8.91573382515605,-18.055607517327633,35.34049348555781,
2024-08-25 00:00:00,10.965283163422754,-15.69268722543234,37.43626126796174,
2024-09-01 00:00:00,13.048956445520211,-13.17893369035895,38.366238107160775,
2024-09-08 00:00:00,13.39221438916573,-14.94030507722216,41.655599733953395,
2024-09-15 00:00:00,12.234894821589602,-13.24114613102039,39.17245066136127,
2024-09-22 00:00:00,10.939679101746457,-14.641595712157784,35.95710515182545,
2024-09-29 00:00:00,10.423969070665773,-15.77796839806447,38.169972728425115,
2024-10-06 00:00:00,10.621266436765247,-15.325383972073663,36.45349788404902,
2024-10-13 00:00:00,11.080000444547185,-17.214121738804568,37.89109556337132,
2024-10-20 00:00:00,11.563231280353719,-16.200098742446105,40.53367643393512,
2024-10-27 00:00:00,11.983224553574011,-14.956549081354428,39.88985432965141,
2024-11-03 00:00:00,12.16432733437958,-16.26492133754417,38.58175292666057,
2024-11-10 00:00:00,12.049314169670815,-17.034302555338616,38.434967388682125,
2024-11-17 00:00:00,12.025749292356142,-15.766132515457262,39.01162636144328,
2024-11-24 00:00:00,12.613574119923936,-15.740861389280521,39.94233977651581,
2024-12-01 00:00:00,13.63332983086854,-11.74618407756585,39.77708366021285,
2024-12-08 00:00:00,13.968938750212008,-11.825609906315211,41.56141846606055,
2024-12-15 00:00:00,12.567368404297206,-14.157088376584905,37.568347723624655,
2024-12-22 00:00:00,9.731205806283992,-20.422767255693,35.51266590736262,
2024-12-29 00:00:00,7.1123399999275225,-18.611136214228612,34.5251488210643,
2025-01-05 00:00:00,6.1854691394723105,-21.325866560624977,33.071169657098736,
2025-01-12 00:00:00,6.84871842433315,-19.420755556752678,33.02051766774443,
2025-01-19 00:00:00,7.7887578303344185,-19.630374719286745,35.074081070044045,
2025-01-26 00:00:00,8.187603126575505,-19.957233132420388,33.691966669303916,
2025-02-02 00:00:00,8.689162078511876,-16.309936838255343,34.844427088117115,
2025-02-09 00:00:00,10.398159051503539,-17.28580902515836,36.613354573035195,
2025-02-16 00:00:00,13.112618875416885,-15.009022139155523,39.46478356113938,
2025-02-23 00:00:00,15.033511187645894,-10.851985074976849,43.341010647919624,
2025-03-02 00:00:00,14.49989319933983,-12.91803072268079,40.39343115239158,
2025-03-09 00:00:00,11.855074166230114,-15.29098270845964,38.756294142047686,
2025-03-16 00:00:00,9.305453086618389,-16.010631695574492,37.49090198966397,
2025-03-23 00:00:00,8.893547446712136,-16.46709134088903,36.4795612910975,
2025-03-30 00:00:00,10.77390440729514,-17.0186008800663,36.76348980557499,
2025-04-06 00:00:00,13.46713565560022,-14.350641363851363,40.80588020548512,
2025-04-13 00:00:00,15.450001223468675,-12.258075617137024,41.778563204884875,
2025-04-20 00:00:00,16.16527959082434,-8.577033561672451,43.82364626459565,
2025-04-27 00:00:00,15.655084951003799,-12.194301984975105,41.998226870585704,
2025-05-04 00:00:00,13.858317540312314,-12.638734960731693,42.221466888485516,
2025-05-11 00:00:00,10.778926642482366,-15.094655036661916,37.872613821411164,
2025-05-18 00:00:00,7.203806256955415,-18.287976957048098,35.68675341746024,
2025-05-25 00:00:00,4.656518265632586,-21.762758760536524,32.62134748212651,
2025-06-01 00:00:00,4.245893787018144,-22.79145230353559,31.107058138134526,
2025-06-08 00:00:00,5.702274596976245,-23.237848672237032,32.53171525444449,
2025-06-15 00:00:00,7.883869697392809,-19.07209204094109,34.906868390244725,
2025-06-22 00:00:00,10.209317165187487,-16.070274055684326,37.39474131034554,
2025-06-29 00:00:00,13.165618619324094,-11.690528523823453,39.24419762573266,
2025-07-06 00:00:00,17.104402641437183,-11.285470243750915,43.62432835869227,
2025-07-13 00:00:00,20.80650750074593,-8.163691609981303,48.813538385762044,
2025-07-20 00:00:00,21.87935736733117,-4.660829552092352,47.92906722344402,
2025-07-27 00:00:00,18.991967275239414,-8.513023739275088,44.65033990998501,
2025-08-03 00:00:00,13.599208237498612,-12.965565895120701,39.1582738874689,
2025-08-10 00:00:00,9.067625431021739,-17.272398112824792,33.862838952409774,
2025-08-17 00:00:00,7.8677419555524395,-17.88034605219008,35.12291281606649,
2025-08-24 00:00:00,9.62443559151368,-16.92648091572772,35.291287602676846,
2025-08-31 00:00:00,11.883971249461618,-15.35873620199052,39.34261629038633,
2025-09-07 00:00:00,12.577013100951266,-14.195590528119109,39.451236964481545,
2025-09-14 00:00:00,11.597554666283497,-14.825152248758638,36.10230711491363,
2025-09-21 00:00:00,10.231175179353867,-17.158029252461173,37.06450906862041,
2025-09-28 00:00:00,9.556639593924942,-17.222174647604678,35.72165456250497,
2025-10-05 00:00:00,9.659821175326073,-17.32177917946267,35.45579100809407,
2025-10-12 00:00:00,10.098207634206615,-18.05278769059416,38.55826120065112,
2025-10-19 00:00:00,10.58323330111194,-16.388523813872762,36.90453538615292,
2025-10-26 00:00:00,11.024568195196771,-15.329001637738617,37.65978155073536,
2025-11-02 00:00:00,11.261863512322002,-15.26255428833245,38.90082096025219,
2025-11-09 00:00:00,11.185041359806913,-14.546335162984253,39.631607941855776,
2025-11-16 00:00:00,11.100524106614436,-14.40793774130061,36.47406065468844,
2025-11-23 00:00:00,11.56227913979475,-15.669573531315496,38.73547233376075,
2025-11-30 00:00:00,12.566344255276523,-16.101840644025028,39.08197154239993,
2025-12-07 00:00:00,13.123162090136177,-12.827994417380264,41.01926006058043,
2025-12-14 00:00:00,12.059299699567662,-14.049512611979669,37.47827681627196,
2025-12-21 00:00:00,9.382972845051544,-16.656182444583084,35.97809746501318,
2025-12-28 00:00:00,6.5869476526409105,-20.264431375456464,33.933453655998626,
2026-01-04 00:00:00,5.31267422256291,-22.732866358437175,31.093665855773512,
2026-01-11 00:00:00,5.7728965445696385,-22.12884266108006,34.246410374830305,
2026-01-18 00:00:00,6.760661431909064,-18.70468810943832,36.43349162071678,
2026-01-25 00:00:00,7.248911548988982,-16.78310008751576,34.87914904801839,
2026-02-01 00:00:00,7.6391283075407515,-19.225590026449947,34.46672302644772,
2026-02-08 00:00:00,9.092522160059165,-17.903329232370698,34.539038796029395,
2026-02-15 00:00:00,11.727315483319423,-13.415015066327353,37.24577792610454,
2026-02-22 00:00:00,13.94678985208671,-12.883835584613195,41.034017324551755,
2026-03-01 00:00:00,13.896945268345238,-10.213148826031453,42.276432682227195,
2026-03-08 00:00:00,11.50061957316756,-13.77221160023618,38.29618145178027,
2026-03-15 00:00:00,8.748260108150392,-18.240649976697124,36.272535857253544,
2026-03-22 00:00:00,7.879619252439909,-18.344721945169443,35.51840162307245,
2026-03-29 00:00:00,9.430344943390315,-16.069818979523898,35.083982874564455,
2026-04-05 00:00:00,12.110149232039168,-16.149277999497816,39.2215723580163,
2026-04-12 00:00:00,14.290565958732905,-11.20271558278277,41.92491693334305,
2026-04-19 00:00:00,15.234627296860362,-11.47198505419669,41.67873831013531,
2026-04-26 00:00:00,14.940593315300958,-10.885685741073566,42.382591085800975,
2026-05-03 00:00:00,13.384854708210518,-12.365281708511592,40.71757044596447,
2026-05-10 00:00:00,10.506298032310879,-16.70593416919414,38.72333866030672,
2026-05-17 00:00:00,6.918462521759327,-19.74266966425974,34.712782430123895,
2026-05-24 00:00:00,4.075734303075009,-23.19642714068284,29.933124853125015,
2026-05-31 00:00:00,3.2605843404901282,-23.78544423683746,30.563019561139107,
2026-06-07 00:00:00,4.46027725618138,-21.936670919297708,30.089825376679833,
2026-06-14 00:00:00,6.587971495583972,-19.143551314496502,34.8073115752288,
2026-06-21 00:00:00,8.875348492475366,-17.83364111870112,35.789250273952405,
2026-06-28 00:00:00,11.665198846497159,-12.659317711901263,38.32833201092499,
2026-07-05 00:00:00,15.463753717431853,-10.727885789179403,41.55570266131948,
2026-07-12 00:00:00,19.373022029888624,-8.192180022511248,46.17993386490513,
2026-07-19 00:00:00,21.077089657435835,-7.242440407610513,47.678325328222954,
2026-07-26 00:00:00,18.8760789307542,-7.524630230458026,46.315195806375,
2026-08-02 00:00:00,13.706664978292688,-11.865399307215604,40.59463961217281,
2026-08-09 00:00:00,8.775730345495258,-18.057971218815144,35.902040366181524,
2026-08-16 00:00:00,6.92005701729008,-20.132371696039694,33.592969096803024,
2026-08-23 00:00:00,8.298237926827342,-17.489050009542897,35.18967553974247,
2026-08-30 00:00:00,10.663086647590351,-14.473122113841466,38.3322023034317,
2026-09-06 00:00:00,11.704506785772185,-15.08477553271437,37.11158332823156,
2026-09-13 00:00:00,10.94878804070062,-15.10773480592567,37.06956732099958,
2026-09-20 00:00:00,9.547814118914204,-16.98703569050826,34.996855074992524,
2026-09-27 00:00:00,8.715524209737861,-18.525548045221893,34.995206382146534,
2026-10-04 00:00:00,8.708363391196864,-17.705713250580327,35.1253654032433,
2026-10-11 00:00:00,9.117260226974587,-18.43995584481527,35.271650807974254,
2026-10-18 00:00:00,9.602219675793231,-16.204879890136002,35.06474261590702,
2026-10-25 00:00:00,10.059409666155178,-17.83224001445831,35.634596384731324,
2026-11-01 00:00:00,10.348081130989122,-15.889218888409435,34.89025523373218,
2026-11-08 00:00:00,10.319586146806767,-16.282547478382977,36.06564819110969,
2026-11-15 00:00:00,10.194289337693128,-18.488404564733866,37.127456342360745,
2026-11-22 00:00:00,10.53133822530137,-16.220547706855573,35.98943561705711,
2026-11-29 00:00:00,11.485833542990443,-15.505335494859981,39.29667239258799,
2026-12-06 00:00:00,12.222233617976368,-14.231030994502209,39.567893739324404,
2026-12-13 00:00:00,11.495297294573007,-14.693941833804974,39.287690021085524,
2026-12-20 00:00:00,9.03042514285622,-17.824005237984135,35.32105349215885,
2026-12-27 00:00:00,6.1144219353549705,-20.126663839625063,33.59545840554384,
2027-01-03 00:00:00,4.499519253435986,-21.382361893589742,33.44271941039745,
2027-01-10 00:00:00,4.713290201189922,-20.6662761830608,31.229640119795235,
2027-01-17 00:00:00,5.712145172783556,-21.302400310615315,31.037576971859835,
2027-01-24 00:00:00,6.30464892084405,-17.685992636471216,34.690261802531616,
2027-01-31 00:00:00,6.626152075258412,-19.854899109904526,33.2997437888872,
2027-02-07 00:00:00,7.829871789532541,-19.349717122180845,34.55044407845399,
2027-02-14 00:00:00,10.32968010992975,-18.953369982381982,35.23247102958098,
2027-02-21 00:00:00,12.782404694030333,-14.449420965740185,41.028057260919695,
2027-02-28 00:00:00,13.212974649086973,-12.940500836400506,41.86009869751574,
2027-03-07 00:00:00,11.134127422585248,-13.786461048739131,38.53670520826853,
2027-03-14 00:00:00,8.256295909609536,-17.816874044169037,36.82861035749319,
2027-03-21 00:00:00,6.948197042281974,-17.83464307112533,34.6175146093746,
2027-03-28 00:00:00,8.12351504799011,-17.699937964835744,34.6698649202719,
2027-04-04 00:00:00,10.734336612394962,-14.60013229236603,39.35195392367106,
2027-04-11 00:00:00,13.089573059484394,-13.834366093086455,40.095937470735336,
2027-04-18 00:00:00,14.264903691664871,-13.986297807271459,40.300064879947755,
2027-04-25 00:00:00,14.186305054883384,-13.181507572486819,39.977695798267305,
2027-05-02 00:00:00,12.867243020741064,-14.069303669289969,39.28516403986765,
2027-05-09 00:00:00,10.208364144803197,-17.696390846458524,35.57009475615085,
2027-05-16 00:00:00,6.657252713887029,-19.352362522414044,33.38013212999799,
2027-05-23 00:00:00,3.5635095316111887,-24.446882127623812,29.18571505892227,
2027-05-30 00:00:00,2.3428013096421907,-23.28783196027599,28.777476684806363,
2027-06-06 00:00:00,3.246806684738237,-20.690571699843883,31.34205370292474,
2027-06-13 00:00:00,5.293555389847464,-23.020478383323532,33.74007667074403,
2027-06-20 00:00:00,7.556693799615164,-19.761831217003998,34.57285819585672,
2027-06-27 00:00:00,10.201200290821062,-16.82321147733425,38.491036871700196,
2027-07-04 00:00:00,13.831158319174538,-13.047140229348535,39.704486994353445,
2027-07-11 00:00:00,17.867652627041128,-9.31097394561995,43.44155400245887,
2027-07-18 00:00:00,20.14253243000403,-6.071963095963039,47.33584926005578,
2027-07-25 00:00:00,18.658749166546016,-7.729937905043613,44.58361447095512,
2027-08-01 00:00:00,13.822816828555545,-12.778148232274589,39.20639674277253,
2027-08-08 00:00:00,8.589856297641022,-17.563251377406313,37.404601081177375,
2027-08-15 00:00:00,6.0825209953613015,-18.485482024954525,31.822770544835514,
2027-08-22 00:00:00,7.003450799290281,-20.36682357718902,34.24252228091923,
2027-08-29 00:00:00,9.39439046824713,-16.69172177004801,35.56055134210338,
2027-09-05 00:00:00,10.769977933481066,-16.876446963373898,38.04646372381849,
2027-09-12 00:00:00,10.27955598327352,-17.42286473790894,36.58137478083411,
2027-09-19 00:00:00,8.885611145152714,-16.865383559112136,33.002174131007585,
2027-09-26 00:00:00,7.90258689297405,-18.77689755686949,34.652278607046604,
2027-10-03 00:00:00,7.769716007636903,-16.86393908013567,33.622457474495775,
2027-10-10 00:00:00,8.137937433538683,-18.291015921173067,33.897820957663065,
2027-10-17 00:00:00,8.62057265135779,-20.687970926220277,33.41240213659634,
2027-10-24 00:00:00,9.089078038919602,-17.106656364936857,36.88528644997855,
2027-10-31 00:00:00,9.423065991148537,-19.057521276791558,35.18801762962623,
2027-11-07 00:00:00,9.449842855322768,-15.964804642046598,36.252387771318475,
2027-11-14 00:00:00,9.30387546409062,-17.223331884571866,36.34538489728164,
2027-11-21 00:00:00,9.523128637107662,-17.657017697488048,35.85545486412532,
2027-11-28 00:00:00,10.399783874314611,-16.146557909091516,37.08376147673404,
2027-12-05 00:00:00,11.271832075131304,-15.927342121101955,39.16923544970533,
2027-12-12 00:00:00,10.871145687631497,-16.240452870604198,36.831899565264536,
2027-12-19 00:00:00,8.662030322075593,-19.883384214683073,34.46757040360275,
2027-12-26 00:00:00,5.6870969173193515,-22.053293892168778,32.5519422583604,
2028-01-02 00:00:00,3.7494715382273416,-22.818319000620715,30.825956541723976,
2028-01-09 00:00:00,3.6791262769387068,-22.131217921237866,30.587963551827983,
2028-01-16 00:00:00,4.6465000708286475,-22.987504478840098,32.07981783411255,
2028-01-23 00:00:00,5.3485028540108,-20.469233282108096,33.12924289128747,
2028-01-30 00:00:00,5.6435149499715695,-20.51835255078429,32.67721958777729,
2028-02-06 00:00:00,6.613977785025774,-19.100399101017192,33.92460029428729,
2028-02-13 00:00:00,8.932595092191558,-18.603320760976825,35.872707559532444,
2028-02-20 00:00:00,11.54912134002724,-14.29787979322209,39.52395129228417,
2028-02-27 00:00:00,12.442390841079698,-13.268295495132119,39.6219799374294,
2028-03-05 00:00:00,10.740235721649828,-15.920498216665603,36.67805438116799,
2028-03-12 00:00:00,7.818815537953222,-18.51120720285493,33.68127490814603,
2028-03-19 00:00:00,6.101767560291128,-20.865852724211454,31.827678801271023,
2028-03-26 00:00:00,6.86411936149932,-19.7270262544607,33.19826258078847,
2028-04-02 00:00:00,9.34781368222412,-18.147667667498492,37.337704649233515,
2028-04-09 00:00:00,11.848416104053527,-16.006938231212782,38.558996940216005,
2028-04-16 00:00:00,13.255244190440429,-10.066175258583769,41.47085233240989,
2028-04-23 00:00:00,13.39315102707318,-15.547107947338308,42.37619333709515,
2028-04-30 00:00:00,12.305377385143213,-17.619330161663147,39.58092406453307,
2028-05-07 00:00:00,9.879131138593072,-16.738688923476953,36.64701567628064,
2028-05-14 00:00:00,6.41026624910956,-19.439840649352004,34.92614041442826,
2028-05-21 00:00:00,3.114495896778955,-24.420409630312403,27.537399400296586,
2028-05-28 00:00:00,1.4965370338469093,-24.906642797938776,29.34721014903677,
2028-06-04 00:00:00,2.069536989593601,-24.21300005902386,28.26356541844568,
2028-06-11 00:00:00,4.002506559281972,-23.13267164978566,31.51694312633974,
2028-06-18 00:00:00,6.2486343482785465,-20.04382408152748,32.38085298205507,
2028-06-25 00:00:00,8.772165813694576,-17.64344291709367,35.4601466208535,
2028-07-02 00:00:00,12.216536526193188,-14.566209999833408,38.60289644367959,
2028-07-09 00:00:00,16.305892417129876,-11.767376670900287,43.81001814127991,
2028-07-16 00:00:00,19.081081334444953,-8.403528648626839,47.169768297447256,
2028-07-23 00:00:00,18.326920901985503,-8.724570762338203,44.91399469011843,
2028-07-30 00:00:00,13.925791643541945,-12.301521253827254,41.5482062823984,
2028-08-06 00:00:00,8.498094715277684,-19.23078173487585,33.13015230720101,
2028-08-13 00:00:00,5.3621191399556345,-21.246496931987647,32.40277908547637,
2028-08-20 00:00:00,5.7568768034872555,-23.597389371552172,31.083415486189544,
2028-08-27 00:00:00,8.088272301209937,-19.138082784387873,36.46473660373408,
2028-09-03 00:00:00,9.770622412030507,-17.3159122815493,35.6790901261332,
2028-09-10 00:00:00,9.580748700705811,-16.894449715350977,36.887173012320886,
2028-09-17 00:00:00,8.239332556364815,-19.782365441093045,33.64881922012639,
2028-09-24 00:00:00,7.119040393379128,-17.78631745757308,35.152897464971986,
2028-10-01 00:00:00,6.8469105595318585,-20.472115464213903,34.38453470317744,
2028-10-08 00:00:00,7.1613536863240075,-20.17279745751379,32.663072050178656,
2028-10-15 00:00:00,7.638558713757561,-19.747912290455428,34.00246914100667,
2028-10-22 00:00:00,8.114804653564132,-17.605428408795323,34.23680888383059,
2028-10-29 00:00:00,8.487362283150302,-20.450178781807264,36.15621435333507,
2028-11-05 00:00:00,8.573213144641722,-19.77134381006994,37.544174008187056,
2028-11-12 00:00:00,8.425684403519806,-17.030791298435336,37.795207097527594,
2028-11-19 00:00:00,8.538778059139602,-20.65209792777964,33.31611363885123,
2028-11-26 00:00:00,9.31558652851063,-19.54990366522853,35.290776020981895,
2028-12-03 00:00:00,10.278776189205914,-15.488964685362976,36.9486263068504,
2028-12-10 00:00:00,10.18456708363037,-18.472094386170188,35.86021435096143,
2028-12-17 00:00:00,8.266859391427035,-18.20181670086556,34.78277661556145,
2028-12-24 00:00:00,5.295786491194081,-22.809045252314707,32.0458154620192,
2028-12-31 00:00:00,3.0640312056108012,-24.193224469785097,31.70178057994654,
2029-01-07 00:00:00,2.6794675830214914,-25.003445750704056,30.415268061708673,
2029-01-14 00:00:00,3.5687381884175515,-23.101706441149442,30.384457900492745,
2029-01-21 00:00:00,4.375502112245519,-23.415187631257414,31.45934582044214,
2029-01-28 00:00:00,4.683597295357812,-22.391974847778872,32.390403889961966,
2029-02-04 00:00:00,5.446378497118346,-21.45136799762454,32.561835203897985,
2029-02-11 00:00:00,7.548090999470453,-20.44716988544751,33.29878674370119,
2029-02-18 00:00:00,10.257506796844078,-16.239947140356715,38.637715825332606,
2029-02-25 00:00:00,11.582298604855207,-14.21347866814114,35.06081771121712,
2029-03-04 00:00:00,10.304363257772511,-13.939159656902095,37.424149722699,
2029-03-11 00:00:00,7.423258062244541,-19.655109556573567,35.08904908082259,
2029-03-18 00:00:00,5.340452779055539,-19.34789910016487,32.15735141464227,
2029-03-25 00:00:00,5.662207540261656,-19.917608913717356,30.440746690555862,
2029-04-01 00:00:00,7.959765304133867,-19.212616037373945,34.543564661359575,
2029-04-08 00:00:00,10.569525757922626,-14.695982056937968,38.54599543488066,
2029-04-15 00:00:00,12.204737313560916,-13.750408151948808,39.48124295416349,
2029-04-22 00:00:00,12.561750010583257,-15.687376852686764,37.653056265116774,
2029-04-29 00:00:00,11.699769070510463,-15.91806914334379,38.61563887395862,
2029-05-06 00:00:00,9.5137819586865,-17.665816710261392,38.240741049311126,
2029-05-13 00:00:00,6.167754421825279,-20.714807179391276,33.26386752519945,
2029-05-20 00:00:00,2.721921518593323,-23.87036592033068,28.244558719040107,
2029-05-27 00:00:00,0.724237960404718,-27.39815262556643,25.95941765886612,
2029-06-03 00:00:00,0.936245237776518,-27.01636528287239,27.168980463359205,
2029-06-10 00:00:00,2.7181761238040103,-25.094434247969357,28.92850797753733,
2029-06-17 00:00:00,4.94711279543435,-20.071080666642995,30.709005388485963,
2029-06-24 00:00:00,7.375192286575116,-21.341897698727816,34.20900269811408,
2029-07-01 00:00:00,10.627740146079914,-17.954934232234447,36.47590145050644,
2029-07-08 00:00:00,14.703298104980863,-12.288678514156054,41.97085461522745,
2029-07-15 00:00:00,17.90099452519853,-8.909814237603062,44.72728071284487,
2029-07-22 00:00:00,17.870642680007315,-8.875714930407586,47.34508963215444,
2029-07-29 00:00:00,13.993929598498251,-13.540471931390197,40.92168526387714,
2029-08-05 00:00:00,8.485599841007488,-20.09068034084218,34.69350120383989,
2029-08-12 00:00:00,4.762656934361981,-22.902781859414187,30.495475460726745,
2029-08-19 00:00:00,4.574792619579517,-20.999892853652337,31.069209340215917,
2029-08-26 00:00:00,6.757195676823521,-18.502663004993817,34.47417839741364,
2029-09-02 00:00:00,8.705801905621652,-19.47888970865353,35.75557282734828,
2029-09-09 00:00:00,8.843543242741992,-18.609057367360062,33.94046669156188,
2029-09-16 00:00:00,7.6025748338366075,-19.097765752804133,35.11764946682477,
2029-09-23 00:00:00,6.365172658368065,-21.971059114899813,35.69405314472713,
2029-09-30 00:00:00,5.943056471293518,-20.7199642779869,34.80741947949864,
2029-10-07 00:00:00,6.18900676003172,-20.88940926704927,34.077934957951115,
2029-10-14 00:00:00,6.656400358363587,-20.88349162594847,33.00453304172565,
2029-10-21 00:00:00,7.137661738950275,-18.158000617293528,34.52802615427565,
2029-10-28 00:00:00,7.541876265627135,-18.507076537901515,34.742554627100766,
2029-11-04 00:00:00,7.687676684329631,-18.052165476933464,33.80349223100474,
2029-11-11 00:00:00,7.555896577669756,-20.373359664860384,35.272548860822894,
2029-11-18 00:00:00,7.578227703157015,-17.832159262159255,33.40175537922707,
2029-11-25 00:00:00,8.239799836151725,-19.78400268507367,35.51063998025211,
2029-12-02 00:00:00,9.250719542211165,-17.489103597773695,36.22907806954442,
2029-12-09 00:00:00,9.43523178392182,-15.144429509485892,36.10976258221497,
2029-12-16 00:00:00,7.834953084811909,-19.458789580688464,34.142158900502345,
2029-12-23 00:00:00,4.930102658117281,-23.446228641478303,32.583461022180586,
2029-12-30 00:00:00,2.442620952988257,-25.66387340818652,28.695989929998873,
2030-01-06 00:00:00,1.7227987618857448,-23.65221743439388,29.02430363825077,
2030-01-13 00:00:00,2.485379705924629,-25.772740545012557,28.88518651813165,
2030-01-20 00:00:00,3.382277448919991,-23.139953684304597,30.193682097775795,
2030-01-27 00:00:00,3.7383009822260362,-21.755421813686315,31.532003365632246,
2030-02-03 00:00:00,4.326432278630888,-21.73271777990342,32.15465143901169,
2030-02-10 00:00:00,6.186924728340834,-19.852562511953057,32.97665089584613,
2030-02-17 00:00:00,8.91950440240642,-18.115290958016598,35.77128220232545,
2030-02-24 00:00:00,10.632560470008924,-16.741975570028682,36.16209070966166,
2030-03-03 00:00:00,9.813192746263514,-17.06478625909941,36.50996583830751,
2030-03-10 00:00:00,7.055617954091236,-19.248491922486078,34.53206479920833,
2030-03-17 00:00:00,4.6619045895787945,-22.19343613979557,31.304593679307366,
2030-03-24 00:00:00,4.526789903147989,-23.66438753310116,31.039305549912786,
2030-03-31 00:00:00,6.580244717780976,-20.427816570596402,33.32267511348077,
2030-04-07 00:00:00,9.256504081316383,-19.699071021057218,37.527449559900276,
2030-04-14 00:00:00,11.112605350811055,-14.26028162627524,37.965898245866555,
2030-04-21 00:00:00,11.692346893015504,-15.19870984203072,37.73888812721867,
2030-04-28 00:00:00,11.051349591167543,-15.852753673521118,38.10114101009215,
2030-05-05 00:00:00,9.108682412517508,-18.190880897409837,34.300246139489296,
2030-05-12 00:00:00,5.92041130425001,-21.07760205333705,32.74700782100365,
2030-05-19 00:00:00,2.3778167636409258,-24.89703039557922,29.35393680450067,
2030-05-26 00:00:00,0.026667938672211733,-28.682068249075147,26.435141467861285,
2030-06-02 00:00:00,0.0,-26.339230390592544,27.491734827429823,
2030-06-09 00:00:00,1.4452704745464011,-25.458839877030403,28.374482564168552,
2030-06-16 00:00:00,3.6490383591361404,-21.570179515084664,32.02833626217385,
2030-06-23 00:00:00,6.006279485777657,-20.425398625193733,32.800678658325225,
2030-06-30 00:00:00,9.07045417305915,-16.73695779830054,35.73043276122218,
2030-07-07 00:00:00,13.074962647160403,-13.907936881068206,40.35996033089684,
2030-07-14 00:00:00,16.613003676951344,-10.794938313464588,43.80432611309574,
2030-07-21 00:00:00,17.283292107685444,-10.396382985708286,46.00056813191203,
2030-07-28 00:00:00,14.006430673321209,-12.289920462426718,41.96169407868988,
2030-08-04 00:00:00,8.535000286694762,-16.557997329579774,36.42731033751932,
2030-08-11 00:00:00,4.284538330321686,-22.2140468351451,29.681365833933416,
2030-08-18 00:00:00,3.4723777080176106,-22.311677949708372,29.362600757014246,
2030-08-25 00:00:00,5.415381025428367,-18.814713116305885,31.49897525110206,
2030-09-01 00:00:00,7.577227978989338,-20.22978496709111,35.219131848175934,
2030-09-08 00:00:00,8.059778340378866,-19.70088491267528,36.04934435654577,
2030-09-15 00:00:00,6.967904945916539,-21.7095931173662,34.09757895526319,
2030-09-22 00:00:00,5.640198791095477,-21.495078667166727,31.498401768446293,
2030-09-29 00:00:00,5.061183439041011,-22.808150077162214,32.08285159453695,
2030-10-06 00:00:00,5.22279911195316,-22.537606927497198,31.126826804109143,
2030-10-13 00:00:00,5.674360240389317,-19.817556697244566,31.834617211238857,
2030-10-20 00:00:00,6.158525492415697,-20.97780955348073,32.12242013508725,
2030-10-27 00:00:00,6.587769550782388,-21.01476598281398,35.021764107285435,
2030-11-03 00:00:00,6.791824441287783,-20.273818905079228,35.31179677393246,
2030-11-10 00:00:00,6.690670524024627,-21.298277060617348,34.85100414481229,
2030-11-17 00:00:00,6.640342028457155,-20.346306688888806,32.76911896932275,
2030-11-24 00:00:00,7.177958964242782,-18.148867170444195,34.235671125514614,
2030-12-01 00:00:00,8.195826887935008,-18.557809688857485,35.07639728274717,
2030-12-08 00:00:00,8.624694353828534,-18.602028075124746,36.65265920236534,
2030-12-15 00:00:00,7.357645114226111,-20.05013255654379,35.38970555423775,
2030-12-22 00:00:00,4.578819414356287,-21.102857364848763,33.194159309722195,
2030-12-29 00:00:00,1.8825604060921464,-25.98300289792805,31.19662316172026,
2031-01-05 00:00:00,0.8166334366586199,-27.62385282659223,26.306626315728817,
2031-01-12 00:00:00,1.4041690846264991,-24.906993083403503,28.66848582864649,
2031-01-19 00:00:00,2.3672446180317195,-23.875970940136202,28.240624788846713,
2031-01-26 00:00:00,2.799485136160797,-24.83863569073115,30.265348776508574,
2031-02-02 00:00:00,3.2514616775833947,-24.240823817233515,29.921554756482077,
2031-02-09 00:00:00,4.85821983786964,-22.11390506112576,31.59329950679974,
2031-02-16 00:00:00,7.5479639854021325,-20.101839619438497,35.33432453992672,
2031-02-23 00:00:00,9.595757492537453,-16.93052487742565,35.173966401628135,
2031-03-02 00:00:00,9.255111504425152,-17.425249070352255,36.83630699054661,
2031-03-09 00:00:00,6.700876782089773,-18.358809157519115,32.447008852398284,
2031-03-16 00:00:00,4.0612862943665125,-21.85593609107313,30.68794773243882,
2031-03-23 00:00:00,3.4654684447777715,-23.279994505448062,29.925649563517133,
2031-03-30 00:00:00,5.219914351033953,-21.228052612660054,31.3744393747464,
2031-04-06 00:00:00,7.914211112248012,-19.285080544695777,35.6257329344829,
2031-04-13 00:00:00,9.978405501675137,-16.598636353919712,37.06066927897669,
2031-04-20 00:00:00,10.784799083360255,-13.572678814539227,36.842701560459666,
2031-04-27 00:00:00,10.361274047528514,-17.193166883430262,37.26939071089674,
2031-05-04 00:00:00,8.661332761105177,-18.5281631200771,34.68487300232746,
2031-05-11 00:00:00,5.65962125719361,-21.00097760094462,33.05198347955978,
2031-05-18 00:00:00,2.0732811402232016,-26.434640752335614,28.251619859517987,
2031-05-25 00:00:00,0.0,-28.529352329291076,27.250897647999167,
2031-06-01 00:00:00,0.0,-27.504712066769553,25.919224690537877,
2031-06-08 00:00:00,0.18966944208790437,-27.109505746976406,27.577623410576564,
2031-06-15 00:00:00,2.3525311752264955,-24.184154482936176,28.366313007992474,
2031-06-22 00:00:00,4.660713300911471,-20.980017832220238,32.7336094307406,
2031-06-29 00:00:00,7.548196886065572,-18.143396360247873,35.298348079929056,
2031-07-06 00:00:00,11.435032844452904,-15.294326028339878,38.67617353846434,
2031-07-13 00:00:00,15.22985232865544,-11.297854587615241,42.91378695025699,
2031-07-20 00:00:00,16.561682097294486,-10.638739107434485,43.101816329519906,
2031-07-27 00:00:00,13.943969830202299,-13.034500658769968,40.79316534863792,
2031-08-03 00:00:00,8.62689907262957,-18.740643571358124,35.26963570641617,
2031-08-10 00:00:00,3.924655429418138,-23.68219220807696,30.791753273784,
2031-08-17 00:00:00,2.463160910425284,-25.002797670464805,27.223772317542277,
2031-08-24 00:00:00,4.07840786833304,-24.0180959943638,32.252803880470765,
2031-08-31 00:00:00,6.38906647440392,-19.69332269006649,33.43825464858226,
2031-09-07 00:00:00,7.222331352267711,-18.80565651420257,33.22087140658538,
2031-09-14 00:00:00,6.327060298622669,-19.5588536789359,33.22360145979788,
2031-09-21 00:00:00,4.942148779709335,-23.24002081300014,31.814814020329067,
2031-09-28 00:00:00,4.204063582641442,-20.654258414013345,32.18712499843868,
2031-10-05 00:00:00,4.265027956237692,-24.770711283588465,29.192956700951562,
2031-10-12 00:00:00,4.69283086639847,-23.65016567577121,30.902400802378814,
2031-10-19 00:00:00,5.1780655011430206,-21.075319158663145,31.659892757945485,
2031-10-26 00:00:00,5.626349790795993,-20.76157851487252,33.38394497696619,
2031-11-02 00:00:00,5.884855756466283,-23.58600006861943,32.8519219941364,
2031-11-09 00:00:00,5.826325854269486,-21.27717228920513,32.151633162437065,
2031-11-16 00:00:00,5.72305731658701,-20.946326464877966,32.95400473240813,
2031-11-23 00:00:00,6.134439282187161,-20.66903062208304,32.86750174928902,
2031-11-30 00:00:00,7.122445999959046,-19.855001612857077,32.80797066226121,
2031-12-07 00:00:00,7.756260297805591,-19.83290179045952,32.609087686802226,
2031-12-14 00:00:00,6.827830095139175,-19.935057389682857,33.07568356269179,
2031-12-21 00:00:00,4.230266849751343,-24.10303019581735,32.83489251728362,
2031-12-28 00:00:00,1.3791257797237542,-25.866354440828385,28.943927259803896,
2032-01-04 00:00:00,0.0,-26.798649678383843,27.747412243597864,
2032-01-11 00:00:00,0.3337331447266827,-26.217264420488203,25.588071843827354,
2032-01-18 00:00:00,1.3307019934379376,-25.83685557530836,28.818645902900297,
2032-01-25 00:00:00,1.859395516015553,-25.84135949933928,28.356912083879926,
2032-02-01 00:00:00,2.216982703636269,-26.832686456982554,29.49665003039376,
2032-02-08 00:00:00,3.5691830956485706,-23.6632040373991,28.566780077327486,
2032-02-15 00:00:00,6.156146449586879,-20.457512831962593,32.76434612206225,
2032-02-22 00:00:00,8.477049970657403,-16.289279249321343,37.90974840301695,
2032-02-29 00:00:00,8.620592243900397,-18.895448398552563,36.275164428401524,
2032-03-07 00:00:00,6.343479634423474,-20.292713293246923,33.16319513439451,
2032-03-14 00:00:00,3.531344666031506,-25.87993270342304,29.458488727045527,
2032-03-21 00:00:00,2.484099718760554,-23.89841336120293,30.04571737507059,
2032-03-28 00:00:00,3.889736305744467,-21.539415012696633,29.21033838120414,
2032-04-04 00:00:00,6.548795174558588,-20.095583064756095,35.799406773458585,
2032-04-11 00:00:00,8.802239546411947,-19.86898960093043,35.06657296097775,
2032-04-18 00:00:00,9.838612360213602,-16.11718740483398,34.51453332612171,
2032-04-25 00:00:00,9.630736022409907,-19.032831382945727,36.79128630868256,
2032-05-02 00:00:00,8.170270303904413,-17.049267881395348,34.85963932076548,
2032-05-09 00:00:00,5.37766315002945,-21.8165852636079,32.99712598785225,
2032-05-16 00:00:00,1.798778185527624,-26.901552709943477,28.72869906515963,
2032-05-23 00:00:00,0.0,-26.31679392503398,27.048080783354507,
2032-05-30 00:00:00,0.0,-29.42557917905422,27.07910688604511,
2032-06-06 00:00:00,0.0,-27.831837530129416,26.56545211156201,
2032-06-13 00:00:00,1.0570957186401593,-25.519682685419024,27.092178137480737,
2032-06-20 00:00:00,3.3334645720472054,-25.288124464807243,30.618411400480298,
2032-06-27 00:00:00,6.0624148392329715,-19.56828175426705,33.18903042117263,
2032-07-04 00:00:00,9.796289614785474,-18.588330675736042,36.279320907981365,
2032-07-11 00:00:00,13.765781008932269,-11.992933919676627,38.39353714085185,
2032-07-18 00:00:00,15.706047906116286,-10.38623903233248,42.53715259656562,
2032-07-25 00:00:00,13.789257852801368,-14.360508176217945,42.222946494212856,
2032-08-01 00:00:00,8.740444732189816,-17.63343829331954,34.237923426184764,
2032-08-08 00:00:00,3.6763956753645637,-21.949013690988703,28.437137819028912,
2032-08-15 00:00:00,1.5585061508253908,-25.67290678413288,26.328421430653258,
2032-08-22 00:00:00,2.762748259258771,-23.801645803172658,29.66351336433611,
2032-08-29 00:00:00,5.147953781329038,-21.45310984860627,31.08948642892507,
2032-09-05 00:00:00,6.325481335161774,-21.072787728700664,33.12051742172858,
2032-09-12 00:00:00,5.671203855351781,-21.093563337146033,32.43623302998601,
2032-09-19 00:00:00,4.267800128622307,-23.625762143766263,30.09392935001362,
2032-09-26 00:00:00,3.3740217063146805,-22.24669078435699,30.104709863561247,
2032-10-03 00:00:00,3.318341322346839,-24.83477870428383,31.322140557380514,
2032-10-10 00:00:00,3.7124223784813797,-23.640274365169983,30.82671433632096,
2032-10-17 00:00:00,4.196760548965093,-23.920229827564892,30.74275660259884,
2032-10-24 00:00:00,4.658966368381856,-22.8295184393431,32.87077555078271,
2032-10-31 00:00:00,4.966542323170325,-21.29119972124536,32.250115285616644,
2032-11-07 00:00:00,4.9595016976200785,-22.606176069371823,31.63085902183544,
2032-11-14 00:00:00,4.823559903699817,-21.607994780373485,31.0774806667784,
2032-11-21 00:00:00,5.112376427645447,-21.45440611715534,31.90080088465568,
2032-11-28 00:00:00,6.038788840293812,-19.901221454970933,35.89969927624784,
2032-12-05 00:00:00,6.834790788023847,-20.787838169854734,33.40626176082327,
2032-12-12 00:00:00,6.240166474389893,-19.60984244691893,36.582545142062,
2032-12-19 00:00:00,3.8727390077726884,-21.99058984394335,31.217038503149716,
2032-12-26 00:00:00,0.925691881712897,-27.319396793056672,28.72537708965723,
2033-01-02 00:00:00,0.0,-27.469601497304975,26.817589968412527,
2033-01-09 00:00:00,0.0,-26.634470396814113,25.699646435426587,
2033-01-16 00:00:00,0.27483902937316174,-26.489872806917926,27.87589622235077,
2033-01-23 00:00:00,0.9110685742761255,-27.667452408949234,27.02894120308144,
2033-01-30 00:00:00,1.2170079753117484,-26.08762282941782,28.490873643051497,
2033-02-06 00:00:00,2.3249078920037682,-23.566125779386294,32.069208772930075,
2033-02-13 00:00:00,4.7572229724401485,-22.33688477059999,33.03310908506445,
2033-02-20 00:00:00,7.283943909535729,-21.103797858257106,33.89352960409632,
2033-02-27 00:00:00,7.902498852828659,-19.19322545345918,34.82933026479353,
2033-03-06 00:00:00,5.96783856660017,-21.617819788844,32.338541498879,
2033-03-13 00:00:00,3.0625726066562198,-25.032497354282402,29.07743752563527,
2033-03-20 00:00:00,1.5865052905212416,-25.86898264694189,26.52928565705462,
2033-03-27 00:00:00,2.6006235442711976,-21.17560504782598,30.391932994045902,
2033-04-03 00:00:00,5.167660894689554,-21.6827986518726,32.96293128923151,
2033-04-10 00:00:00,7.584959212882584,-18.9275885945512,33.40572967033152,
2033-04-17 00:00:00,8.853024503850301,-16.133055163161035,37.9048678480566,
2033-04-24 00:00:00,8.860805303695576,-17.32488565411359,36.58438913320663,
2033-05-01 00:00:00,7.634930831688036,-17.749960504876245,35.152808915408826,
2033-05-08 00:00:00,5.067863772863291,-23.67906712541917,30.691341995501773,
2033-05-15 00:00:00,1.5444445220296679,-26.561275245873002,27.752213199629026,
2033-05-22 00:00:00,0.0,-26.854486503093224,24.60372760961115,
2033-05-29 00:00:00,0.0,-31.896373688208367,24.021612761092737,
2033-06-05 00:00:00,0.0,-28.764000802042705,24.847991659634665,
2033-06-12 00:00:00,0.0,-27.77286307899728,28.936846578996203,
2033-06-19 00:00:00,2.019584644805974,-26.42862292496562,28.254588096885662,
2033-06-26 00:00:00,4.612665035778326,-21.959004956636985,31.489759335186456,
2033-07-03 00:00:00,8.169805708971692,-18.504456426108415,33.06536844796638,
2033-07-10 00:00:00,12.235980348136891,-14.624151229945188,38.893566225245834,
2033-07-17 00:00:00,14.719917611610617,-12.625467177380955,41.27499893029902,
2033-07-24 00:00:00,13.527527958117256,-14.866676640158968,40.98621506281653,
2033-07-31 00:00:00,8.853953254705898,-18.793989230419687,36.08775400597693,
2033-08-07 00:00:00,3.529768206313257,-22.118089278224193,32.457663649693714,
2033-08-14 00:00:00,0.7671574286192211,-26.724220500625837,28.42990450081542,
2033-08-21 00:00:00,1.4852466684125005,-25.00279672172398,27.70103595289776,
2033-08-28 00:00:00,3.8629198225667487,-22.41012563939451,31.29081191936882,
2033-09-04 00:00:00,5.365242003460311,-21.40274703512289,34.05617074269361,
2033-09-11 00:00:00,4.99122708334335,-22.397423257470617,31.57870133716824,
2033-09-18 00:00:00,3.6126628930484266,-22.84766073986908,29.40917601527812,
2033-09-25 00:00:00,2.572743312225274,-23.89977280778915,29.861158110170024,
2033-10-02 00:00:00,2.385659322989131,-22.592287914122007,30.84790673143695,
2033-10-09 00:00:00,2.7340408190834253,-23.8274635370682,29.32214823306235,
2033-10-16 00:00:00,3.2149390150076123,-22.455817135362313,30.736638099743402,
2033-10-23 00:00:00,3.686918062316824,-24.402992198456555,30.866025350990746,
2033-10-30 00:00:00,4.037163871907492,-24.419763048563123,30.228007258200762,
2033-11-06 00:00:00,4.087284451293463,-24.403592755167768,30.45583006639838,
2033-11-13 00:00:00,3.9384839326039494,-22.907792762068308,29.661221262343908,
2033-11-20 00:00:00,4.113643510729927,-23.998659300264027,30.264345396785725,
2033-11-27 00:00:00,4.952634941513008,-19.46821833729759,32.8265385082943,
2033-12-04 00:00:00,5.866455408936927,-20.96011522856136,32.79223461290978,
2033-12-11 00:00:00,5.591207730492457,-20.990658053678413,33.28391048275805,
2033-12-18 00:00:00,3.4948987227005546,-22.78670272497293,32.12812237316518,
2033-12-25 00:00:00,0.5139500273257482,-26.936411142869677,26.997295525612373,
2034-01-01 00:00:00,0.0,-30.83947422021195,25.538844629336435,
2034-01-08 00:00:00,0.0,-27.49586402600647,24.675546020630275,
2034-01-15 00:00:00,0.0,-26.66288719391029,26.54895100965698,
2034-01-22 00:00:00,0.0,-27.822422355852975,25.79922196615461,
2034-01-29 00:00:00,0.244409489504001,-26.37353789517235,27.264406567394374,
2034-02-05 00:00:00,1.1282714285314057,-24.513710412257087,30.71777295386442,
2034-02-12 00:00:00,3.363789128301038,-24.359720718934025,30.514689933430397,
2034-02-19 00:00:00,6.025972875760409,-21.255549566537045,34.12166265645436,
2034-02-26 00:00:00,7.096304975345124,-19.57487239248763,34.70623849534654,
2034-03-05 00:00:00,5.558843977448976,-22.545468736385796,31.770786660291222,
2034-03-12 00:00:00,2.643458636592328,-25.18088736661218,28.837708416941688,
2034-03-19 00:00:00,0.7742439248442139,-24.997264637642846,28.289596699889348,
2034-03-26 00:00:00,1.3630651259418087,-27.896110684151086,26.335562379802305,
2034-04-02 00:00:00,3.7793718179471174,-22.146601801756464,28.003498495051296,
2034-04-09 00:00:00,6.3283541638562575,-21.76063495492726,33.20672144991552,
2034-04-16 00:00:00,7.827132258533867,-22.185681789936,35.469733758288356,
2034-04-23 00:00:00,8.0522982863264,-18.846767209986123,35.734222396407276,
2034-04-30 00:00:00,7.055478782118703,-19.99045979385821,37.00636691053303,
2034-05-07 00:00:00,4.7246956344771505,-21.25966431661489,31.40147520312651,
2034-05-14 00:00:00,1.3003989458087304,-25.96787426093152,30.226643443605816,
2034-05-21 00:00:00,0.0,-32.21003325802532,22.309512122477248,
2034-05-28 00:00:00,0.0,-32.61117410349058,21.78253821617701,
2034-06-04 00:00:00,0.0,-29.318523893251882,24.113204692884693,
2034-06-11 00:00:00,0.0,-27.73033863495741,23.810449422972432,
2034-06-18 00:00:00,0.7145793434828533,-28.372779000266856,27.444733839982582,
2034-06-25 00:00:00,3.196873020940055,-23.055640537834744,28.6680651269197,
2034-07-02 00:00:00,6.5646920665617365,-19.134364367771123,34.55180005239227,
2034-07-09 00:00:00,10.656034244466994,-16.52190769257447,35.8988041499068,
2034-07-16 00:00:00,13.609873155036807,-12.612607766757627,42.2854775023907,
2034-07-23 00:00:00,13.146931223257724,-14.13469362256718,40.39451085216251,
2034-07-30 00:00:00,8.945558618495982,-17.472831365653615,37.16361119570213,
2034-08-06 00:00:00,3.471646477041224,-23.134187287072674,30.62791228824154,
2034-08-13 00:00:00,0.09486145313912431,-27.171158205295303,26.59305448410386,
2034-08-20 00:00:00,0.26256413537996437,-26.468463142250453,26.03773400034941,
2034-08-27 00:00:00,2.5452162446461912,-24.51503509247269,27.03113259050945,
2034-09-03 00:00:00,4.339648805817028,-22.31304549556121,29.393322128790984,
2034-09-10 00:00:00,4.278090722451701,-23.88878217798985,32.46599102997583,
2034-09-17 00:00:00,2.971022523700194,-22.898271414919645,30.927502640840643,
2034-09-24 00:00:00,1.8010908667772831,-25.13916757357251,28.75770168322142,
2034-10-01 00:00:00,1.470061969363698,-25.487094290020426,28.287163706406673,
2034-10-08 00:00:00,1.7589495641628758,-25.831999141520352,27.569419490899655,
2034-10-15 00:00:00,2.2328403401209194,-23.38746497725828,28.49603892585576,
2034-10-22 00:00:00,2.711378627106523,-24.100662814020115,30.891729987545332,
2034-10-29 00:00:00,3.0974217345632784,-23.708056019283607,30.661396375089865,
2034-11-05 00:00:00,3.207300593995763,-23.99684510787908,30.060063215611954,
2034-11-12 00:00:00,3.0641180733153988,-24.693109832146636,27.750131856610302,
2034-11-19 00:00:00,3.138883289663596,-23.8472448865521,31.2562787674266,
2034-11-26 00:00:00,3.8710684489151053,-22.17961769476374,30.836618684692493,
2034-12-03 00:00:00,4.858444798991135,-22.62506679653333,30.128534257459535,
2034-12-10 00:00:00,4.879458287475668,-21.431605379408868,32.009078937879536,
2034-12-17 00:00:00,3.086163044466428,-25.658269639624155,30.308653937986126,
2034-12-24 00:00:00,0.13419227728622474,-25.90258180059978,25.695077498009223,
2034-12-31 00:00:00,0.0,-29.25934252466578,25.619095196828177,
2035-01-07 00:00:00,0.0,-30.026509285205112,24.288934067910972,
2035-01-14 00:00:00,0.0,-28.242031724287205,25.092547290463376,
2035-01-21 00:00:00,0.0,-28.255783596087202,26.04516989412683,
2035-01-28 00:00:00,0.0,-28.231615030093312,26.179535914275334,
2035-02-04 00:00:00,0.0,-26.068452703208717,26.374080724439743,
2035-02-11 00:00:00,1.9874135083356386,-22.943370454783715,31.919531286651726,
2035-02-18 00:00:00,4.714308336041441,-23.342376517109503,31.440071933798265,
2035-02-25 00:00:00,6.2002166666150345,-21.022127698948164,32.27033163758123,
2035-03-04 00:00:00,5.1023642148915815,-20.853072631087596,30.411742301983253,
2035-03-11 00:00:00,2.260815722853387,-23.061475676137473,30.02158497186584,
2035-03-18 00:00:00,0.04645746429090636,-28.14170241447221,26.81605501245899,
2035-03-25 00:00:00,0.18674060777282975,-27.278773533595743,26.883998329675986,
2035-04-01 00:00:00,2.3934876611910525,-25.621762252109168,27.596773227731532,
2035-04-08 00:00:00,5.035309960492608,-20.674217855759164,31.65737274752758,
2035-04-15 00:00:00,6.760054573164261,-19.377670721896347,32.0429171390432,
2035-04-22 00:00:00,7.205688969691083,-19.505743831064617,33.19979536488917,
2035-04-29 00:00:00,6.43261736301606,-21.194733244198165,33.75224290662564,
2035-05-06 00:00:00,4.343817239164061,-22.277863175870717,31.715423436829802,
2035-05-13 00:00:00,1.0570377774981274,-25.729488201406202,28.640541826287794,
2035-05-20 00:00:00,0.0,-29.847269680442732,23.330684566117743,
2035-05-27 00:00:00,0.0,-30.489236050514616,23.815696260882802,
2035-06-03 00:00:00,0.0,-33.15032644381613,21.28202821941721,
2035-06-10 00:00:00,0.0,-28.467294423880777,25.48426100133745,
2035-06-17 00:00:00,0.0,-27.03060278930531,26.30764489999797,
2035-06-24 00:00:00,1.8116526291865185,-25.271013907560548,28.48462561086975,
2035-07-01 00:00:00,4.987940035271322,-19.939153114831488,31.92158197083539,
2035-07-08 00:00:00,9.041375095378514,-19.428774591123055,35.06493137944018,
2035-07-15 00:00:00,12.385213256047624,-15.289217887102392,38.056374687956456,
2035-07-22 00:00:00,12.638827468133975,-14.962465962501387,38.69608685681919,
2035-07-29 00:00:00,8.99386851919217,-19.512849014230834,35.966569217654985,
2035-08-05 00:00:00,3.48611978369291,-21.017768561477265,30.464680835866055,
2035-08-12 00:00:00,0.0,-28.603656345327234,26.2124498615953,
2035-08-19 00:00:00,0.0,-27.399285793083035,26.95774091238668,
2035-08-26 00:00:00,1.2080521349463709,-25.466006760147952,27.198500962330318,
2035-09-02 00:00:00,3.248985527315245,-25.082127531147474,30.096554011942526,
2035-09-09 00:00:00,3.523191046021104,-23.315633488407936,29.902750337789,
2035-09-16 00:00:00,2.3360434538546926,-24.097199525179622,28.724058632766322,
2035-09-23 00:00:00,1.0589391614804384,-26.496378204465305,28.074674165151976,
2035-09-30 00:00:00,0.5746470103784098,-26.140940928506826,26.9961332303914,
2035-10-07 00:00:00,0.7888073683606329,-26.305394981767403,27.218905657947538,
2035-10-14 00:00:00,1.250692513518711,-25.327869509395303,29.854152024038278,
2035-10-21 00:00:00,1.7333448569565029,-23.22931463396557,29.508223557441383,
2035-10-28 00:00:00,2.1483374371615156,-23.969109711395458,30.031669467748365,
2035-11-04 00:00:00,2.31777239564121,-24.807716159686503,29.521942452500173,
2035-11-11 00:00:00,2.1966107795022687,-23.837883808726975,28.725793609082743,
2035-11-18 00:00:00,2.187590741492837,-25.027255792790708,27.614463188600887,
2035-11-25 00:00:00,2.800258353941576,-24.713173761163244,28.058272567509,
2035-12-02 00:00:00,3.8186564163164647,-23.351407645686347,31.954855757678377,
2035-12-09 00:00:00,4.105353841569611,-21.746300883308304,32.193140879289764,
2035-12-16 00:00:00,2.637053957616015,-25.094148056722045,30.115082791967104,
2035-12-23 00:00:00,0.0,-27.268753306251032,27.213486890452188,
2035-12-30 00:00:00,0.0,-28.99382831073569,24.137624625289774,
2036-01-06 00:00:00,0.0,-30.65020420063431,24.170510800694398,
2036-01-13 00:00:00,0.0,-28.34473359319765,23.701380316848045,
2036-01-20 00:00:00,0.0,-26.56184487195554,25.672237296094664,
2036-01-27 00:00:00,0.0,-29.29610472170226,24.80257372574064,
2036-02-03 00:00:00,0.0,-26.296459962234433,23.436118617857762,
2036-02-10 00:00:00,0.6382388458078374,-25.51711011923903,28.052008166455046,
2036-02-17 00:00:00,3.361314482492112,-21.997673550106693,32.195388899843124,
2036-02-24 00:00:00,5.215194261067657,-22.60202983614464,31.33083733505682,
2036-03-02 00:00:00,4.585713938786794,-20.01089694594864,33.03346645497379,
2036-03-09 00:00:00,1.9001784926885072,-26.90340167985369,28.660892225168382,
2036-03-16 00:00:00,0.0,-28.861839129114646,26.03726703380506,
2036-03-23 00:00:00,0.0,-28.344848629598832,27.11481765449214,
2036-03-30 00:00:00,1.0203394767879708,-24.45136452089186,27.81319790305433,
2036-04-06 00:00:00,3.7099244492463335,-23.037792204186484,31.504482591650376,
2036-04-13 00:00:00,5.6511228067758665,-21.162925814907968,32.82779999411616,
2036-04-20 00:00:00,6.321066108455545,-18.63571330402669,32.89939927177896,
2036-04-27 00:00:00,5.767390740120446,-20.884206307731173,31.792719209747013,
2036-05-04 00:00:00,3.922056879452125,-23.77524853746439,29.498180141605097,
2036-05-11 00:00:00,0.805303729749042,-26.31260977625978,25.753255355434113,
2036-05-18 00:00:00,0.0,-29.337135732960103,23.416441355328764,
2036-05-25 00:00:00,0.0,-32.857362149956316,22.857202424615828,
2036-06-01 00:00:00,0.0,-32.53861484492367,19.856480045217552,
2036-06-08 00:00:00,0.0,-32.054555366373435,21.216505672234987,
2036-06-15 00:00:00,0.0,-29.266035172753863,24.884747247017366,
2036-06-22 00:00:00,0.4526707970131554,-24.625417312371848,28.584447968953988,
2036-06-29 00:00:00,3.4443624694183903,-22.95392858683346,31.00931809765465,
2036-07-06 00:00:00,7.406772142509867,-19.37852642412305,34.71947289597564,
2036-07-13 00:00:00,11.057533172607393,-15.354826411542657,38.94447208753692,
2036-07-20 00:00:00,11.997962353480867,-14.54841650261562,38.68043769965772,
2036-07-27 00:00:00,8.97860167685654,-18.606813129474947,37.15010480201272,
2036-08-03 00:00:00,3.554942093338621,-23.545720464846678,29.495574823935755,
2036-08-10 00:00:00,0.0,-28.635483486547447,26.057628406595445,
2036-08-17 00:00:00,0.0,-27.624309419223533,26.44642902633047,
2036-08-24 00:00:00,0.0,-28.76553117978651,26.481363351234684,
2036-08-31 00:00:00,2.0959376952958024,-23.743772748625748,28.3624442137548,
2036-09-07 00:00:00,2.7187374155824706,-23.868883033637868,28.53191311452163,
2036-09-14 00:00:00,1.699933611673373,-25.543422602132896,30.371834251519296,
2036-09-21 00:00:00,0.34504040080734555,-26.391411024013276,27.31443253927712,
2036-09-28 00:00:00,0.0,-26.878754019972458,25.875796687198562,
2036-10-05 00:00:00,0.0,-25.927866529535923,26.511637131725593,
2036-10-12 00:00:00,0.26879930403595154,-26.956604510163157,26.14855664449939,
2036-10-19 00:00:00,0.7536100779680979,-22.721260109850586,29.134846228616933,
2036-10-26 00:00:00,1.1911440107885056,-24.884852686638606,28.260489311438217,
2036-11-02 00:00:00,1.4175364662927414,-25.632410243710684,27.708614293606978,
2036-11-09 00:00:00,1.3321642767611195,-25.009354632629336,29.179955362060305,
2036-11-16 00:00:00,1.2582393460778007,-28.195008638993688,25.816008371680095,
2036-11-23 00:00:00,1.7452891664414345,-24.894098905885816,28.881705382253358,
2036-11-30 00:00:00,2.7553673808740413,-24.116536728460215,29.675120737611945,
2036-12-07 00:00:00,3.2711689988560444,-22.906039472999996,30.219733395609737,
2036-12-14 00:00:00,2.13950083793085,-24.48562567323238,28.12654547002908,
2036-12-21 00:00:00,0.0,-26.026798868551435,26.96225333560452,
2036-12-28 00:00:00,0.0,-29.102488079554245,21.324383919469142,
2037-01-04 00:00:00,0.0,-32.477546540553035,22.396349468788184,
2037-01-11 00:00:00,0.0,-29.820707178111032,21.8682760648304,
MAE,15.334084429333172,,,
RMSE,20.990131883094698,,,
